Time,header.seq,header.stamp.secs,header.stamp.nsecs,header.frame_id,level,name,msg,file,function,line,topics
1681490238.6547232,56583,1681490238,642108678,,2,/imu_driver,Current time 1681490238 640243053,driver.py,driver,56,"['/imu', '/rosout']"
1681490238.6752148,56584,1681490238,674623489,,2,/imu_driver,Current time 1681490238 665304899,driver.py,driver,56,"['/imu', '/rosout']"
1681490238.6915836,56585,1681490238,691231250,,2,/imu_driver,Current time 1681490238 690183877,driver.py,driver,56,"['/imu', '/rosout']"
1681490238.7171571,56586,1681490238,716785669,,2,/imu_driver,Current time 1681490238 715502023,driver.py,driver,56,"['/imu', '/rosout']"
1681490238.7424262,56587,1681490238,741700887,,2,/imu_driver,Current time 1681490238 740278482,driver.py,driver,56,"['/imu', '/rosout']"
1681490238.7668867,56588,1681490238,766498565,,2,/imu_driver,Current time 1681490238 765251874,driver.py,driver,56,"['/imu', '/rosout']"
1681490238.7916813,56589,1681490238,791155099,,2,/imu_driver,Current time 1681490238 790222406,driver.py,driver,56,"['/imu', '/rosout']"
1681490238.816935,56590,1681490238,816207170,,2,/imu_driver,Current time 1681490238 815127611,driver.py,driver,56,"['/imu', '/rosout']"
1681490238.841741,56591,1681490238,841173410,,2,/imu_driver,Current time 1681490238 840162754,driver.py,driver,56,"['/imu', '/rosout']"
1681490238.8668149,56592,1681490238,866184949,,2,/imu_driver,Current time 1681490238 865060091,driver.py,driver,56,"['/imu', '/rosout']"
1681490238.8919587,56593,1681490238,891324758,,2,/imu_driver,Current time 1681490238 890016078,driver.py,driver,56,"['/imu', '/rosout']"
1681490238.9168305,56594,1681490238,915974855,,2,/imu_driver,Current time 1681490238 914988040,driver.py,driver,56,"['/imu', '/rosout']"
1681490238.9415975,56595,1681490238,941042661,,2,/imu_driver,Current time 1681490238 940034866,driver.py,driver,56,"['/imu', '/rosout']"
1681490238.9665744,56596,1681490238,966050386,,2,/imu_driver,Current time 1681490238 965079069,driver.py,driver,56,"['/imu', '/rosout']"
1681490238.992052,56597,1681490238,991453409,,2,/imu_driver,Current time 1681490238 990020751,driver.py,driver,56,"['/imu', '/rosout']"
1681490239.0171182,56598,1681490239,16485214,,2,/imu_driver,Current time 1681490239 15227079,driver.py,driver,56,"['/imu', '/rosout']"
1681490239.0414,56599,1681490239,41077136,,2,/imu_driver,Current time 1681490239 40084838,driver.py,driver,56,"['/imu', '/rosout']"
1681490239.066559,56600,1681490239,66027879,,2,/imu_driver,Current time 1681490239 64971446,driver.py,driver,56,"['/imu', '/rosout']"
1681490239.091147,56601,1681490239,90837478,,2,/imu_driver,Current time 1681490239 89823722,driver.py,driver,56,"['/imu', '/rosout']"
1681490239.1166117,56602,1681490239,116054058,,2,/imu_driver,Current time 1681490239 114954948,driver.py,driver,56,"['/imu', '/rosout']"
1681490239.14669,56603,1681490239,144847393,,2,/imu_driver,Current time 1681490239 140576362,driver.py,driver,56,"['/imu', '/rosout']"
1681490239.172053,56604,1681490239,168679475,,2,/imu_driver,Current time 1681490239 165788173,driver.py,driver,56,"['/imu', '/rosout']"
1681490239.190818,56605,1681490239,190647602,,2,/imu_driver,Current time 1681490239 189669609,driver.py,driver,56,"['/imu', '/rosout']"
1681490239.21602,56606,1681490239,215846061,,2,/imu_driver,Current time 1681490239 214770317,driver.py,driver,56,"['/imu', '/rosout']"
1681490239.2414153,56607,1681490239,241147279,,2,/imu_driver,Current time 1681490239 239695787,driver.py,driver,56,"['/imu', '/rosout']"
1681490239.2666967,56608,1681490239,266006946,,2,/imu_driver,Current time 1681490239 264882087,driver.py,driver,56,"['/imu', '/rosout']"
1681490239.2910776,56609,1681490239,290638923,,2,/imu_driver,Current time 1681490239 289653778,driver.py,driver,56,"['/imu', '/rosout']"
1681490239.3160694,56610,1681490239,315879583,,2,/imu_driver,Current time 1681490239 314761877,driver.py,driver,56,"['/imu', '/rosout']"
1681490239.3420339,56611,1681490239,341822862,,2,/imu_driver,Current time 1681490239 340678930,driver.py,driver,56,"['/imu', '/rosout']"
1681490239.3670588,56612,1681490239,366699934,,2,/imu_driver,Current time 1681490239 365656614,driver.py,driver,56,"['/imu', '/rosout']"
1681490239.3922935,56613,1681490239,390809297,,2,/imu_driver,Current time 1681490239 389641046,driver.py,driver,56,"['/imu', '/rosout']"
1681490239.4171753,56614,1681490239,416939020,,2,/imu_driver,Current time 1681490239 415886163,driver.py,driver,56,"['/imu', '/rosout']"
1681490239.4413085,56615,1681490239,440757751,,2,/imu_driver,Current time 1681490239 439763545,driver.py,driver,56,"['/imu', '/rosout']"
1681490239.46707,56616,1681490239,466773986,,2,/imu_driver,Current time 1681490239 465627670,driver.py,driver,56,"['/imu', '/rosout']"
1681490239.4931538,56617,1681490239,492815256,,2,/imu_driver,Current time 1681490239 491436958,driver.py,driver,56,"['/imu', '/rosout']"
1681490239.517112,56618,1681490239,516566038,,2,/imu_driver,Current time 1681490239 515493392,driver.py,driver,56,"['/imu', '/rosout']"
1681490239.5417352,56619,1681490239,541516065,,2,/imu_driver,Current time 1681490239 540564537,driver.py,driver,56,"['/imu', '/rosout']"
1681490239.5670073,56620,1681490239,566485166,,2,/imu_driver,Current time 1681490239 565435409,driver.py,driver,56,"['/imu', '/rosout']"
1681490239.592578,56621,1681490239,592196702,,2,/imu_driver,Current time 1681490239 590868473,driver.py,driver,56,"['/imu', '/rosout']"
1681490239.6168365,56622,1681490239,616677284,,2,/imu_driver,Current time 1681490239 615525007,driver.py,driver,56,"['/imu', '/rosout']"
1681490239.643925,56623,1681490239,643053054,,2,/imu_driver,Current time 1681490239 640506267,driver.py,driver,56,"['/imu', '/rosout']"
1681490239.6672652,56624,1681490239,666503429,,2,/imu_driver,Current time 1681490239 665465831,driver.py,driver,56,"['/imu', '/rosout']"
1681490239.6917021,56625,1681490239,691496849,,2,/imu_driver,Current time 1681490239 690521240,driver.py,driver,56,"['/imu', '/rosout']"
1681490239.7169838,56626,1681490239,716555356,,2,/imu_driver,Current time 1681490239 715452909,driver.py,driver,56,"['/imu', '/rosout']"
1681490239.7422423,56627,1681490239,741665363,,2,/imu_driver,Current time 1681490239 740453004,driver.py,driver,56,"['/imu', '/rosout']"
1681490239.7669575,56628,1681490239,766623020,,2,/imu_driver,Current time 1681490239 765403985,driver.py,driver,56,"['/imu', '/rosout']"
1681490239.7934093,56629,1681490239,791761875,,2,/imu_driver,Current time 1681490239 790434598,driver.py,driver,56,"['/imu', '/rosout']"
1681490239.8169174,56630,1681490239,816553354,,2,/imu_driver,Current time 1681490239 815387248,driver.py,driver,56,"['/imu', '/rosout']"
1681490239.8420835,56631,1681490239,841526746,,2,/imu_driver,Current time 1681490239 840407371,driver.py,driver,56,"['/imu', '/rosout']"
1681490239.866838,56632,1681490239,866472721,,2,/imu_driver,Current time 1681490239 865199565,driver.py,driver,56,"['/imu', '/rosout']"
1681490239.892041,56633,1681490239,891688108,,2,/imu_driver,Current time 1681490239 890343427,driver.py,driver,56,"['/imu', '/rosout']"
1681490239.9169495,56634,1681490239,916584968,,2,/imu_driver,Current time 1681490239 915298223,driver.py,driver,56,"['/imu', '/rosout']"
1681490239.9416943,56635,1681490239,941351175,,2,/imu_driver,Current time 1681490239 940344572,driver.py,driver,56,"['/imu', '/rosout']"
1681490239.9664624,56636,1681490239,966165065,,2,/imu_driver,Current time 1681490239 965139389,driver.py,driver,56,"['/imu', '/rosout']"
1681490239.991753,56637,1681490239,991413593,,2,/imu_driver,Current time 1681490239 990216255,driver.py,driver,56,"['/imu', '/rosout']"
1681490240.0166004,56638,1681490240,16281366,,2,/imu_driver,Current time 1681490240 15190124,driver.py,driver,56,"['/imu', '/rosout']"
1681490240.0418503,56639,1681490240,41211605,,2,/imu_driver,Current time 1681490240 40252447,driver.py,driver,56,"['/imu', '/rosout']"
1681490240.0665104,56640,1681490240,66181182,,2,/imu_driver,Current time 1681490240 65078735,driver.py,driver,56,"['/imu', '/rosout']"
1681490240.0914414,56641,1681490240,91192245,,2,/imu_driver,Current time 1681490240 90261936,driver.py,driver,56,"['/imu', '/rosout']"
1681490240.1166399,56642,1681490240,116198062,,2,/imu_driver,Current time 1681490240 115200996,driver.py,driver,56,"['/imu', '/rosout']"
1681490240.144207,56643,1681490240,143609285,,2,/imu_driver,Current time 1681490240 142421960,driver.py,driver,56,"['/imu', '/rosout']"
1681490240.1670177,56644,1681490240,166207313,,2,/imu_driver,Current time 1681490240 165050983,driver.py,driver,56,"['/imu', '/rosout']"
1681490240.191271,56645,1681490240,190986156,,2,/imu_driver,Current time 1681490240 190074920,driver.py,driver,56,"['/imu', '/rosout']"
1681490240.2167587,56646,1681490240,216045141,,2,/imu_driver,Current time 1681490240 215065717,driver.py,driver,56,"['/imu', '/rosout']"
1681490240.2421324,56647,1681490240,241862773,,2,/imu_driver,Current time 1681490240 240669727,driver.py,driver,56,"['/imu', '/rosout']"
1681490240.2663195,56648,1681490240,265935659,,2,/imu_driver,Current time 1681490240 264960289,driver.py,driver,56,"['/imu', '/rosout']"
1681490240.2921395,56649,1681490240,291034698,,2,/imu_driver,Current time 1681490240 289967298,driver.py,driver,56,"['/imu', '/rosout']"
1681490240.3162131,56650,1681490240,316034793,,2,/imu_driver,Current time 1681490240 314960479,driver.py,driver,56,"['/imu', '/rosout']"
1681490240.341195,56651,1681490240,341014862,,2,/imu_driver,Current time 1681490240 339919328,driver.py,driver,56,"['/imu', '/rosout']"
1681490240.3664336,56652,1681490240,365947246,,2,/imu_driver,Current time 1681490240 365000486,driver.py,driver,56,"['/imu', '/rosout']"
1681490240.3915985,56653,1681490240,391172647,,2,/imu_driver,Current time 1681490240 389952659,driver.py,driver,56,"['/imu', '/rosout']"
1681490240.4163992,56654,1681490240,416013717,,2,/imu_driver,Current time 1681490240 414925813,driver.py,driver,56,"['/imu', '/rosout']"
1681490240.4414062,56655,1681490240,441032886,,2,/imu_driver,Current time 1681490240 439884901,driver.py,driver,56,"['/imu', '/rosout']"
1681490240.4666326,56656,1681490240,466102361,,2,/imu_driver,Current time 1681490240 465076446,driver.py,driver,56,"['/imu', '/rosout']"
1681490240.4941092,56657,1681490240,493307828,,2,/imu_driver,Current time 1681490240 491951704,driver.py,driver,56,"['/imu', '/rosout']"
1681490240.5164208,56658,1681490240,515884637,,2,/imu_driver,Current time 1681490240 514823436,driver.py,driver,56,"['/imu', '/rosout']"
1681490240.5420864,56659,1681490240,541085958,,2,/imu_driver,Current time 1681490240 540046453,driver.py,driver,56,"['/imu', '/rosout']"
1681490240.5662956,56660,1681490240,565843105,,2,/imu_driver,Current time 1681490240 564867734,driver.py,driver,56,"['/imu', '/rosout']"
1681490240.5912368,56661,1681490240,591001749,,2,/imu_driver,Current time 1681490240 589976072,driver.py,driver,56,"['/imu', '/rosout']"
1681490240.6175692,56662,1681490240,616923093,,2,/imu_driver,Current time 1681490240 615810155,driver.py,driver,56,"['/imu', '/rosout']"
1681490240.6432378,56663,1681490240,642604589,,2,/imu_driver,Current time 1681490240 641482591,driver.py,driver,56,"['/imu', '/rosout']"
1681490240.6671915,56664,1681490240,666920900,,2,/imu_driver,Current time 1681490240 665838003,driver.py,driver,56,"['/imu', '/rosout']"
1681490240.691046,56665,1681490240,690608024,,2,/imu_driver,Current time 1681490240 689694166,driver.py,driver,56,"['/imu', '/rosout']"
1681490240.716077,56666,1681490240,715807676,,2,/imu_driver,Current time 1681490240 714839458,driver.py,driver,56,"['/imu', '/rosout']"
1681490240.7422538,56667,1681490240,741825819,,2,/imu_driver,Current time 1681490240 740575075,driver.py,driver,56,"['/imu', '/rosout']"
1681490240.7672803,56668,1681490240,766819238,,2,/imu_driver,Current time 1681490240 765840530,driver.py,driver,56,"['/imu', '/rosout']"
1681490240.7915483,56669,1681490240,790910482,,2,/imu_driver,Current time 1681490240 789694070,driver.py,driver,56,"['/imu', '/rosout']"
1681490240.8172762,56670,1681490240,816673994,,2,/imu_driver,Current time 1681490240 815653324,driver.py,driver,56,"['/imu', '/rosout']"
1681490240.8422704,56671,1681490240,841682672,,2,/imu_driver,Current time 1681490240 840704441,driver.py,driver,56,"['/imu', '/rosout']"
1681490240.8668485,56672,1681490240,866612195,,2,/imu_driver,Current time 1681490240 865635156,driver.py,driver,56,"['/imu', '/rosout']"
1681490240.911193,56673,1681490240,894696474,,2,/imu_driver,Current time 1681490240 890470981,driver.py,driver,56,"['/imu', '/rosout']"
1681490240.917891,56674,1681490240,917047500,,2,/imu_driver,Current time 1681490240 915720224,driver.py,driver,56,"['/imu', '/rosout']"
1681490240.942499,56675,1681490240,941755056,,2,/imu_driver,Current time 1681490240 940523147,driver.py,driver,56,"['/imu', '/rosout']"
1681490240.9670506,56676,1681490240,966749668,,2,/imu_driver,Current time 1681490240 965590476,driver.py,driver,56,"['/imu', '/rosout']"
1681490240.9966073,56677,1681490240,992270231,,2,/imu_driver,Current time 1681490240 990580797,driver.py,driver,56,"['/imu', '/rosout']"
1681490241.0170145,56678,1681490241,16666412,,2,/imu_driver,Current time 1681490241 15429019,driver.py,driver,56,"['/imu', '/rosout']"
1681490241.042366,56679,1681490241,41741371,,2,/imu_driver,Current time 1681490241 40364742,driver.py,driver,56,"['/imu', '/rosout']"
1681490241.0669494,56680,1681490241,66657781,,2,/imu_driver,Current time 1681490241 65577745,driver.py,driver,56,"['/imu', '/rosout']"
1681490241.0917277,56681,1681490241,91438055,,2,/imu_driver,Current time 1681490241 90420246,driver.py,driver,56,"['/imu', '/rosout']"
1681490241.1174266,56682,1681490241,116582870,,2,/imu_driver,Current time 1681490241 115435361,driver.py,driver,56,"['/imu', '/rosout']"
1681490241.1427507,56683,1681490241,142501592,,2,/imu_driver,Current time 1681490241 140619277,driver.py,driver,56,"['/imu', '/rosout']"
1681490241.1675646,56684,1681490241,166650772,,2,/imu_driver,Current time 1681490241 165228605,driver.py,driver,56,"['/imu', '/rosout']"
1681490241.191751,56685,1681490241,191379547,,2,/imu_driver,Current time 1681490241 190320014,driver.py,driver,56,"['/imu', '/rosout']"
1681490241.2170327,56686,1681490241,216373682,,2,/imu_driver,Current time 1681490241 215371847,driver.py,driver,56,"['/imu', '/rosout']"
1681490241.243185,56687,1681490241,242420673,,2,/imu_driver,Current time 1681490241 241128921,driver.py,driver,56,"['/imu', '/rosout']"
1681490241.267217,56688,1681490241,266424655,,2,/imu_driver,Current time 1681490241 265230655,driver.py,driver,56,"['/imu', '/rosout']"
1681490241.2923527,56689,1681490241,291400671,,2,/imu_driver,Current time 1681490241 290163993,driver.py,driver,56,"['/imu', '/rosout']"
1681490241.317055,56690,1681490241,316368818,,2,/imu_driver,Current time 1681490241 315384626,driver.py,driver,56,"['/imu', '/rosout']"
1681490241.3416944,56691,1681490241,341199874,,2,/imu_driver,Current time 1681490241 340303182,driver.py,driver,56,"['/imu', '/rosout']"
1681490241.3667831,56692,1681490241,366261720,,2,/imu_driver,Current time 1681490241 365260839,driver.py,driver,56,"['/imu', '/rosout']"
1681490241.3922524,56693,1681490241,391515254,,2,/imu_driver,Current time 1681490241 390245676,driver.py,driver,56,"['/imu', '/rosout']"
1681490241.4168668,56694,1681490241,416255950,,2,/imu_driver,Current time 1681490241 415291070,driver.py,driver,56,"['/imu', '/rosout']"
1681490241.4416404,56695,1681490241,441040277,,2,/imu_driver,Current time 1681490241 440109252,driver.py,driver,56,"['/imu', '/rosout']"
1681490241.4667933,56696,1681490241,466213464,,2,/imu_driver,Current time 1681490241 465242862,driver.py,driver,56,"['/imu', '/rosout']"
1681490241.492347,56697,1681490241,491714715,,2,/imu_driver,Current time 1681490241 490418910,driver.py,driver,56,"['/imu', '/rosout']"
1681490241.5173943,56698,1681490241,516665458,,2,/imu_driver,Current time 1681490241 515275955,driver.py,driver,56,"['/imu', '/rosout']"
1681490241.543731,56699,1681490241,542479276,,2,/imu_driver,Current time 1681490241 540984392,driver.py,driver,56,"['/imu', '/rosout']"
1681490241.5664308,56700,1681490241,565959453,,2,/imu_driver,Current time 1681490241 565060615,driver.py,driver,56,"['/imu', '/rosout']"
1681490241.5914593,56701,1681490241,590950489,,2,/imu_driver,Current time 1681490241 590048074,driver.py,driver,56,"['/imu', '/rosout']"
1681490241.6166232,56702,1681490241,616081476,,2,/imu_driver,Current time 1681490241 615103006,driver.py,driver,56,"['/imu', '/rosout']"
1681490241.6417315,56703,1681490241,641136407,,2,/imu_driver,Current time 1681490241 640010595,driver.py,driver,56,"['/imu', '/rosout']"
1681490241.6661952,56704,1681490241,666034221,,2,/imu_driver,Current time 1681490241 665000200,driver.py,driver,56,"['/imu', '/rosout']"
1681490241.6910262,56705,1681490241,690833091,,2,/imu_driver,Current time 1681490241 689859390,driver.py,driver,56,"['/imu', '/rosout']"
1681490241.7165527,56706,1681490241,715946435,,2,/imu_driver,Current time 1681490241 714968204,driver.py,driver,56,"['/imu', '/rosout']"
1681490241.7415326,56707,1681490241,741048097,,2,/imu_driver,Current time 1681490241 740059375,driver.py,driver,56,"['/imu', '/rosout']"
1681490241.766626,56708,1681490241,766042470,,2,/imu_driver,Current time 1681490241 765007972,driver.py,driver,56,"['/imu', '/rosout']"
1681490241.792643,56709,1681490241,791653871,,2,/imu_driver,Current time 1681490241 790118694,driver.py,driver,56,"['/imu', '/rosout']"
1681490241.8164694,56710,1681490241,815779685,,2,/imu_driver,Current time 1681490241 814885616,driver.py,driver,56,"['/imu', '/rosout']"
1681490241.8412592,56711,1681490241,840873241,,2,/imu_driver,Current time 1681490241 839918375,driver.py,driver,56,"['/imu', '/rosout']"
1681490241.866602,56712,1681490241,865939617,,2,/imu_driver,Current time 1681490241 864834070,driver.py,driver,56,"['/imu', '/rosout']"
1681490241.8916466,56713,1681490241,891310691,,2,/imu_driver,Current time 1681490241 890022039,driver.py,driver,56,"['/imu', '/rosout']"
1681490241.9164004,56714,1681490241,916037082,,2,/imu_driver,Current time 1681490241 914938688,driver.py,driver,56,"['/imu', '/rosout']"
1681490241.9411802,56715,1681490241,940734624,,2,/imu_driver,Current time 1681490241 939785718,driver.py,driver,56,"['/imu', '/rosout']"
1681490241.9663162,56716,1681490241,965994596,,2,/imu_driver,Current time 1681490241 964893341,driver.py,driver,56,"['/imu', '/rosout']"
1681490241.9943113,56717,1681490241,991798162,,2,/imu_driver,Current time 1681490241 990237712,driver.py,driver,56,"['/imu', '/rosout']"
1681490242.0174468,56718,1681490242,16800880,,2,/imu_driver,Current time 1681490242 15712976,driver.py,driver,56,"['/imu', '/rosout']"
1681490242.047857,56719,1681490242,45319795,,2,/imu_driver,Current time 1681490242 39859294,driver.py,driver,56,"['/imu', '/rosout']"
1681490242.069833,56720,1681490242,68202018,,2,/imu_driver,Current time 1681490242 65768957,driver.py,driver,56,"['/imu', '/rosout']"
1681490242.091424,56721,1681490242,90855598,,2,/imu_driver,Current time 1681490242 89732170,driver.py,driver,56,"['/imu', '/rosout']"
1681490242.1173203,56722,1681490242,116996526,,2,/imu_driver,Current time 1681490242 115673303,driver.py,driver,56,"['/imu', '/rosout']"
1681490242.1425335,56723,1681490242,142212152,,2,/imu_driver,Current time 1681490242 140720367,driver.py,driver,56,"['/imu', '/rosout']"
1681490242.1674688,56724,1681490242,167213916,,2,/imu_driver,Current time 1681490242 165973424,driver.py,driver,56,"['/imu', '/rosout']"
1681490242.1921587,56725,1681490242,191515207,,2,/imu_driver,Current time 1681490242 190547466,driver.py,driver,56,"['/imu', '/rosout']"
1681490242.216969,56726,1681490242,216732978,,2,/imu_driver,Current time 1681490242 215587615,driver.py,driver,56,"['/imu', '/rosout']"
1681490242.24194,56727,1681490242,241674184,,2,/imu_driver,Current time 1681490242 240597486,driver.py,driver,56,"['/imu', '/rosout']"
1681490242.26708,56728,1681490242,266792535,,2,/imu_driver,Current time 1681490242 265731334,driver.py,driver,56,"['/imu', '/rosout']"
1681490242.294413,56729,1681490242,294066190,,2,/imu_driver,Current time 1681490242 292785882,driver.py,driver,56,"['/imu', '/rosout']"
1681490242.3168035,56730,1681490242,316642761,,2,/imu_driver,Current time 1681490242 315623283,driver.py,driver,56,"['/imu', '/rosout']"
1681490242.341872,56731,1681490242,341617584,,2,/imu_driver,Current time 1681490242 340598821,driver.py,driver,56,"['/imu', '/rosout']"
1681490242.3671525,56732,1681490242,366619348,,2,/imu_driver,Current time 1681490242 365472316,driver.py,driver,56,"['/imu', '/rosout']"
1681490242.395919,56733,1681490242,395367383,,2,/imu_driver,Current time 1681490242 393948316,driver.py,driver,56,"['/imu', '/rosout']"
1681490242.416574,56734,1681490242,416420936,,2,/imu_driver,Current time 1681490242 415492057,driver.py,driver,56,"['/imu', '/rosout']"
1681490242.441684,56735,1681490242,441370010,,2,/imu_driver,Current time 1681490242 440399885,driver.py,driver,56,"['/imu', '/rosout']"
1681490242.4674563,56736,1681490242,466514587,,2,/imu_driver,Current time 1681490242 465380191,driver.py,driver,56,"['/imu', '/rosout']"
1681490242.4917073,56737,1681490242,491451025,,2,/imu_driver,Current time 1681490242 490394353,driver.py,driver,56,"['/imu', '/rosout']"
1681490242.517624,56738,1681490242,516688108,,2,/imu_driver,Current time 1681490242 515468597,driver.py,driver,56,"['/imu', '/rosout']"
1681490242.54262,56739,1681490242,541767597,,2,/imu_driver,Current time 1681490242 540328264,driver.py,driver,56,"['/imu', '/rosout']"
1681490242.5674498,56740,1681490242,566668033,,2,/imu_driver,Current time 1681490242 565462589,driver.py,driver,56,"['/imu', '/rosout']"
1681490242.592344,56741,1681490242,591436386,,2,/imu_driver,Current time 1681490242 590440750,driver.py,driver,56,"['/imu', '/rosout']"
1681490242.6171665,56742,1681490242,616475105,,2,/imu_driver,Current time 1681490242 615414619,driver.py,driver,56,"['/imu', '/rosout']"
1681490242.6431062,56743,1681490242,642589092,,2,/imu_driver,Current time 1681490242 641202926,driver.py,driver,56,"['/imu', '/rosout']"
1681490242.6667633,56744,1681490242,666378498,,2,/imu_driver,Current time 1681490242 665382385,driver.py,driver,56,"['/imu', '/rosout']"
1681490242.6915839,56745,1681490242,691379547,,2,/imu_driver,Current time 1681490242 690423488,driver.py,driver,56,"['/imu', '/rosout']"
1681490242.7165534,56746,1681490242,716386318,,2,/imu_driver,Current time 1681490242 715324640,driver.py,driver,56,"['/imu', '/rosout']"
1681490242.7417617,56747,1681490242,741547822,,2,/imu_driver,Current time 1681490242 740538358,driver.py,driver,56,"['/imu', '/rosout']"
1681490242.766504,56748,1681490242,766324281,,2,/imu_driver,Current time 1681490242 765345335,driver.py,driver,56,"['/imu', '/rosout']"
1681490242.7920032,56749,1681490242,791748762,,2,/imu_driver,Current time 1681490242 790493726,driver.py,driver,56,"['/imu', '/rosout']"
1681490242.816545,56750,1681490242,816290140,,2,/imu_driver,Current time 1681490242 815180063,driver.py,driver,56,"['/imu', '/rosout']"
1681490242.8414052,56751,1681490242,841241598,,2,/imu_driver,Current time 1681490242 840305805,driver.py,driver,56,"['/imu', '/rosout']"
1681490242.8667676,56752,1681490242,866184234,,2,/imu_driver,Current time 1681490242 865224361,driver.py,driver,56,"['/imu', '/rosout']"
1681490242.894595,56753,1681490242,893968582,,2,/imu_driver,Current time 1681490242 891337394,driver.py,driver,56,"['/imu', '/rosout']"
1681490242.9175422,56754,1681490242,916328907,,2,/imu_driver,Current time 1681490242 915256977,driver.py,driver,56,"['/imu', '/rosout']"
1681490242.9416416,56755,1681490242,941380977,,2,/imu_driver,Current time 1681490242 940304279,driver.py,driver,56,"['/imu', '/rosout']"
1681490242.9668958,56756,1681490242,966196060,,2,/imu_driver,Current time 1681490242 965159654,driver.py,driver,56,"['/imu', '/rosout']"
1681490242.9957676,56757,1681490242,995177268,,2,/imu_driver,Current time 1681490242 993954896,driver.py,driver,56,"['/imu', '/rosout']"
1681490243.017036,56758,1681490243,16217708,,2,/imu_driver,Current time 1681490243 15172243,driver.py,driver,56,"['/imu', '/rosout']"
1681490243.041759,56759,1681490243,41457414,,2,/imu_driver,Current time 1681490243 39994001,driver.py,driver,56,"['/imu', '/rosout']"
1681490243.0670235,56760,1681490243,66050767,,2,/imu_driver,Current time 1681490243 65113067,driver.py,driver,56,"['/imu', '/rosout']"
1681490243.091374,56761,1681490243,90926408,,2,/imu_driver,Current time 1681490243 89874505,driver.py,driver,56,"['/imu', '/rosout']"
1681490243.1177378,56762,1681490243,116620779,,2,/imu_driver,Current time 1681490243 114975690,driver.py,driver,56,"['/imu', '/rosout']"
1681490243.1425416,56763,1681490243,142019748,,2,/imu_driver,Current time 1681490243 140723466,driver.py,driver,56,"['/imu', '/rosout']"
1681490243.1662774,56764,1681490243,166002988,,2,/imu_driver,Current time 1681490243 164925098,driver.py,driver,56,"['/imu', '/rosout']"
1681490243.1914887,56765,1681490243,190943717,,2,/imu_driver,Current time 1681490243 189798355,driver.py,driver,56,"['/imu', '/rosout']"
1681490243.2174208,56766,1681490243,216574192,,2,/imu_driver,Current time 1681490243 214948177,driver.py,driver,56,"['/imu', '/rosout']"
1681490243.246063,56767,1681490243,245465755,,2,/imu_driver,Current time 1681490243 240315675,driver.py,driver,56,"['/imu', '/rosout']"
1681490243.2663763,56768,1681490243,265992641,,2,/imu_driver,Current time 1681490243 264799118,driver.py,driver,56,"['/imu', '/rosout']"
1681490243.2914746,56769,1681490243,291270256,,2,/imu_driver,Current time 1681490243 289948225,driver.py,driver,56,"['/imu', '/rosout']"
1681490243.316033,56770,1681490243,315755367,,2,/imu_driver,Current time 1681490243 314842939,driver.py,driver,56,"['/imu', '/rosout']"
1681490243.3413122,56771,1681490243,341035366,,2,/imu_driver,Current time 1681490243 339877843,driver.py,driver,56,"['/imu', '/rosout']"
1681490243.3660414,56772,1681490243,365751028,,2,/imu_driver,Current time 1681490243 364768266,driver.py,driver,56,"['/imu', '/rosout']"
1681490243.3933897,56773,1681490243,393139123,,2,/imu_driver,Current time 1681490243 391878604,driver.py,driver,56,"['/imu', '/rosout']"
1681490243.4173465,56774,1681490243,417076110,,2,/imu_driver,Current time 1681490243 415738105,driver.py,driver,56,"['/imu', '/rosout']"
1681490243.4454863,56775,1681490243,444750308,,2,/imu_driver,Current time 1681490243 440511941,driver.py,driver,56,"['/imu', '/rosout']"
1681490243.477276,56776,1681490243,476988315,,2,/imu_driver,Current time 1681490243 466488122,driver.py,driver,56,"['/imu', '/rosout']"
1681490243.4922297,56777,1681490243,491215705,,2,/imu_driver,Current time 1681490243 489792108,driver.py,driver,56,"['/imu', '/rosout']"
1681490243.5174322,56778,1681490243,516783952,,2,/imu_driver,Current time 1681490243 515699386,driver.py,driver,56,"['/imu', '/rosout']"
1681490243.542777,56779,1681490243,541877985,,2,/imu_driver,Current time 1681490243 540615081,driver.py,driver,56,"['/imu', '/rosout']"
1681490243.5677888,56780,1681490243,567191600,,2,/imu_driver,Current time 1681490243 566129446,driver.py,driver,56,"['/imu', '/rosout']"
1681490243.5920684,56781,1681490243,591631412,,2,/imu_driver,Current time 1681490243 590690851,driver.py,driver,56,"['/imu', '/rosout']"
1681490243.617203,56782,1681490243,616565465,,2,/imu_driver,Current time 1681490243 615569114,driver.py,driver,56,"['/imu', '/rosout']"
1681490243.6450489,56783,1681490243,644784927,,2,/imu_driver,Current time 1681490243 643599271,driver.py,driver,56,"['/imu', '/rosout']"
1681490243.6668973,56784,1681490243,666660785,,2,/imu_driver,Current time 1681490243 665478229,driver.py,driver,56,"['/imu', '/rosout']"
1681490243.6918674,56785,1681490243,691586494,,2,/imu_driver,Current time 1681490243 690518379,driver.py,driver,56,"['/imu', '/rosout']"
1681490243.7168207,56786,1681490243,716625452,,2,/imu_driver,Current time 1681490243 715447664,driver.py,driver,56,"['/imu', '/rosout']"
1681490243.7421412,56787,1681490243,741889238,,2,/imu_driver,Current time 1681490243 740573406,driver.py,driver,56,"['/imu', '/rosout']"
1681490243.766778,56788,1681490243,766513824,,2,/imu_driver,Current time 1681490243 765415906,driver.py,driver,56,"['/imu', '/rosout']"
1681490243.7926877,56789,1681490243,791502952,,2,/imu_driver,Current time 1681490243 790444850,driver.py,driver,56,"['/imu', '/rosout']"
1681490243.8169992,56790,1681490243,816596508,,2,/imu_driver,Current time 1681490243 815449237,driver.py,driver,56,"['/imu', '/rosout']"
1681490243.8415809,56791,1681490243,841380834,,2,/imu_driver,Current time 1681490243 840450286,driver.py,driver,56,"['/imu', '/rosout']"
1681490243.8666668,56792,1681490243,866453409,,2,/imu_driver,Current time 1681490243 865409135,driver.py,driver,56,"['/imu', '/rosout']"
1681490243.894031,56793,1681490243,893714666,,2,/imu_driver,Current time 1681490243 892611503,driver.py,driver,56,"['/imu', '/rosout']"
1681490243.9169502,56794,1681490243,916429042,,2,/imu_driver,Current time 1681490243 915374040,driver.py,driver,56,"['/imu', '/rosout']"
1681490243.9419627,56795,1681490243,941321134,,2,/imu_driver,Current time 1681490243 940335273,driver.py,driver,56,"['/imu', '/rosout']"
1681490243.9666772,56796,1681490243,966251373,,2,/imu_driver,Current time 1681490243 965283393,driver.py,driver,56,"['/imu', '/rosout']"
1681490243.9924479,56797,1681490243,991676330,,2,/imu_driver,Current time 1681490243 990251541,driver.py,driver,56,"['/imu', '/rosout']"
1681490244.0169332,56798,1681490244,16636371,,2,/imu_driver,Current time 1681490244 15472650,driver.py,driver,56,"['/imu', '/rosout']"
1681490244.0418696,56799,1681490244,41559696,,2,/imu_driver,Current time 1681490244 40217876,driver.py,driver,56,"['/imu', '/rosout']"
1681490244.0666494,56800,1681490244,66187620,,2,/imu_driver,Current time 1681490244 65344095,driver.py,driver,56,"['/imu', '/rosout']"
1681490244.0914128,56801,1681490244,90957403,,2,/imu_driver,Current time 1681490244 90096235,driver.py,driver,56,"['/imu', '/rosout']"
1681490244.1174185,56802,1681490244,116424083,,2,/imu_driver,Current time 1681490244 115204334,driver.py,driver,56,"['/imu', '/rosout']"
1681490244.141552,56803,1681490244,141340970,,2,/imu_driver,Current time 1681490244 140192508,driver.py,driver,56,"['/imu', '/rosout']"
1681490244.1664703,56804,1681490244,166328430,,2,/imu_driver,Current time 1681490244 165310859,driver.py,driver,56,"['/imu', '/rosout']"
1681490244.1912203,56805,1681490244,191084146,,2,/imu_driver,Current time 1681490244 190165281,driver.py,driver,56,"['/imu', '/rosout']"
1681490244.2165532,56806,1681490244,216368198,,2,/imu_driver,Current time 1681490244 215256929,driver.py,driver,56,"['/imu', '/rosout']"
1681490244.2413654,56807,1681490244,241203784,,2,/imu_driver,Current time 1681490244 240212678,driver.py,driver,56,"['/imu', '/rosout']"
1681490244.266363,56808,1681490244,266216278,,2,/imu_driver,Current time 1681490244 265264034,driver.py,driver,56,"['/imu', '/rosout']"
1681490244.2920148,56809,1681490244,291348695,,2,/imu_driver,Current time 1681490244 290052652,driver.py,driver,56,"['/imu', '/rosout']"
1681490244.317264,56810,1681490244,316704988,,2,/imu_driver,Current time 1681490244 315378665,driver.py,driver,56,"['/imu', '/rosout']"
1681490244.3419082,56811,1681490244,341266870,,2,/imu_driver,Current time 1681490244 340049505,driver.py,driver,56,"['/imu', '/rosout']"
1681490244.366642,56812,1681490244,366368532,,2,/imu_driver,Current time 1681490244 365081071,driver.py,driver,56,"['/imu', '/rosout']"
1681490244.392577,56813,1681490244,391703844,,2,/imu_driver,Current time 1681490244 390198230,driver.py,driver,56,"['/imu', '/rosout']"
1681490244.4165547,56814,1681490244,416398763,,2,/imu_driver,Current time 1681490244 415093183,driver.py,driver,56,"['/imu', '/rosout']"
1681490244.441729,56815,1681490244,441538333,,2,/imu_driver,Current time 1681490244 440056085,driver.py,driver,56,"['/imu', '/rosout']"
1681490244.4664862,56816,1681490244,466299533,,2,/imu_driver,Current time 1681490244 465028047,driver.py,driver,56,"['/imu', '/rosout']"
1681490244.4909825,56817,1681490244,490869045,,2,/imu_driver,Current time 1681490244 489911556,driver.py,driver,56,"['/imu', '/rosout']"
1681490244.5165596,56818,1681490244,516376972,,2,/imu_driver,Current time 1681490244 515161037,driver.py,driver,56,"['/imu', '/rosout']"
1681490244.5416653,56819,1681490244,541500329,,2,/imu_driver,Current time 1681490244 540017604,driver.py,driver,56,"['/imu', '/rosout']"
1681490244.5664535,56820,1681490244,566288471,,2,/imu_driver,Current time 1681490244 564805030,driver.py,driver,56,"['/imu', '/rosout']"
1681490244.5912209,56821,1681490244,591092824,,2,/imu_driver,Current time 1681490244 590060710,driver.py,driver,56,"['/imu', '/rosout']"
1681490244.6171024,56822,1681490244,616755723,,2,/imu_driver,Current time 1681490244 615616083,driver.py,driver,56,"['/imu', '/rosout']"
1681490244.6429844,56823,1681490244,642416715,,2,/imu_driver,Current time 1681490244 639824867,driver.py,driver,56,"['/imu', '/rosout']"
1681490244.6670148,56824,1681490244,666682720,,2,/imu_driver,Current time 1681490244 665659189,driver.py,driver,56,"['/imu', '/rosout']"
1681490244.691923,56825,1681490244,690758705,,2,/imu_driver,Current time 1681490244 689676761,driver.py,driver,56,"['/imu', '/rosout']"
1681490244.717308,56826,1681490244,716667890,,2,/imu_driver,Current time 1681490244 715587377,driver.py,driver,56,"['/imu', '/rosout']"
1681490244.7423677,56827,1681490244,741875886,,2,/imu_driver,Current time 1681490244 740809440,driver.py,driver,56,"['/imu', '/rosout']"
1681490244.767692,56828,1681490244,766863584,,2,/imu_driver,Current time 1681490244 765772104,driver.py,driver,56,"['/imu', '/rosout']"
1681490244.7929595,56829,1681490244,792310714,,2,/imu_driver,Current time 1681490244 790625810,driver.py,driver,56,"['/imu', '/rosout']"
1681490244.8170993,56830,1681490244,816894292,,2,/imu_driver,Current time 1681490244 815712451,driver.py,driver,56,"['/imu', '/rosout']"
1681490244.8418622,56831,1681490244,841618537,,2,/imu_driver,Current time 1681490244 840581655,driver.py,driver,56,"['/imu', '/rosout']"
1681490244.8670805,56832,1681490244,866625070,,2,/imu_driver,Current time 1681490244 865682840,driver.py,driver,56,"['/imu', '/rosout']"
1681490244.8922102,56833,1681490244,891871452,,2,/imu_driver,Current time 1681490244 890611171,driver.py,driver,56,"['/imu', '/rosout']"
1681490244.9176476,56834,1681490244,916550636,,2,/imu_driver,Current time 1681490244 915521621,driver.py,driver,56,"['/imu', '/rosout']"
1681490244.9420254,56835,1681490244,941726922,,2,/imu_driver,Current time 1681490244 940526008,driver.py,driver,56,"['/imu', '/rosout']"
1681490244.9669402,56836,1681490244,966636657,,2,/imu_driver,Current time 1681490244 965613365,driver.py,driver,56,"['/imu', '/rosout']"
1681490244.9919333,56837,1681490244,991635799,,2,/imu_driver,Current time 1681490244 990620136,driver.py,driver,56,"['/imu', '/rosout']"
1681490245.0170166,56838,1681490245,16520977,,2,/imu_driver,Current time 1681490245 15524864,driver.py,driver,56,"['/imu', '/rosout']"
1681490245.047044,56839,1681490245,45318126,,2,/imu_driver,Current time 1681490245 40932893,driver.py,driver,56,"['/imu', '/rosout']"
1681490245.0833108,56840,1681490245,82843065,,2,/imu_driver,Current time 1681490245 76282978,driver.py,driver,56,"['/imu', '/rosout']"
1681490245.0943587,56841,1681490245,93742609,,2,/imu_driver,Current time 1681490245 91711044,driver.py,driver,56,"['/imu', '/rosout']"
1681490245.1174338,56842,1681490245,116776704,,2,/imu_driver,Current time 1681490245 115628004,driver.py,driver,56,"['/imu', '/rosout']"
1681490245.142594,56843,1681490245,141945362,,2,/imu_driver,Current time 1681490245 140454769,driver.py,driver,56,"['/imu', '/rosout']"
1681490245.1691105,56844,1681490245,168173551,,2,/imu_driver,Current time 1681490245 166693210,driver.py,driver,56,"['/imu', '/rosout']"
1681490245.1932545,56845,1681490245,191830873,,2,/imu_driver,Current time 1681490245 190510749,driver.py,driver,56,"['/imu', '/rosout']"
1681490245.2174284,56846,1681490245,216628789,,2,/imu_driver,Current time 1681490245 215491771,driver.py,driver,56,"['/imu', '/rosout']"
1681490245.24182,56847,1681490245,241269588,,2,/imu_driver,Current time 1681490245 240261077,driver.py,driver,56,"['/imu', '/rosout']"
1681490245.26709,56848,1681490245,266324281,,2,/imu_driver,Current time 1681490245 265283346,driver.py,driver,56,"['/imu', '/rosout']"
1681490245.2929826,56849,1681490245,292309999,,2,/imu_driver,Current time 1681490245 290956735,driver.py,driver,56,"['/imu', '/rosout']"
1681490245.3165963,56850,1681490245,316299676,,2,/imu_driver,Current time 1681490245 315203666,driver.py,driver,56,"['/imu', '/rosout']"
1681490245.3417227,56851,1681490245,341428041,,2,/imu_driver,Current time 1681490245 340293884,driver.py,driver,56,"['/imu', '/rosout']"
1681490245.3666553,56852,1681490245,366142272,,2,/imu_driver,Current time 1681490245 365098714,driver.py,driver,56,"['/imu', '/rosout']"
1681490245.391848,56853,1681490245,391427040,,2,/imu_driver,Current time 1681490245 390126705,driver.py,driver,56,"['/imu', '/rosout']"
1681490245.4167497,56854,1681490245,416087627,,2,/imu_driver,Current time 1681490245 415262460,driver.py,driver,56,"['/imu', '/rosout']"
1681490245.4421628,56855,1681490245,441827058,,2,/imu_driver,Current time 1681490245 440186738,driver.py,driver,56,"['/imu', '/rosout']"
1681490245.4667943,56856,1681490245,466326713,,2,/imu_driver,Current time 1681490245 465151548,driver.py,driver,56,"['/imu', '/rosout']"
1681490245.498497,56857,1681490245,498158931,,2,/imu_driver,Current time 1681490245 495458364,driver.py,driver,56,"['/imu', '/rosout']"
1681490245.5181923,56858,1681490245,517149209,,2,/imu_driver,Current time 1681490245 515428543,driver.py,driver,56,"['/imu', '/rosout']"
1681490245.5429556,56859,1681490245,542127847,,2,/imu_driver,Current time 1681490245 540558576,driver.py,driver,56,"['/imu', '/rosout']"
1681490245.5672824,56860,1681490245,566469907,,2,/imu_driver,Current time 1681490245 565071105,driver.py,driver,56,"['/imu', '/rosout']"
1681490245.592257,56861,1681490245,591306686,,2,/imu_driver,Current time 1681490245 590045213,driver.py,driver,56,"['/imu', '/rosout']"
1681490245.6168947,56862,1681490245,616316556,,2,/imu_driver,Current time 1681490245 615176916,driver.py,driver,56,"['/imu', '/rosout']"
1681490245.6440961,56863,1681490245,643751144,,2,/imu_driver,Current time 1681490245 642540216,driver.py,driver,56,"['/imu', '/rosout']"
1681490245.6663232,56864,1681490245,666103363,,2,/imu_driver,Current time 1681490245 665119171,driver.py,driver,56,"['/imu', '/rosout']"
1681490245.6914032,56865,1681490245,691148519,,2,/imu_driver,Current time 1681490245 690060615,driver.py,driver,56,"['/imu', '/rosout']"
1681490245.716163,56866,1681490245,716001510,,2,/imu_driver,Current time 1681490245 714955091,driver.py,driver,56,"['/imu', '/rosout']"
1681490245.7412314,56867,1681490245,741032600,,2,/imu_driver,Current time 1681490245 740036249,driver.py,driver,56,"['/imu', '/rosout']"
1681490245.7661955,56868,1681490245,766000032,,2,/imu_driver,Current time 1681490245 765020370,driver.py,driver,56,"['/imu', '/rosout']"
1681490245.796566,56869,1681490245,792346715,,2,/imu_driver,Current time 1681490245 790677547,driver.py,driver,56,"['/imu', '/rosout']"
1681490245.816374,56870,1681490245,815834999,,2,/imu_driver,Current time 1681490245 814764976,driver.py,driver,56,"['/imu', '/rosout']"
1681490245.8415422,56871,1681490245,841106891,,2,/imu_driver,Current time 1681490245 840003252,driver.py,driver,56,"['/imu', '/rosout']"
1681490245.8663888,56872,1681490245,866076469,,2,/imu_driver,Current time 1681490245 864860773,driver.py,driver,56,"['/imu', '/rosout']"
1681490245.8915825,56873,1681490245,891254186,,2,/imu_driver,Current time 1681490245 889927387,driver.py,driver,56,"['/imu', '/rosout']"
1681490245.9163554,56874,1681490245,915730476,,2,/imu_driver,Current time 1681490245 914760112,driver.py,driver,56,"['/imu', '/rosout']"
1681490245.9425647,56875,1681490245,941904783,,2,/imu_driver,Current time 1681490245 940713167,driver.py,driver,56,"['/imu', '/rosout']"
1681490245.9670308,56876,1681490245,966771364,,2,/imu_driver,Current time 1681490245 965738296,driver.py,driver,56,"['/imu', '/rosout']"
1681490245.9914742,56877,1681490245,990880012,,2,/imu_driver,Current time 1681490245 989905834,driver.py,driver,56,"['/imu', '/rosout']"
1681490246.0170527,56878,1681490246,16773700,,2,/imu_driver,Current time 1681490246 15585184,driver.py,driver,56,"['/imu', '/rosout']"
1681490246.045384,56879,1681490246,44827938,,2,/imu_driver,Current time 1681490246 40187358,driver.py,driver,56,"['/imu', '/rosout']"
1681490246.0671747,56880,1681490246,66864967,,2,/imu_driver,Current time 1681490246 65620183,driver.py,driver,56,"['/imu', '/rosout']"
1681490246.0919576,56881,1681490246,91739654,,2,/imu_driver,Current time 1681490246 90766906,driver.py,driver,56,"['/imu', '/rosout']"
1681490246.1170354,56882,1681490246,116748571,,2,/imu_driver,Current time 1681490246 115574359,driver.py,driver,56,"['/imu', '/rosout']"
1681490246.142405,56883,1681490246,142005205,,2,/imu_driver,Current time 1681490246 140669107,driver.py,driver,56,"['/imu', '/rosout']"
1681490246.1669848,56884,1681490246,166757106,,2,/imu_driver,Current time 1681490246 165637969,driver.py,driver,56,"['/imu', '/rosout']"
1681490246.1921606,56885,1681490246,191956758,,2,/imu_driver,Current time 1681490246 190615177,driver.py,driver,56,"['/imu', '/rosout']"
1681490246.2169888,56886,1681490246,216782331,,2,/imu_driver,Current time 1681490246 215663671,driver.py,driver,56,"['/imu', '/rosout']"
1681490246.241881,56887,1681490246,241706132,,2,/imu_driver,Current time 1681490246 240656614,driver.py,driver,56,"['/imu', '/rosout']"
1681490246.2670403,56888,1681490246,266814231,,2,/imu_driver,Current time 1681490246 265702247,driver.py,driver,56,"['/imu', '/rosout']"
1681490246.2933629,56889,1681490246,293050289,,2,/imu_driver,Current time 1681490246 291742801,driver.py,driver,56,"['/imu', '/rosout']"
1681490246.3169508,56890,1681490246,316749572,,2,/imu_driver,Current time 1681490246 315551757,driver.py,driver,56,"['/imu', '/rosout']"
1681490246.3422372,56891,1681490246,341964960,,2,/imu_driver,Current time 1681490246 340714216,driver.py,driver,56,"['/imu', '/rosout']"
1681490246.3669727,56892,1681490246,366566419,,2,/imu_driver,Current time 1681490246 365567922,driver.py,driver,56,"['/imu', '/rosout']"
1681490246.394518,56893,1681490246,393935918,,2,/imu_driver,Current time 1681490246 392669677,driver.py,driver,56,"['/imu', '/rosout']"
1681490246.4171333,56894,1681490246,416544437,,2,/imu_driver,Current time 1681490246 415500879,driver.py,driver,56,"['/imu', '/rosout']"
1681490246.4431937,56895,1681490246,441666364,,2,/imu_driver,Current time 1681490246 440446615,driver.py,driver,56,"['/imu', '/rosout']"
1681490246.466852,56896,1681490246,466452121,,2,/imu_driver,Current time 1681490246 465461969,driver.py,driver,56,"['/imu', '/rosout']"
1681490246.4918995,56897,1681490246,491366624,,2,/imu_driver,Current time 1681490246 490391731,driver.py,driver,56,"['/imu', '/rosout']"
1681490246.517027,56898,1681490246,516389131,,2,/imu_driver,Current time 1681490246 515301227,driver.py,driver,56,"['/imu', '/rosout']"
1681490246.5418084,56899,1681490246,541614770,,2,/imu_driver,Current time 1681490246 540341615,driver.py,driver,56,"['/imu', '/rosout']"
1681490246.5665867,56900,1681490246,566376209,,2,/imu_driver,Current time 1681490246 565358638,driver.py,driver,56,"['/imu', '/rosout']"
1681490246.5916493,56901,1681490246,591476678,,2,/imu_driver,Current time 1681490246 590450286,driver.py,driver,56,"['/imu', '/rosout']"
1681490246.6169524,56902,1681490246,616709232,,2,/imu_driver,Current time 1681490246 615459918,driver.py,driver,56,"['/imu', '/rosout']"
1681490246.6420972,56903,1681490246,641733646,,2,/imu_driver,Current time 1681490246 640469312,driver.py,driver,56,"['/imu', '/rosout']"
1681490246.6668808,56904,1681490246,666650533,,2,/imu_driver,Current time 1681490246 665368318,driver.py,driver,56,"['/imu', '/rosout']"
1681490246.6948276,56905,1681490246,694596052,,2,/imu_driver,Current time 1681490246 693337678,driver.py,driver,56,"['/imu', '/rosout']"
1681490246.717195,56906,1681490246,716606378,,2,/imu_driver,Current time 1681490246 715326309,driver.py,driver,56,"['/imu', '/rosout']"
1681490246.742428,56907,1681490246,741828680,,2,/imu_driver,Current time 1681490246 740664005,driver.py,driver,56,"['/imu', '/rosout']"
1681490246.7669683,56908,1681490246,766326427,,2,/imu_driver,Current time 1681490246 765240430,driver.py,driver,56,"['/imu', '/rosout']"
1681490246.7928967,56909,1681490246,791891813,,2,/imu_driver,Current time 1681490246 790529727,driver.py,driver,56,"['/imu', '/rosout']"
1681490246.817028,56910,1681490246,816306352,,2,/imu_driver,Current time 1681490246 815260171,driver.py,driver,56,"['/imu', '/rosout']"
1681490246.842213,56911,1681490246,841552734,,2,/imu_driver,Current time 1681490246 840286970,driver.py,driver,56,"['/imu', '/rosout']"
1681490246.8666651,56912,1681490246,866386413,,2,/imu_driver,Current time 1681490246 865333557,driver.py,driver,56,"['/imu', '/rosout']"
1681490246.8915658,56913,1681490246,891289710,,2,/imu_driver,Current time 1681490246 890271425,driver.py,driver,56,"['/imu', '/rosout']"
1681490246.916695,56914,1681490246,916103124,,2,/imu_driver,Current time 1681490246 915103673,driver.py,driver,56,"['/imu', '/rosout']"
1681490246.941859,56915,1681490246,941362857,,2,/imu_driver,Current time 1681490246 940148591,driver.py,driver,56,"['/imu', '/rosout']"
1681490246.9665227,56916,1681490246,966167449,,2,/imu_driver,Current time 1681490246 965167045,driver.py,driver,56,"['/imu', '/rosout']"
1681490246.9913015,56917,1681490246,991019248,,2,/imu_driver,Current time 1681490246 990042686,driver.py,driver,56,"['/imu', '/rosout']"
1681490247.016935,56918,1681490247,16290664,,2,/imu_driver,Current time 1681490247 15082836,driver.py,driver,56,"['/imu', '/rosout']"
1681490247.042262,56919,1681490247,41624784,,2,/imu_driver,Current time 1681490247 40382862,driver.py,driver,56,"['/imu', '/rosout']"
1681490247.0670443,56920,1681490247,66098690,,2,/imu_driver,Current time 1681490247 65186262,driver.py,driver,56,"['/imu', '/rosout']"
1681490247.0915973,56921,1681490247,91273546,,2,/imu_driver,Current time 1681490247 90322256,driver.py,driver,56,"['/imu', '/rosout']"
1681490247.1173222,56922,1681490247,116150617,,2,/imu_driver,Current time 1681490247 115157365,driver.py,driver,56,"['/imu', '/rosout']"
1681490247.141484,56923,1681490247,141083717,,2,/imu_driver,Current time 1681490247 140116453,driver.py,driver,56,"['/imu', '/rosout']"
1681490247.1668682,56924,1681490247,166139841,,2,/imu_driver,Current time 1681490247 165030717,driver.py,driver,56,"['/imu', '/rosout']"
1681490247.1924324,56925,1681490247,191596508,,2,/imu_driver,Current time 1681490247 190155744,driver.py,driver,56,"['/imu', '/rosout']"
1681490247.2172923,56926,1681490247,216422796,,2,/imu_driver,Current time 1681490247 215233564,driver.py,driver,56,"['/imu', '/rosout']"
1681490247.2417545,56927,1681490247,241087436,,2,/imu_driver,Current time 1681490247 240035295,driver.py,driver,56,"['/imu', '/rosout']"
1681490247.2668965,56928,1681490247,266140937,,2,/imu_driver,Current time 1681490247 265088081,driver.py,driver,56,"['/imu', '/rosout']"
1681490247.292425,56929,1681490247,291701793,,2,/imu_driver,Current time 1681490247 290099859,driver.py,driver,56,"['/imu', '/rosout']"
1681490247.316943,56930,1681490247,316119909,,2,/imu_driver,Current time 1681490247 315038919,driver.py,driver,56,"['/imu', '/rosout']"
1681490247.3426774,56931,1681490247,341982603,,2,/imu_driver,Current time 1681490247 340820550,driver.py,driver,56,"['/imu', '/rosout']"
1681490247.367462,56932,1681490247,366837263,,2,/imu_driver,Current time 1681490247 365775108,driver.py,driver,56,"['/imu', '/rosout']"
1681490247.3912532,56933,1681490247,390875577,,2,/imu_driver,Current time 1681490247 389823913,driver.py,driver,56,"['/imu', '/rosout']"
1681490247.4171162,56934,1681490247,416690349,,2,/imu_driver,Current time 1681490247 415647029,driver.py,driver,56,"['/imu', '/rosout']"
1681490247.442111,56935,1681490247,441496372,,2,/imu_driver,Current time 1681490247 440268516,driver.py,driver,56,"['/imu', '/rosout']"
1681490247.4675562,56936,1681490247,466977357,,2,/imu_driver,Current time 1681490247 465833902,driver.py,driver,56,"['/imu', '/rosout']"
1681490247.491244,56937,1681490247,490839242,,2,/imu_driver,Current time 1681490247 489725112,driver.py,driver,56,"['/imu', '/rosout']"
1681490247.5173457,56938,1681490247,516865730,,2,/imu_driver,Current time 1681490247 515609264,driver.py,driver,56,"['/imu', '/rosout']"
1681490247.543213,56939,1681490247,542105913,,2,/imu_driver,Current time 1681490247 540586709,driver.py,driver,56,"['/imu', '/rosout']"
1681490247.5672204,56940,1681490247,566761016,,2,/imu_driver,Current time 1681490247 565699338,driver.py,driver,56,"['/imu', '/rosout']"
1681490247.5925617,56941,1681490247,591752767,,2,/imu_driver,Current time 1681490247 590596914,driver.py,driver,56,"['/imu', '/rosout']"
1681490247.617488,56942,1681490247,616860151,,2,/imu_driver,Current time 1681490247 615616798,driver.py,driver,56,"['/imu', '/rosout']"
1681490247.6424115,56943,1681490247,641794443,,2,/imu_driver,Current time 1681490247 640526771,driver.py,driver,56,"['/imu', '/rosout']"
1681490247.666881,56944,1681490247,666511774,,2,/imu_driver,Current time 1681490247 665420770,driver.py,driver,56,"['/imu', '/rosout']"
1681490247.6922615,56945,1681490247,691728115,,2,/imu_driver,Current time 1681490247 690517663,driver.py,driver,56,"['/imu', '/rosout']"
1681490247.7173798,56946,1681490247,716725587,,2,/imu_driver,Current time 1681490247 715551376,driver.py,driver,56,"['/imu', '/rosout']"
1681490247.7419515,56947,1681490247,741703987,,2,/imu_driver,Current time 1681490247 740638971,driver.py,driver,56,"['/imu', '/rosout']"
1681490247.767426,56948,1681490247,766651868,,2,/imu_driver,Current time 1681490247 765538215,driver.py,driver,56,"['/imu', '/rosout']"
1681490247.792592,56949,1681490247,791935443,,2,/imu_driver,Current time 1681490247 790616750,driver.py,driver,56,"['/imu', '/rosout']"
1681490247.817368,56950,1681490247,816756963,,2,/imu_driver,Current time 1681490247 815546274,driver.py,driver,56,"['/imu', '/rosout']"
1681490247.8428717,56951,1681490247,841721773,,2,/imu_driver,Current time 1681490247 840502738,driver.py,driver,56,"['/imu', '/rosout']"
1681490247.8677444,56952,1681490247,866667747,,2,/imu_driver,Current time 1681490247 865470886,driver.py,driver,56,"['/imu', '/rosout']"
1681490247.8917773,56953,1681490247,891478061,,2,/imu_driver,Current time 1681490247 890402555,driver.py,driver,56,"['/imu', '/rosout']"
1681490247.923287,56954,1681490247,922979831,,2,/imu_driver,Current time 1681490247 921725749,driver.py,driver,56,"['/imu', '/rosout']"
1681490247.942307,56955,1681490247,941917181,,2,/imu_driver,Current time 1681490247 940476894,driver.py,driver,56,"['/imu', '/rosout']"
1681490247.9667742,56956,1681490247,966398477,,2,/imu_driver,Current time 1681490247 965313673,driver.py,driver,56,"['/imu', '/rosout']"
1681490247.9917912,56957,1681490247,991335868,,2,/imu_driver,Current time 1681490247 990355014,driver.py,driver,56,"['/imu', '/rosout']"
1681490248.0169468,56958,1681490248,16314029,,2,/imu_driver,Current time 1681490248 15228509,driver.py,driver,56,"['/imu', '/rosout']"
1681490248.0436583,56959,1681490248,43130397,,2,/imu_driver,Current time 1681490248 42019367,driver.py,driver,56,"['/imu', '/rosout']"
1681490248.0672169,56960,1681490248,66386699,,2,/imu_driver,Current time 1681490248 65335035,driver.py,driver,56,"['/imu', '/rosout']"
1681490248.0917475,56961,1681490248,91182231,,2,/imu_driver,Current time 1681490248 90125083,driver.py,driver,56,"['/imu', '/rosout']"
1681490248.1171746,56962,1681490248,116608858,,2,/imu_driver,Current time 1681490248 115235328,driver.py,driver,56,"['/imu', '/rosout']"
1681490248.141584,56963,1681490248,141360282,,2,/imu_driver,Current time 1681490248 140315294,driver.py,driver,56,"['/imu', '/rosout']"
1681490248.1670454,56964,1681490248,166273355,,2,/imu_driver,Current time 1681490248 165178775,driver.py,driver,56,"['/imu', '/rosout']"
1681490248.1939201,56965,1681490248,193647623,,2,/imu_driver,Current time 1681490248 192465066,driver.py,driver,56,"['/imu', '/rosout']"
1681490248.2172458,56966,1681490248,217039585,,2,/imu_driver,Current time 1681490248 215585470,driver.py,driver,56,"['/imu', '/rosout']"
1681490248.2412515,56967,1681490248,241072416,,2,/imu_driver,Current time 1681490248 240053176,driver.py,driver,56,"['/imu', '/rosout']"
1681490248.266315,56968,1681490248,266071081,,2,/imu_driver,Current time 1681490248 265094757,driver.py,driver,56,"['/imu', '/rosout']"
1681490248.2929125,56969,1681490248,292172193,,2,/imu_driver,Current time 1681490248 290460348,driver.py,driver,56,"['/imu', '/rosout']"
1681490248.3163922,56970,1681490248,316221952,,2,/imu_driver,Current time 1681490248 315185546,driver.py,driver,56,"['/imu', '/rosout']"
1681490248.3418489,56971,1681490248,341636180,,2,/imu_driver,Current time 1681490248 340522766,driver.py,driver,56,"['/imu', '/rosout']"
1681490248.3668778,56972,1681490248,365956783,,2,/imu_driver,Current time 1681490248 365052461,driver.py,driver,56,"['/imu', '/rosout']"
1681490248.3914142,56973,1681490248,390933990,,2,/imu_driver,Current time 1681490248 389883279,driver.py,driver,56,"['/imu', '/rosout']"
1681490248.4166691,56974,1681490248,415952444,,2,/imu_driver,Current time 1681490248 415123224,driver.py,driver,56,"['/imu', '/rosout']"
1681490248.4424124,56975,1681490248,441479206,,2,/imu_driver,Current time 1681490248 439944267,driver.py,driver,56,"['/imu', '/rosout']"
1681490248.4668248,56976,1681490248,466036558,,2,/imu_driver,Current time 1681490248 465091228,driver.py,driver,56,"['/imu', '/rosout']"
1681490248.4915104,56977,1681490248,490929365,,2,/imu_driver,Current time 1681490248 489943027,driver.py,driver,56,"['/imu', '/rosout']"
1681490248.5162692,56978,1681490248,515820980,,2,/imu_driver,Current time 1681490248 514803886,driver.py,driver,56,"['/imu', '/rosout']"
1681490248.542478,56979,1681490248,541755199,,2,/imu_driver,Current time 1681490248 540071964,driver.py,driver,56,"['/imu', '/rosout']"
1681490248.5663567,56980,1681490248,565977096,,2,/imu_driver,Current time 1681490248 564978361,driver.py,driver,56,"['/imu', '/rosout']"
1681490248.5914917,56981,1681490248,590947389,,2,/imu_driver,Current time 1681490248 589919567,driver.py,driver,56,"['/imu', '/rosout']"
1681490248.6174932,56982,1681490248,616878271,,2,/imu_driver,Current time 1681490248 615720987,driver.py,driver,56,"['/imu', '/rosout']"
1681490248.641126,56983,1681490248,640826463,,2,/imu_driver,Current time 1681490248 639840364,driver.py,driver,56,"['/imu', '/rosout']"
1681490248.667494,56984,1681490248,666853189,,2,/imu_driver,Current time 1681490248 665811777,driver.py,driver,56,"['/imu', '/rosout']"
1681490248.6959682,56985,1681490248,695174455,,2,/imu_driver,Current time 1681490248 690169095,driver.py,driver,56,"['/imu', '/rosout']"
1681490248.7170894,56986,1681490248,716773986,,2,/imu_driver,Current time 1681490248 715749025,driver.py,driver,56,"['/imu', '/rosout']"
1681490248.7422516,56987,1681490248,741653680,,2,/imu_driver,Current time 1681490248 740632057,driver.py,driver,56,"['/imu', '/rosout']"
1681490248.767252,56988,1681490248,766654253,,2,/imu_driver,Current time 1681490248 765578985,driver.py,driver,56,"['/imu', '/rosout']"
1681490248.7944567,56989,1681490248,793695926,,2,/imu_driver,Current time 1681490248 792328596,driver.py,driver,56,"['/imu', '/rosout']"
1681490248.8169885,56990,1681490248,816781520,,2,/imu_driver,Current time 1681490248 815721750,driver.py,driver,56,"['/imu', '/rosout']"
1681490248.8424456,56991,1681490248,842128276,,2,/imu_driver,Current time 1681490248 840912580,driver.py,driver,56,"['/imu', '/rosout']"
1681490248.867291,56992,1681490248,866888046,,2,/imu_driver,Current time 1681490248 865565538,driver.py,driver,56,"['/imu', '/rosout']"
1681490248.8947933,56993,1681490248,894164323,,2,/imu_driver,Current time 1681490248 892977237,driver.py,driver,56,"['/imu', '/rosout']"
1681490248.9176326,56994,1681490248,916865110,,2,/imu_driver,Current time 1681490248 915550708,driver.py,driver,56,"['/imu', '/rosout']"
1681490248.9427314,56995,1681490248,941917657,,2,/imu_driver,Current time 1681490248 940599441,driver.py,driver,56,"['/imu', '/rosout']"
1681490248.967943,56996,1681490248,966625690,,2,/imu_driver,Current time 1681490248 965444326,driver.py,driver,56,"['/imu', '/rosout']"
1681490248.991985,56997,1681490248,991653203,,2,/imu_driver,Current time 1681490248 990466833,driver.py,driver,56,"['/imu', '/rosout']"
1681490249.0168605,56998,1681490249,16583919,,2,/imu_driver,Current time 1681490249 15367746,driver.py,driver,56,"['/imu', '/rosout']"
1681490249.042263,56999,1681490249,41857957,,2,/imu_driver,Current time 1681490249 40454387,driver.py,driver,56,"['/imu', '/rosout']"
1681490249.0671954,57000,1681490249,66644906,,2,/imu_driver,Current time 1681490249 65551042,driver.py,driver,56,"['/imu', '/rosout']"
1681490249.0917602,57001,1681490249,91466665,,2,/imu_driver,Current time 1681490249 90525150,driver.py,driver,56,"['/imu', '/rosout']"
1681490249.1168976,57002,1681490249,116657972,,2,/imu_driver,Current time 1681490249 115502357,driver.py,driver,56,"['/imu', '/rosout']"
1681490249.1421423,57003,1681490249,141581058,,2,/imu_driver,Current time 1681490249 140497684,driver.py,driver,56,"['/imu', '/rosout']"
1681490249.1664853,57004,1681490249,166191816,,2,/imu_driver,Current time 1681490249 165256261,driver.py,driver,56,"['/imu', '/rosout']"
1681490249.1927524,57005,1681490249,191559076,,2,/imu_driver,Current time 1681490249 190336704,driver.py,driver,56,"['/imu', '/rosout']"
1681490249.2167106,57006,1681490249,216331481,,2,/imu_driver,Current time 1681490249 215337514,driver.py,driver,56,"['/imu', '/rosout']"
1681490249.2418342,57007,1681490249,241611957,,2,/imu_driver,Current time 1681490249 240386247,driver.py,driver,56,"['/imu', '/rosout']"
1681490249.2666306,57008,1681490249,266459703,,2,/imu_driver,Current time 1681490249 265351057,driver.py,driver,56,"['/imu', '/rosout']"
1681490249.2920918,57009,1681490249,291909217,,2,/imu_driver,Current time 1681490249 290434122,driver.py,driver,56,"['/imu', '/rosout']"
1681490249.3168013,57010,1681490249,316627740,,2,/imu_driver,Current time 1681490249 315417289,driver.py,driver,56,"['/imu', '/rosout']"
1681490249.3416011,57011,1681490249,341417074,,2,/imu_driver,Current time 1681490249 340348005,driver.py,driver,56,"['/imu', '/rosout']"
1681490249.3669114,57012,1681490249,366366863,,2,/imu_driver,Current time 1681490249 365319728,driver.py,driver,56,"['/imu', '/rosout']"
1681490249.39203,57013,1681490249,391161680,,2,/imu_driver,Current time 1681490249 390247106,driver.py,driver,56,"['/imu', '/rosout']"
1681490249.416473,57014,1681490249,416220188,,2,/imu_driver,Current time 1681490249 415126085,driver.py,driver,56,"['/imu', '/rosout']"
1681490249.4432967,57015,1681490249,441369771,,2,/imu_driver,Current time 1681490249 440194129,driver.py,driver,56,"['/imu', '/rosout']"
1681490249.4670198,57016,1681490249,466288328,,2,/imu_driver,Current time 1681490249 465344190,driver.py,driver,56,"['/imu', '/rosout']"
1681490249.49177,57017,1681490249,491119623,,2,/imu_driver,Current time 1681490249 490122318,driver.py,driver,56,"['/imu', '/rosout']"
1681490249.516667,57018,1681490249,516120672,,2,/imu_driver,Current time 1681490249 515110731,driver.py,driver,56,"['/imu', '/rosout']"
1681490249.5425615,57019,1681490249,541873216,,2,/imu_driver,Current time 1681490249 540502786,driver.py,driver,56,"['/imu', '/rosout']"
1681490249.5669138,57020,1681490249,566347599,,2,/imu_driver,Current time 1681490249 565296411,driver.py,driver,56,"['/imu', '/rosout']"
1681490249.5920172,57021,1681490249,591252565,,2,/imu_driver,Current time 1681490249 590271472,driver.py,driver,56,"['/imu', '/rosout']"
1681490249.6167707,57022,1681490249,616233110,,2,/imu_driver,Current time 1681490249 615191698,driver.py,driver,56,"['/imu', '/rosout']"
1681490249.6417801,57023,1681490249,641179323,,2,/imu_driver,Current time 1681490249 640130758,driver.py,driver,56,"['/imu', '/rosout']"
1681490249.6667984,57024,1681490249,666238546,,2,/imu_driver,Current time 1681490249 665138959,driver.py,driver,56,"['/imu', '/rosout']"
1681490249.6919208,57025,1681490249,691495895,,2,/imu_driver,Current time 1681490249 690114974,driver.py,driver,56,"['/imu', '/rosout']"
1681490249.7177517,57026,1681490249,717282533,,2,/imu_driver,Current time 1681490249 715249300,driver.py,driver,56,"['/imu', '/rosout']"
1681490249.7417574,57027,1681490249,741114854,,2,/imu_driver,Current time 1681490249 740070104,driver.py,driver,56,"['/imu', '/rosout']"
1681490249.766536,57028,1681490249,765934705,,2,/imu_driver,Current time 1681490249 764918327,driver.py,driver,56,"['/imu', '/rosout']"
1681490249.7919192,57029,1681490249,791449069,,2,/imu_driver,Current time 1681490249 790049791,driver.py,driver,56,"['/imu', '/rosout']"
1681490249.8165042,57030,1681490249,815917253,,2,/imu_driver,Current time 1681490249 814924955,driver.py,driver,56,"['/imu', '/rosout']"
1681490249.841927,57031,1681490249,841695547,,2,/imu_driver,Current time 1681490249 839859724,driver.py,driver,56,"['/imu', '/rosout']"
1681490249.8688922,57032,1681490249,866901874,,2,/imu_driver,Current time 1681490249 865883588,driver.py,driver,56,"['/imu', '/rosout']"
1681490249.891286,57033,1681490249,890969514,,2,/imu_driver,Current time 1681490249 889910459,driver.py,driver,56,"['/imu', '/rosout']"
1681490249.9173572,57034,1681490249,916872501,,2,/imu_driver,Current time 1681490249 915739297,driver.py,driver,56,"['/imu', '/rosout']"
1681490249.9431617,57035,1681490249,942337989,,2,/imu_driver,Current time 1681490249 940852642,driver.py,driver,56,"['/imu', '/rosout']"
1681490249.9674234,57036,1681490249,966883897,,2,/imu_driver,Current time 1681490249 965759754,driver.py,driver,56,"['/imu', '/rosout']"
1681490249.9917057,57037,1681490249,991198778,,2,/imu_driver,Current time 1681490249 990078926,driver.py,driver,56,"['/imu', '/rosout']"
1681490250.0173583,57038,1681490250,16779184,,2,/imu_driver,Current time 1681490250 15793085,driver.py,driver,56,"['/imu', '/rosout']"
1681490250.0429907,57039,1681490250,42106151,,2,/imu_driver,Current time 1681490250 40742397,driver.py,driver,56,"['/imu', '/rosout']"
1681490250.067482,57040,1681490250,66812276,,2,/imu_driver,Current time 1681490250 65764427,driver.py,driver,56,"['/imu', '/rosout']"
1681490250.096009,57041,1681490250,95229864,,2,/imu_driver,Current time 1681490250 93699932,driver.py,driver,56,"['/imu', '/rosout']"
1681490250.1171377,57042,1681490250,116832494,,2,/imu_driver,Current time 1681490250 115603446,driver.py,driver,56,"['/imu', '/rosout']"
1681490250.1420157,57043,1681490250,141793727,,2,/imu_driver,Current time 1681490250 140596151,driver.py,driver,56,"['/imu', '/rosout']"
1681490250.167109,57044,1681490250,166913032,,2,/imu_driver,Current time 1681490250 165691137,driver.py,driver,56,"['/imu', '/rosout']"
1681490250.1986234,57045,1681490250,193205595,,2,/imu_driver,Current time 1681490250 191741943,driver.py,driver,56,"['/imu', '/rosout']"
1681490250.2330344,57046,1681490250,216509580,,2,/imu_driver,Current time 1681490250 215457677,driver.py,driver,56,"['/imu', '/rosout']"
1681490250.2426808,57047,1681490250,241931915,,2,/imu_driver,Current time 1681490250 240694999,driver.py,driver,56,"['/imu', '/rosout']"
1681490250.2671478,57048,1681490250,266713380,,2,/imu_driver,Current time 1681490250 265580654,driver.py,driver,56,"['/imu', '/rosout']"
1681490250.2921166,57049,1681490250,291770935,,2,/imu_driver,Current time 1681490250 290539979,driver.py,driver,56,"['/imu', '/rosout']"
1681490250.3168805,57050,1681490250,316625595,,2,/imu_driver,Current time 1681490250 315519094,driver.py,driver,56,"['/imu', '/rosout']"
1681490250.341868,57051,1681490250,341643810,,2,/imu_driver,Current time 1681490250 340500593,driver.py,driver,56,"['/imu', '/rosout']"
1681490250.3667548,57052,1681490250,366517782,,2,/imu_driver,Current time 1681490250 365564107,driver.py,driver,56,"['/imu', '/rosout']"
1681490250.3923965,57053,1681490250,392064094,,2,/imu_driver,Current time 1681490250 390783548,driver.py,driver,56,"['/imu', '/rosout']"
1681490250.4166095,57054,1681490250,416426420,,2,/imu_driver,Current time 1681490250 415420532,driver.py,driver,56,"['/imu', '/rosout']"
1681490250.4426022,57055,1681490250,442119598,,2,/imu_driver,Current time 1681490250 440587520,driver.py,driver,56,"['/imu', '/rosout']"
1681490250.4671702,57056,1681490250,466929674,,2,/imu_driver,Current time 1681490250 465621232,driver.py,driver,56,"['/imu', '/rosout']"
1681490250.4917085,57057,1681490250,491537332,,2,/imu_driver,Current time 1681490250 490485906,driver.py,driver,56,"['/imu', '/rosout']"
1681490250.5170267,57058,1681490250,516567468,,2,/imu_driver,Current time 1681490250 515480041,driver.py,driver,56,"['/imu', '/rosout']"
1681490250.5428386,57059,1681490250,542170286,,2,/imu_driver,Current time 1681490250 540463685,driver.py,driver,56,"['/imu', '/rosout']"
1681490250.567088,57060,1681490250,566596269,,2,/imu_driver,Current time 1681490250 565486192,driver.py,driver,56,"['/imu', '/rosout']"
1681490250.593813,57061,1681490250,591979265,,2,/imu_driver,Current time 1681490250 590352535,driver.py,driver,56,"['/imu', '/rosout']"
1681490250.6168244,57062,1681490250,616521120,,2,/imu_driver,Current time 1681490250 615469932,driver.py,driver,56,"['/imu', '/rosout']"
1681490250.6419156,57063,1681490250,641375780,,2,/imu_driver,Current time 1681490250 640332698,driver.py,driver,56,"['/imu', '/rosout']"
1681490250.66735,57064,1681490250,666469573,,2,/imu_driver,Current time 1681490250 665374994,driver.py,driver,56,"['/imu', '/rosout']"
1681490250.6924567,57065,1681490250,691637992,,2,/imu_driver,Current time 1681490250 690358638,driver.py,driver,56,"['/imu', '/rosout']"
1681490250.7169998,57066,1681490250,716507673,,2,/imu_driver,Current time 1681490250 715249776,driver.py,driver,56,"['/imu', '/rosout']"
1681490250.7415473,57067,1681490250,741274356,,2,/imu_driver,Current time 1681490250 740293741,driver.py,driver,56,"['/imu', '/rosout']"
1681490250.7667055,57068,1681490250,766431093,,2,/imu_driver,Current time 1681490250 765283107,driver.py,driver,56,"['/imu', '/rosout']"
1681490250.7923827,57069,1681490250,792150259,,2,/imu_driver,Current time 1681490250 790775775,driver.py,driver,56,"['/imu', '/rosout']"
1681490250.8168108,57070,1681490250,816426038,,2,/imu_driver,Current time 1681490250 815288543,driver.py,driver,56,"['/imu', '/rosout']"
1681490250.843058,57071,1681490250,842360019,,2,/imu_driver,Current time 1681490250 840752601,driver.py,driver,56,"['/imu', '/rosout']"
1681490250.8670504,57072,1681490250,866215944,,2,/imu_driver,Current time 1681490250 865279912,driver.py,driver,56,"['/imu', '/rosout']"
1681490250.892049,57073,1681490250,891319513,,2,/imu_driver,Current time 1681490250 890138864,driver.py,driver,56,"['/imu', '/rosout']"
1681490250.9172552,57074,1681490250,916291475,,2,/imu_driver,Current time 1681490250 915187597,driver.py,driver,56,"['/imu', '/rosout']"
1681490250.9440646,57075,1681490250,943848609,,2,/imu_driver,Current time 1681490250 942603349,driver.py,driver,56,"['/imu', '/rosout']"
1681490250.9666088,57076,1681490250,966310739,,2,/imu_driver,Current time 1681490250 965057134,driver.py,driver,56,"['/imu', '/rosout']"
1681490250.991229,57077,1681490250,991018533,,2,/imu_driver,Current time 1681490250 989970207,driver.py,driver,56,"['/imu', '/rosout']"
1681490251.0163383,57078,1681490251,16052722,,2,/imu_driver,Current time 1681490251 15105485,driver.py,driver,56,"['/imu', '/rosout']"
1681490251.0409913,57079,1681490251,40794372,,2,/imu_driver,Current time 1681490251 39835691,driver.py,driver,56,"['/imu', '/rosout']"
1681490251.066111,57080,1681490251,65977811,,2,/imu_driver,Current time 1681490251 65065383,driver.py,driver,56,"['/imu', '/rosout']"
1681490251.0925305,57081,1681490251,91328859,,2,/imu_driver,Current time 1681490251 90015411,driver.py,driver,56,"['/imu', '/rosout']"
1681490251.1168537,57082,1681490251,116562604,,2,/imu_driver,Current time 1681490251 115269184,driver.py,driver,56,"['/imu', '/rosout']"
1681490251.1414711,57083,1681490251,141127824,,2,/imu_driver,Current time 1681490251 139983415,driver.py,driver,56,"['/imu', '/rosout']"
1681490251.1672952,57084,1681490251,166860580,,2,/imu_driver,Current time 1681490251 165793180,driver.py,driver,56,"['/imu', '/rosout']"
1681490251.1916664,57085,1681490251,191455841,,2,/imu_driver,Current time 1681490251 190093278,driver.py,driver,56,"['/imu', '/rosout']"
1681490251.2171438,57086,1681490251,216934919,,2,/imu_driver,Current time 1681490251 215861320,driver.py,driver,56,"['/imu', '/rosout']"
1681490251.2413645,57087,1681490251,241133451,,2,/imu_driver,Current time 1681490251 239806413,driver.py,driver,56,"['/imu', '/rosout']"
1681490251.2675314,57088,1681490251,266789197,,2,/imu_driver,Current time 1681490251 265714168,driver.py,driver,56,"['/imu', '/rosout']"
1681490251.2925274,57089,1681490251,291660785,,2,/imu_driver,Current time 1681490251 290616273,driver.py,driver,56,"['/imu', '/rosout']"
1681490251.316918,57090,1681490251,316743135,,2,/imu_driver,Current time 1681490251 315643548,driver.py,driver,56,"['/imu', '/rosout']"
1681490251.342823,57091,1681490251,342585086,,2,/imu_driver,Current time 1681490251 340786695,driver.py,driver,56,"['/imu', '/rosout']"
1681490251.3671036,57092,1681490251,366754293,,2,/imu_driver,Current time 1681490251 365614414,driver.py,driver,56,"['/imu', '/rosout']"
1681490251.3920991,57093,1681490251,391805410,,2,/imu_driver,Current time 1681490251 390796184,driver.py,driver,56,"['/imu', '/rosout']"
1681490251.4174776,57094,1681490251,416778802,,2,/imu_driver,Current time 1681490251 415660381,driver.py,driver,56,"['/imu', '/rosout']"
1681490251.443248,57095,1681490251,442470312,,2,/imu_driver,Current time 1681490251 441218137,driver.py,driver,56,"['/imu', '/rosout']"
1681490251.467199,57096,1681490251,466681957,,2,/imu_driver,Current time 1681490251 465712070,driver.py,driver,56,"['/imu', '/rosout']"
1681490251.4937737,57097,1681490251,491631269,,2,/imu_driver,Current time 1681490251 490521669,driver.py,driver,56,"['/imu', '/rosout']"
1681490251.5170145,57098,1681490251,516803741,,2,/imu_driver,Current time 1681490251 515691041,driver.py,driver,56,"['/imu', '/rosout']"
1681490251.5419137,57099,1681490251,541691541,,2,/imu_driver,Current time 1681490251 540597200,driver.py,driver,56,"['/imu', '/rosout']"
1681490251.5667157,57100,1681490251,566553354,,2,/imu_driver,Current time 1681490251 565505981,driver.py,driver,56,"['/imu', '/rosout']"
1681490251.592321,57101,1681490251,591954946,,2,/imu_driver,Current time 1681490251 590618371,driver.py,driver,56,"['/imu', '/rosout']"
1681490251.6173236,57102,1681490251,616661787,,2,/imu_driver,Current time 1681490251 615487813,driver.py,driver,56,"['/imu', '/rosout']"
1681490251.6420128,57103,1681490251,641452074,,2,/imu_driver,Current time 1681490251 640424966,driver.py,driver,56,"['/imu', '/rosout']"
1681490251.6669023,57104,1681490251,666493415,,2,/imu_driver,Current time 1681490251 665468215,driver.py,driver,56,"['/imu', '/rosout']"
1681490251.6925821,57105,1681490251,691935062,,2,/imu_driver,Current time 1681490251 690589189,driver.py,driver,56,"['/imu', '/rosout']"
1681490251.7171803,57106,1681490251,716933488,,2,/imu_driver,Current time 1681490251 715546607,driver.py,driver,56,"['/imu', '/rosout']"
1681490251.7423527,57107,1681490251,741580009,,2,/imu_driver,Current time 1681490251 740489006,driver.py,driver,56,"['/imu', '/rosout']"
1681490251.7668192,57108,1681490251,766618728,,2,/imu_driver,Current time 1681490251 765613555,driver.py,driver,56,"['/imu', '/rosout']"
1681490251.7916098,57109,1681490251,791416406,,2,/imu_driver,Current time 1681490251 790362358,driver.py,driver,56,"['/imu', '/rosout']"
1681490251.8168333,57110,1681490251,816346406,,2,/imu_driver,Current time 1681490251 815298318,driver.py,driver,56,"['/imu', '/rosout']"
1681490251.8426595,57111,1681490251,842401504,,2,/imu_driver,Current time 1681490251 840442895,driver.py,driver,56,"['/imu', '/rosout']"
1681490251.8669815,57112,1681490251,866357803,,2,/imu_driver,Current time 1681490251 865280866,driver.py,driver,56,"['/imu', '/rosout']"
1681490251.8917322,57113,1681490251,891430854,,2,/imu_driver,Current time 1681490251 890276670,driver.py,driver,56,"['/imu', '/rosout']"
1681490251.916612,57114,1681490251,916436433,,2,/imu_driver,Current time 1681490251 915262699,driver.py,driver,56,"['/imu', '/rosout']"
1681490251.9422975,57115,1681490251,941577911,,2,/imu_driver,Current time 1681490251 940326690,driver.py,driver,56,"['/imu', '/rosout']"
1681490251.9670346,57116,1681490251,966799974,,2,/imu_driver,Current time 1681490251 965388059,driver.py,driver,56,"['/imu', '/rosout']"
1681490251.9922068,57117,1681490251,991466760,,2,/imu_driver,Current time 1681490251 990237236,driver.py,driver,56,"['/imu', '/rosout']"
1681490252.0167072,57118,1681490252,16186475,,2,/imu_driver,Current time 1681490252 15185117,driver.py,driver,56,"['/imu', '/rosout']"
1681490252.0416431,57119,1681490252,41365385,,2,/imu_driver,Current time 1681490252 40406227,driver.py,driver,56,"['/imu', '/rosout']"
1681490252.0665393,57120,1681490252,66311120,,2,/imu_driver,Current time 1681490252 65262794,driver.py,driver,56,"['/imu', '/rosout']"
1681490252.0943224,57121,1681490252,93549251,,2,/imu_driver,Current time 1681490252 92377662,driver.py,driver,56,"['/imu', '/rosout']"
1681490252.1170397,57122,1681490252,116417646,,2,/imu_driver,Current time 1681490252 115216970,driver.py,driver,56,"['/imu', '/rosout']"
1681490252.1418583,57123,1681490252,141543865,,2,/imu_driver,Current time 1681490252 140426397,driver.py,driver,56,"['/imu', '/rosout']"
1681490252.1664126,57124,1681490252,166149139,,2,/imu_driver,Current time 1681490252 165174007,driver.py,driver,56,"['/imu', '/rosout']"
1681490252.1917381,57125,1681490252,191212892,,2,/imu_driver,Current time 1681490252 190137386,driver.py,driver,56,"['/imu', '/rosout']"
1681490252.216761,57126,1681490252,216130256,,2,/imu_driver,Current time 1681490252 215084075,driver.py,driver,56,"['/imu', '/rosout']"
1681490252.242345,57127,1681490252,241600036,,2,/imu_driver,Current time 1681490252 240188837,driver.py,driver,56,"['/imu', '/rosout']"
1681490252.2664468,57128,1681490252,266116857,,2,/imu_driver,Current time 1681490252 265134811,driver.py,driver,56,"['/imu', '/rosout']"
1681490252.2915127,57129,1681490252,290903091,,2,/imu_driver,Current time 1681490252 289992094,driver.py,driver,56,"['/imu', '/rosout']"
1681490252.316521,57130,1681490252,316277503,,2,/imu_driver,Current time 1681490252 315065860,driver.py,driver,56,"['/imu', '/rosout']"
1681490252.3435192,57131,1681490252,343317985,,2,/imu_driver,Current time 1681490252 341954708,driver.py,driver,56,"['/imu', '/rosout']"
1681490252.366518,57132,1681490252,366251468,,2,/imu_driver,Current time 1681490252 364895343,driver.py,driver,56,"['/imu', '/rosout']"
1681490252.3921776,57133,1681490252,391875982,,2,/imu_driver,Current time 1681490252 390239715,driver.py,driver,56,"['/imu', '/rosout']"
1681490252.4169397,57134,1681490252,416059970,,2,/imu_driver,Current time 1681490252 414908409,driver.py,driver,56,"['/imu', '/rosout']"
1681490252.4416888,57135,1681490252,441093206,,2,/imu_driver,Current time 1681490252 439927339,driver.py,driver,56,"['/imu', '/rosout']"
1681490252.4678547,57136,1681490252,467208862,,2,/imu_driver,Current time 1681490252 465888977,driver.py,driver,56,"['/imu', '/rosout']"
1681490252.492519,57137,1681490252,491519451,,2,/imu_driver,Current time 1681490252 489886045,driver.py,driver,56,"['/imu', '/rosout']"
1681490252.517238,57138,1681490252,516964912,,2,/imu_driver,Current time 1681490252 515815496,driver.py,driver,56,"['/imu', '/rosout']"
1681490252.542839,57139,1681490252,541904211,,2,/imu_driver,Current time 1681490252 540790557,driver.py,driver,56,"['/imu', '/rosout']"
1681490252.567133,57140,1681490252,566934823,,2,/imu_driver,Current time 1681490252 565795421,driver.py,driver,56,"['/imu', '/rosout']"
1681490252.5917387,57141,1681490252,591367721,,2,/imu_driver,Current time 1681490252 589815139,driver.py,driver,56,"['/imu', '/rosout']"
1681490252.6170712,57142,1681490252,616896152,,2,/imu_driver,Current time 1681490252 615900754,driver.py,driver,56,"['/imu', '/rosout']"
1681490252.6422708,57143,1681490252,641936302,,2,/imu_driver,Current time 1681490252 640814304,driver.py,driver,56,"['/imu', '/rosout']"
1681490252.667697,57144,1681490252,666768312,,2,/imu_driver,Current time 1681490252 665580511,driver.py,driver,56,"['/imu', '/rosout']"
1681490252.6924777,57145,1681490252,691675186,,2,/imu_driver,Current time 1681490252 690589189,driver.py,driver,56,"['/imu', '/rosout']"
1681490252.717416,57146,1681490252,716911554,,2,/imu_driver,Current time 1681490252 715814352,driver.py,driver,56,"['/imu', '/rosout']"
1681490252.7428308,57147,1681490252,741813182,,2,/imu_driver,Current time 1681490252 740635156,driver.py,driver,56,"['/imu', '/rosout']"
1681490252.7674575,57148,1681490252,766724348,,2,/imu_driver,Current time 1681490252 765698194,driver.py,driver,56,"['/imu', '/rosout']"
1681490252.7920668,57149,1681490252,791743755,,2,/imu_driver,Current time 1681490252 790534496,driver.py,driver,56,"['/imu', '/rosout']"
1681490252.8170412,57150,1681490252,816872119,,2,/imu_driver,Current time 1681490252 815665960,driver.py,driver,56,"['/imu', '/rosout']"
1681490252.8419151,57151,1681490252,841708898,,2,/imu_driver,Current time 1681490252 840646028,driver.py,driver,56,"['/imu', '/rosout']"
1681490252.86701,57152,1681490252,866583585,,2,/imu_driver,Current time 1681490252 865508317,driver.py,driver,56,"['/imu', '/rosout']"
1681490252.8944263,57153,1681490252,894083023,,2,/imu_driver,Current time 1681490252 892912626,driver.py,driver,56,"['/imu', '/rosout']"
1681490252.9172652,57154,1681490252,917041063,,2,/imu_driver,Current time 1681490252 915670156,driver.py,driver,56,"['/imu', '/rosout']"
1681490252.9418192,57155,1681490252,941662311,,2,/imu_driver,Current time 1681490252 940602302,driver.py,driver,56,"['/imu', '/rosout']"
1681490252.9674194,57156,1681490252,967067718,,2,/imu_driver,Current time 1681490252 965604782,driver.py,driver,56,"['/imu', '/rosout']"
1681490252.992984,57157,1681490252,992158889,,2,/imu_driver,Current time 1681490252 990483522,driver.py,driver,56,"['/imu', '/rosout']"
1681490253.0172603,57158,1681490253,16650676,,2,/imu_driver,Current time 1681490253 15534162,driver.py,driver,56,"['/imu', '/rosout']"
1681490253.0422568,57159,1681490253,42032241,,2,/imu_driver,Current time 1681490253 40503263,driver.py,driver,56,"['/imu', '/rosout']"
1681490253.0670013,57160,1681490253,66760301,,2,/imu_driver,Current time 1681490253 65480709,driver.py,driver,56,"['/imu', '/rosout']"
1681490253.0918062,57161,1681490253,91622114,,2,/imu_driver,Current time 1681490253 90517520,driver.py,driver,56,"['/imu', '/rosout']"
1681490253.1169443,57162,1681490253,116575241,,2,/imu_driver,Current time 1681490253 115468025,driver.py,driver,56,"['/imu', '/rosout']"
1681490253.1425853,57163,1681490253,142046451,,2,/imu_driver,Current time 1681490253 140693664,driver.py,driver,56,"['/imu', '/rosout']"
1681490253.1673079,57164,1681490253,166759967,,2,/imu_driver,Current time 1681490253 165489196,driver.py,driver,56,"['/imu', '/rosout']"
1681490253.192258,57165,1681490253,191332340,,2,/imu_driver,Current time 1681490253 190435409,driver.py,driver,56,"['/imu', '/rosout']"
1681490253.217273,57166,1681490253,216637611,,2,/imu_driver,Current time 1681490253 215452194,driver.py,driver,56,"['/imu', '/rosout']"
1681490253.2451193,57167,1681490253,244569778,,2,/imu_driver,Current time 1681490253 242410421,driver.py,driver,56,"['/imu', '/rosout']"
1681490253.266771,57168,1681490253,266100883,,2,/imu_driver,Current time 1681490253 265116930,driver.py,driver,56,"['/imu', '/rosout']"
1681490253.2917204,57169,1681490253,291017770,,2,/imu_driver,Current time 1681490253 290080070,driver.py,driver,56,"['/imu', '/rosout']"
1681490253.3167112,57170,1681490253,316471576,,2,/imu_driver,Current time 1681490253 315274715,driver.py,driver,56,"['/imu', '/rosout']"
1681490253.3417473,57171,1681490253,341447591,,2,/imu_driver,Current time 1681490253 340231418,driver.py,driver,56,"['/imu', '/rosout']"
1681490253.3663907,57172,1681490253,366101026,,2,/imu_driver,Current time 1681490253 365082979,driver.py,driver,56,"['/imu', '/rosout']"
1681490253.3922737,57173,1681490253,391510963,,2,/imu_driver,Current time 1681490253 390155792,driver.py,driver,56,"['/imu', '/rosout']"
1681490253.4162955,57174,1681490253,415973424,,2,/imu_driver,Current time 1681490253 415115833,driver.py,driver,56,"['/imu', '/rosout']"
1681490253.4413083,57175,1681490253,440999507,,2,/imu_driver,Current time 1681490253 440092325,driver.py,driver,56,"['/imu', '/rosout']"
1681490253.4664903,57176,1681490253,466232299,,2,/imu_driver,Current time 1681490253 465139389,driver.py,driver,56,"['/imu', '/rosout']"
1681490253.4937792,57177,1681490253,493476152,,2,/imu_driver,Current time 1681490253 492147684,driver.py,driver,56,"['/imu', '/rosout']"
1681490253.5165384,57178,1681490253,516228437,,2,/imu_driver,Current time 1681490253 515210151,driver.py,driver,56,"['/imu', '/rosout']"
1681490253.5428119,57179,1681490253,542443037,,2,/imu_driver,Current time 1681490253 540955066,driver.py,driver,56,"['/imu', '/rosout']"
1681490253.5666492,57180,1681490253,566263198,,2,/imu_driver,Current time 1681490253 565040349,driver.py,driver,56,"['/imu', '/rosout']"
1681490253.5917058,57181,1681490253,591459989,,2,/imu_driver,Current time 1681490253 590238571,driver.py,driver,56,"['/imu', '/rosout']"
1681490253.6178997,57182,1681490253,617283105,,2,/imu_driver,Current time 1681490253 615998268,driver.py,driver,56,"['/imu', '/rosout']"
1681490253.6418688,57183,1681490253,641432285,,2,/imu_driver,Current time 1681490253 639874935,driver.py,driver,56,"['/imu', '/rosout']"
1681490253.6675956,57184,1681490253,667006254,,2,/imu_driver,Current time 1681490253 665882587,driver.py,driver,56,"['/imu', '/rosout']"
1681490253.6911259,57185,1681490253,690955638,,2,/imu_driver,Current time 1681490253 690013647,driver.py,driver,56,"['/imu', '/rosout']"
1681490253.7176852,57186,1681490253,716931819,,2,/imu_driver,Current time 1681490253 715806961,driver.py,driver,56,"['/imu', '/rosout']"
1681490253.74263,57187,1681490253,742010831,,2,/imu_driver,Current time 1681490253 740832805,driver.py,driver,56,"['/imu', '/rosout']"
1681490253.7674768,57188,1681490253,766867637,,2,/imu_driver,Current time 1681490253 765861272,driver.py,driver,56,"['/imu', '/rosout']"
1681490253.792233,57189,1681490253,791808366,,2,/imu_driver,Current time 1681490253 790765762,driver.py,driver,56,"['/imu', '/rosout']"
1681490253.8180363,57190,1681490253,817377090,,2,/imu_driver,Current time 1681490253 816148519,driver.py,driver,56,"['/imu', '/rosout']"
1681490253.8434625,57191,1681490253,842402219,,2,/imu_driver,Current time 1681490253 840982675,driver.py,driver,56,"['/imu', '/rosout']"
1681490253.8675292,57192,1681490253,866835355,,2,/imu_driver,Current time 1681490253 865644454,driver.py,driver,56,"['/imu', '/rosout']"
1681490253.8930066,57193,1681490253,892090559,,2,/imu_driver,Current time 1681490253 890734195,driver.py,driver,56,"['/imu', '/rosout']"
1681490253.9181335,57194,1681490253,917223930,,2,/imu_driver,Current time 1681490253 915761232,driver.py,driver,56,"['/imu', '/rosout']"
1681490253.9426706,57195,1681490253,941909551,,2,/imu_driver,Current time 1681490253 940901994,driver.py,driver,56,"['/imu', '/rosout']"
1681490253.9686296,57196,1681490253,967403888,,2,/imu_driver,Current time 1681490253 965936422,driver.py,driver,56,"['/imu', '/rosout']"
1681490253.9951181,57197,1681490253,994567394,,2,/imu_driver,Current time 1681490253 990841388,driver.py,driver,56,"['/imu', '/rosout']"
1681490254.0173619,57198,1681490254,16839504,,2,/imu_driver,Current time 1681490254 15737533,driver.py,driver,56,"['/imu', '/rosout']"
1681490254.0424557,57199,1681490254,41849136,,2,/imu_driver,Current time 1681490254 40661573,driver.py,driver,56,"['/imu', '/rosout']"
1681490254.0669248,57200,1681490254,66435813,,2,/imu_driver,Current time 1681490254 65441131,driver.py,driver,56,"['/imu', '/rosout']"
1681490254.0917578,57201,1681490254,91536283,,2,/imu_driver,Current time 1681490254 90625524,driver.py,driver,56,"['/imu', '/rosout']"
1681490254.1170826,57202,1681490254,116846084,,2,/imu_driver,Current time 1681490254 115633249,driver.py,driver,56,"['/imu', '/rosout']"
1681490254.1427035,57203,1681490254,142202615,,2,/imu_driver,Current time 1681490254 140788078,driver.py,driver,56,"['/imu', '/rosout']"
1681490254.168011,57204,1681490254,167696952,,2,/imu_driver,Current time 1681490254 165731906,driver.py,driver,56,"['/imu', '/rosout']"
1681490254.1918614,57205,1681490254,191641807,,2,/imu_driver,Current time 1681490254 190613508,driver.py,driver,56,"['/imu', '/rosout']"
1681490254.2168453,57206,1681490254,216670513,,2,/imu_driver,Current time 1681490254 215580701,driver.py,driver,56,"['/imu', '/rosout']"
1681490254.2443593,57207,1681490254,244097232,,2,/imu_driver,Current time 1681490254 242954015,driver.py,driver,56,"['/imu', '/rosout']"
1681490254.2668493,57208,1681490254,266594886,,2,/imu_driver,Current time 1681490254 265563726,driver.py,driver,56,"['/imu', '/rosout']"
1681490254.291852,57209,1681490254,291696071,,2,/imu_driver,Current time 1681490254 290432453,driver.py,driver,56,"['/imu', '/rosout']"
1681490254.3170407,57210,1681490254,316467523,,2,/imu_driver,Current time 1681490254 315482616,driver.py,driver,56,"['/imu', '/rosout']"
1681490254.3421519,57211,1681490254,341497659,,2,/imu_driver,Current time 1681490254 340514421,driver.py,driver,56,"['/imu', '/rosout']"
1681490254.3672252,57212,1681490254,366566896,,2,/imu_driver,Current time 1681490254 365486145,driver.py,driver,56,"['/imu', '/rosout']"
1681490254.3939257,57213,1681490254,393385410,,2,/imu_driver,Current time 1681490254 391478061,driver.py,driver,56,"['/imu', '/rosout']"
1681490254.417087,57214,1681490254,416544675,,2,/imu_driver,Current time 1681490254 415353536,driver.py,driver,56,"['/imu', '/rosout']"
1681490254.4416351,57215,1681490254,441325902,,2,/imu_driver,Current time 1681490254 440338373,driver.py,driver,56,"['/imu', '/rosout']"
1681490254.4668612,57216,1681490254,466396331,,2,/imu_driver,Current time 1681490254 465358734,driver.py,driver,56,"['/imu', '/rosout']"
1681490254.4922192,57217,1681490254,491972923,,2,/imu_driver,Current time 1681490254 490348339,driver.py,driver,56,"['/imu', '/rosout']"
1681490254.517344,57218,1681490254,516926527,,2,/imu_driver,Current time 1681490254 515376567,driver.py,driver,56,"['/imu', '/rosout']"
1681490254.5417302,57219,1681490254,541521549,,2,/imu_driver,Current time 1681490254 540283203,driver.py,driver,56,"['/imu', '/rosout']"
1681490254.5666265,57220,1681490254,566422939,,2,/imu_driver,Current time 1681490254 565396785,driver.py,driver,56,"['/imu', '/rosout']"
1681490254.5916834,57221,1681490254,591437101,,2,/imu_driver,Current time 1681490254 590400695,driver.py,driver,56,"['/imu', '/rosout']"
1681490254.616446,57222,1681490254,616220712,,2,/imu_driver,Current time 1681490254 615144729,driver.py,driver,56,"['/imu', '/rosout']"
1681490254.6420166,57223,1681490254,641749858,,2,/imu_driver,Current time 1681490254 640258789,driver.py,driver,56,"['/imu', '/rosout']"
1681490254.6665108,57224,1681490254,666316270,,2,/imu_driver,Current time 1681490254 665151119,driver.py,driver,56,"['/imu', '/rosout']"
1681490254.691604,57225,1681490254,691391229,,2,/imu_driver,Current time 1681490254 690191030,driver.py,driver,56,"['/imu', '/rosout']"
1681490254.7168539,57226,1681490254,716624975,,2,/imu_driver,Current time 1681490254 715359449,driver.py,driver,56,"['/imu', '/rosout']"
1681490254.741745,57227,1681490254,741497993,,2,/imu_driver,Current time 1681490254 740263938,driver.py,driver,56,"['/imu', '/rosout']"
1681490254.7671754,57228,1681490254,766542911,,2,/imu_driver,Current time 1681490254 765234947,driver.py,driver,56,"['/imu', '/rosout']"
1681490254.7926147,57229,1681490254,791681766,,2,/imu_driver,Current time 1681490254 790109634,driver.py,driver,56,"['/imu', '/rosout']"
1681490254.8178847,57230,1681490254,817028045,,2,/imu_driver,Current time 1681490254 815418720,driver.py,driver,56,"['/imu', '/rosout']"
1681490254.8419125,57231,1681490254,841267108,,2,/imu_driver,Current time 1681490254 840179443,driver.py,driver,56,"['/imu', '/rosout']"
1681490254.8670228,57232,1681490254,866087913,,2,/imu_driver,Current time 1681490254 865054607,driver.py,driver,56,"['/imu', '/rosout']"
1681490254.8920085,57233,1681490254,891712665,,2,/imu_driver,Current time 1681490254 890007257,driver.py,driver,56,"['/imu', '/rosout']"
1681490254.916531,57234,1681490254,915975093,,2,/imu_driver,Current time 1681490254 914967060,driver.py,driver,56,"['/imu', '/rosout']"
1681490254.9426398,57235,1681490254,941800594,,2,/imu_driver,Current time 1681490254 940571069,driver.py,driver,56,"['/imu', '/rosout']"
1681490254.9666543,57236,1681490254,965915441,,2,/imu_driver,Current time 1681490254 964927434,driver.py,driver,56,"['/imu', '/rosout']"
1681490254.9916887,57237,1681490254,990962505,,2,/imu_driver,Current time 1681490254 989911317,driver.py,driver,56,"['/imu', '/rosout']"
1681490255.0178514,57238,1681490255,17257690,,2,/imu_driver,Current time 1681490255 15972137,driver.py,driver,56,"['/imu', '/rosout']"
1681490255.0419018,57239,1681490255,41552066,,2,/imu_driver,Current time 1681490255 40003538,driver.py,driver,56,"['/imu', '/rosout']"
1681490255.0683813,57240,1681490255,67111968,,2,/imu_driver,Current time 1681490255 66060304,driver.py,driver,56,"['/imu', '/rosout']"
1681490255.0914729,57241,1681490255,90864658,,2,/imu_driver,Current time 1681490255 89785099,driver.py,driver,56,"['/imu', '/rosout']"
1681490255.1174371,57242,1681490255,116862773,,2,/imu_driver,Current time 1681490255 115805149,driver.py,driver,56,"['/imu', '/rosout']"
1681490255.142583,57243,1681490255,142235040,,2,/imu_driver,Current time 1681490255 140848636,driver.py,driver,56,"['/imu', '/rosout']"
1681490255.1671994,57244,1681490255,166986703,,2,/imu_driver,Current time 1681490255 165955543,driver.py,driver,56,"['/imu', '/rosout']"
1681490255.1920178,57245,1681490255,191842794,,2,/imu_driver,Current time 1681490255 190716981,driver.py,driver,56,"['/imu', '/rosout']"
1681490255.217282,57246,1681490255,217045307,,2,/imu_driver,Current time 1681490255 215742111,driver.py,driver,56,"['/imu', '/rosout']"
1681490255.2421756,57247,1681490255,241952180,,2,/imu_driver,Current time 1681490255 240752220,driver.py,driver,56,"['/imu', '/rosout']"
1681490255.2671938,57248,1681490255,266994714,,2,/imu_driver,Current time 1681490255 265877723,driver.py,driver,56,"['/imu', '/rosout']"
1681490255.2947984,57249,1681490255,294626712,,2,/imu_driver,Current time 1681490255 292395591,driver.py,driver,56,"['/imu', '/rosout']"
1681490255.3174362,57250,1681490255,317203760,,2,/imu_driver,Current time 1681490255 316245079,driver.py,driver,56,"['/imu', '/rosout']"
1681490255.3416092,57251,1681490255,341443300,,2,/imu_driver,Current time 1681490255 340471029,driver.py,driver,56,"['/imu', '/rosout']"
1681490255.3670895,57252,1681490255,366842508,,2,/imu_driver,Current time 1681490255 365563631,driver.py,driver,56,"['/imu', '/rosout']"
1681490255.3926933,57253,1681490255,392374515,,2,/imu_driver,Current time 1681490255 391117095,driver.py,driver,56,"['/imu', '/rosout']"
1681490255.4165967,57254,1681490255,416439533,,2,/imu_driver,Current time 1681490255 415559530,driver.py,driver,56,"['/imu', '/rosout']"
1681490255.4419959,57255,1681490255,441882133,,2,/imu_driver,Current time 1681490255 440642833,driver.py,driver,56,"['/imu', '/rosout']"
1681490255.4666352,57256,1681490255,466422080,,2,/imu_driver,Current time 1681490255 465317487,driver.py,driver,56,"['/imu', '/rosout']"
1681490255.4917552,57257,1681490255,491564512,,2,/imu_driver,Current time 1681490255 490416526,driver.py,driver,56,"['/imu', '/rosout']"
1681490255.516674,57258,1681490255,516496896,,2,/imu_driver,Current time 1681490255 515451669,driver.py,driver,56,"['/imu', '/rosout']"
1681490255.5428665,57259,1681490255,542258262,,2,/imu_driver,Current time 1681490255 540579080,driver.py,driver,56,"['/imu', '/rosout']"
1681490255.5670424,57260,1681490255,566731691,,2,/imu_driver,Current time 1681490255 565403461,driver.py,driver,56,"['/imu', '/rosout']"
1681490255.5917337,57261,1681490255,591263532,,2,/imu_driver,Current time 1681490255 590272188,driver.py,driver,56,"['/imu', '/rosout']"
1681490255.6168456,57262,1681490255,616411447,,2,/imu_driver,Current time 1681490255 615336894,driver.py,driver,56,"['/imu', '/rosout']"
1681490255.6431706,57263,1681490255,642512559,,2,/imu_driver,Current time 1681490255 641299009,driver.py,driver,56,"['/imu', '/rosout']"
1681490255.6667721,57264,1681490255,666349887,,2,/imu_driver,Current time 1681490255 665302038,driver.py,driver,56,"['/imu', '/rosout']"
1681490255.6919034,57265,1681490255,691514253,,2,/imu_driver,Current time 1681490255 690300703,driver.py,driver,56,"['/imu', '/rosout']"
1681490255.716611,57266,1681490255,716360330,,2,/imu_driver,Current time 1681490255 715306043,driver.py,driver,56,"['/imu', '/rosout']"
1681490255.7419937,57267,1681490255,741408348,,2,/imu_driver,Current time 1681490255 740364551,driver.py,driver,56,"['/imu', '/rosout']"
1681490255.7671313,57268,1681490255,766470432,,2,/imu_driver,Current time 1681490255 765406608,driver.py,driver,56,"['/imu', '/rosout']"
1681490255.7920423,57269,1681490255,791796207,,2,/imu_driver,Current time 1681490255 790231227,driver.py,driver,56,"['/imu', '/rosout']"
1681490255.8177788,57270,1681490255,817451953,,2,/imu_driver,Current time 1681490255 816096544,driver.py,driver,56,"['/imu', '/rosout']"
1681490255.8428874,57271,1681490255,842526912,,2,/imu_driver,Current time 1681490255 840601444,driver.py,driver,56,"['/imu', '/rosout']"
1681490255.86842,57272,1681490255,867371797,,2,/imu_driver,Current time 1681490255 865739107,driver.py,driver,56,"['/imu', '/rosout']"
1681490255.8928323,57273,1681490255,892133235,,2,/imu_driver,Current time 1681490255 890720367,driver.py,driver,56,"['/imu', '/rosout']"
1681490255.9169228,57274,1681490255,916238784,,2,/imu_driver,Current time 1681490255 915132999,driver.py,driver,56,"['/imu', '/rosout']"
1681490255.9446244,57275,1681490255,942506313,,2,/imu_driver,Current time 1681490255 940299272,driver.py,driver,56,"['/imu', '/rosout']"
1681490255.9664,57276,1681490255,966073751,,2,/imu_driver,Current time 1681490255 965049266,driver.py,driver,56,"['/imu', '/rosout']"
1681490255.9916,57277,1681490255,991393566,,2,/imu_driver,Current time 1681490255 990267753,driver.py,driver,56,"['/imu', '/rosout']"
1681490256.0164146,57278,1681490256,16072988,,2,/imu_driver,Current time 1681490256 15154600,driver.py,driver,56,"['/imu', '/rosout']"
1681490256.0442367,57279,1681490256,43393611,,2,/imu_driver,Current time 1681490256 42178869,driver.py,driver,56,"['/imu', '/rosout']"
1681490256.067087,57280,1681490256,66420078,,2,/imu_driver,Current time 1681490256 65111398,driver.py,driver,56,"['/imu', '/rosout']"
1681490256.091435,57281,1681490256,90893745,,2,/imu_driver,Current time 1681490256 89962720,driver.py,driver,56,"['/imu', '/rosout']"
1681490256.116725,57282,1681490256,115977764,,2,/imu_driver,Current time 1681490256 115024328,driver.py,driver,56,"['/imu', '/rosout']"
1681490256.145424,57283,1681490256,144884109,,2,/imu_driver,Current time 1681490256 143559455,driver.py,driver,56,"['/imu', '/rosout']"
1681490256.1674354,57284,1681490256,166872978,,2,/imu_driver,Current time 1681490256 165760755,driver.py,driver,56,"['/imu', '/rosout']"
1681490256.1918955,57285,1681490256,191106557,,2,/imu_driver,Current time 1681490256 189920425,driver.py,driver,56,"['/imu', '/rosout']"
1681490256.2172658,57286,1681490256,216979742,,2,/imu_driver,Current time 1681490256 215957164,driver.py,driver,56,"['/imu', '/rosout']"
1681490256.2412198,57287,1681490256,240987539,,2,/imu_driver,Current time 1681490256 240005970,driver.py,driver,56,"['/imu', '/rosout']"
1681490256.267146,57288,1681490256,266896724,,2,/imu_driver,Current time 1681490256 265910625,driver.py,driver,56,"['/imu', '/rosout']"
1681490256.293017,57289,1681490256,292060852,,2,/imu_driver,Current time 1681490256 290783643,driver.py,driver,56,"['/imu', '/rosout']"
1681490256.317099,57290,1681490256,316769123,,2,/imu_driver,Current time 1681490256 315731048,driver.py,driver,56,"['/imu', '/rosout']"
1681490256.3423655,57291,1681490256,341664314,,2,/imu_driver,Current time 1681490256 340645790,driver.py,driver,56,"['/imu', '/rosout']"
1681490256.367126,57292,1681490256,366708517,,2,/imu_driver,Current time 1681490256 365690946,driver.py,driver,56,"['/imu', '/rosout']"
1681490256.3926287,57293,1681490256,391950607,,2,/imu_driver,Current time 1681490256 390842437,driver.py,driver,56,"['/imu', '/rosout']"
1681490256.417311,57294,1681490256,416775941,,2,/imu_driver,Current time 1681490256 415785074,driver.py,driver,56,"['/imu', '/rosout']"
1681490256.4451466,57295,1681490256,444274425,,2,/imu_driver,Current time 1681490256 442276954,driver.py,driver,56,"['/imu', '/rosout']"
1681490256.4673758,57296,1681490256,466560840,,2,/imu_driver,Current time 1681490256 465498924,driver.py,driver,56,"['/imu', '/rosout']"
1681490256.4920113,57297,1681490256,491831302,,2,/imu_driver,Current time 1681490256 490766048,driver.py,driver,56,"['/imu', '/rosout']"
1681490256.5177293,57298,1681490256,516739130,,2,/imu_driver,Current time 1681490256 515573501,driver.py,driver,56,"['/imu', '/rosout']"
1681490256.5462618,57299,1681490256,545134544,,2,/imu_driver,Current time 1681490256 540880203,driver.py,driver,56,"['/imu', '/rosout']"
1681490256.5669491,57300,1681490256,566514968,,2,/imu_driver,Current time 1681490256 565478324,driver.py,driver,56,"['/imu', '/rosout']"
1681490256.5938127,57301,1681490256,591664314,,2,/imu_driver,Current time 1681490256 590550899,driver.py,driver,56,"['/imu', '/rosout']"
1681490256.61754,57302,1681490256,617203950,,2,/imu_driver,Current time 1681490256 615929126,driver.py,driver,56,"['/imu', '/rosout']"
1681490256.6420121,57303,1681490256,641521692,,2,/imu_driver,Current time 1681490256 640564441,driver.py,driver,56,"['/imu', '/rosout']"
1681490256.6667266,57304,1681490256,666515350,,2,/imu_driver,Current time 1681490256 665401458,driver.py,driver,56,"['/imu', '/rosout']"
1681490256.692706,57305,1681490256,691922426,,2,/imu_driver,Current time 1681490256 690568208,driver.py,driver,56,"['/imu', '/rosout']"
1681490256.7174685,57306,1681490256,716861963,,2,/imu_driver,Current time 1681490256 715549707,driver.py,driver,56,"['/imu', '/rosout']"
1681490256.7420886,57307,1681490256,741517305,,2,/imu_driver,Current time 1681490256 740573644,driver.py,driver,56,"['/imu', '/rosout']"
1681490256.7674215,57308,1681490256,766691684,,2,/imu_driver,Current time 1681490256 765563249,driver.py,driver,56,"['/imu', '/rosout']"
1681490256.7964272,57309,1681490256,796040773,,2,/imu_driver,Current time 1681490256 794669389,driver.py,driver,56,"['/imu', '/rosout']"
1681490256.8170898,57310,1681490256,816653966,,2,/imu_driver,Current time 1681490256 815603256,driver.py,driver,56,"['/imu', '/rosout']"
1681490256.842481,57311,1681490256,841880559,,2,/imu_driver,Current time 1681490256 840731143,driver.py,driver,56,"['/imu', '/rosout']"
1681490256.8670852,57312,1681490256,866372823,,2,/imu_driver,Current time 1681490256 865323305,driver.py,driver,56,"['/imu', '/rosout']"
1681490256.8918169,57313,1681490256,891373872,,2,/imu_driver,Current time 1681490256 890340328,driver.py,driver,56,"['/imu', '/rosout']"
1681490256.9178488,57314,1681490256,916800260,,2,/imu_driver,Current time 1681490256 915468215,driver.py,driver,56,"['/imu', '/rosout']"
1681490256.943546,57315,1681490256,942816019,,2,/imu_driver,Current time 1681490256 941074371,driver.py,driver,56,"['/imu', '/rosout']"
1681490256.9680138,57316,1681490256,966337203,,2,/imu_driver,Current time 1681490256 965349435,driver.py,driver,56,"['/imu', '/rosout']"
1681490256.9922898,57317,1681490256,991889715,,2,/imu_driver,Current time 1681490256 990417480,driver.py,driver,56,"['/imu', '/rosout']"
1681490257.0187497,57318,1681490257,18435955,,2,/imu_driver,Current time 1681490257 16861677,driver.py,driver,56,"['/imu', '/rosout']"
1681490257.0499458,57319,1681490257,44044017,,2,/imu_driver,Current time 1681490257 42554140,driver.py,driver,56,"['/imu', '/rosout']"
1681490257.0746455,57320,1681490257,73836803,,2,/imu_driver,Current time 1681490257 67364931,driver.py,driver,56,"['/imu', '/rosout']"
1681490257.1126986,57321,1681490257,106085062,,2,/imu_driver,Current time 1681490257 104479551,driver.py,driver,56,"['/imu', '/rosout']"
1681490257.1285653,57322,1681490257,127922534,,2,/imu_driver,Current time 1681490257 126361608,driver.py,driver,56,"['/imu', '/rosout']"
1681490257.142231,57323,1681490257,141622066,,2,/imu_driver,Current time 1681490257 140220165,driver.py,driver,56,"['/imu', '/rosout']"
1681490257.178224,57324,1681490257,175908803,,2,/imu_driver,Current time 1681490257 169702291,driver.py,driver,56,"['/imu', '/rosout']"
1681490257.197824,57325,1681490257,197129011,,2,/imu_driver,Current time 1681490257 191317796,driver.py,driver,56,"['/imu', '/rosout']"
1681490257.2226505,57326,1681490257,217834949,,2,/imu_driver,Current time 1681490257 216361045,driver.py,driver,56,"['/imu', '/rosout']"
1681490257.2503576,57327,1681490257,245555639,,2,/imu_driver,Current time 1681490257 243944406,driver.py,driver,56,"['/imu', '/rosout']"
1681490257.2885585,57328,1681490257,283105850,,2,/imu_driver,Current time 1681490257 265381097,driver.py,driver,56,"['/imu', '/rosout']"
1681490257.3194048,57329,1681490257,314330339,,2,/imu_driver,Current time 1681490257 303497552,driver.py,driver,56,"['/imu', '/rosout']"
1681490257.3428454,57330,1681490257,341926574,,2,/imu_driver,Current time 1681490257 338736534,driver.py,driver,56,"['/imu', '/rosout']"
1681490257.3500938,57331,1681490257,349324703,,2,/imu_driver,Current time 1681490257 347691774,driver.py,driver,56,"['/imu', '/rosout']"
1681490257.3666666,57332,1681490257,366348028,,2,/imu_driver,Current time 1681490257 365023374,driver.py,driver,56,"['/imu', '/rosout']"
1681490257.3922775,57333,1681490257,391489744,,2,/imu_driver,Current time 1681490257 390137195,driver.py,driver,56,"['/imu', '/rosout']"
1681490257.4172313,57334,1681490257,416636466,,2,/imu_driver,Current time 1681490257 415217399,driver.py,driver,56,"['/imu', '/rosout']"
1681490257.442563,57335,1681490257,441949367,,2,/imu_driver,Current time 1681490257 440215826,driver.py,driver,56,"['/imu', '/rosout']"
1681490257.469199,57336,1681490257,468590259,,2,/imu_driver,Current time 1681490257 467072963,driver.py,driver,56,"['/imu', '/rosout']"
1681490257.4936302,57337,1681490257,492986917,,2,/imu_driver,Current time 1681490257 490022420,driver.py,driver,56,"['/imu', '/rosout']"
1681490257.516911,57338,1681490257,516256570,,2,/imu_driver,Current time 1681490257 515001296,driver.py,driver,56,"['/imu', '/rosout']"
1681490257.541947,57339,1681490257,541333436,,2,/imu_driver,Current time 1681490257 540007114,driver.py,driver,56,"['/imu', '/rosout']"
1681490257.578489,57340,1681490257,577795267,,2,/imu_driver,Current time 1681490257 575914144,driver.py,driver,56,"['/imu', '/rosout']"
1681490257.5945854,57341,1681490257,593904495,,2,/imu_driver,Current time 1681490257 591919660,driver.py,driver,56,"['/imu', '/rosout']"
1681490257.617884,57342,1681490257,617284774,,2,/imu_driver,Current time 1681490257 615846395,driver.py,driver,56,"['/imu', '/rosout']"
1681490257.6418445,57343,1681490257,641197681,,2,/imu_driver,Current time 1681490257 639878511,driver.py,driver,56,"['/imu', '/rosout']"
1681490257.668015,57344,1681490257,667412757,,2,/imu_driver,Current time 1681490257 666050672,driver.py,driver,56,"['/imu', '/rosout']"
1681490257.6930258,57345,1681490257,692414283,,2,/imu_driver,Current time 1681490257 690929651,driver.py,driver,56,"['/imu', '/rosout']"
1681490257.717902,57346,1681490257,717230319,,2,/imu_driver,Current time 1681490257 715861082,driver.py,driver,56,"['/imu', '/rosout']"
1681490257.744464,57347,1681490257,743734359,,2,/imu_driver,Current time 1681490257 740744352,driver.py,driver,56,"['/imu', '/rosout']"
1681490257.7676635,57348,1681490257,767069339,,2,/imu_driver,Current time 1681490257 765805006,driver.py,driver,56,"['/imu', '/rosout']"
1681490257.792751,57349,1681490257,792019367,,2,/imu_driver,Current time 1681490257 790761470,driver.py,driver,56,"['/imu', '/rosout']"
1681490257.8177502,57350,1681490257,817185163,,2,/imu_driver,Current time 1681490257 815797090,driver.py,driver,56,"['/imu', '/rosout']"
1681490257.8439965,57351,1681490257,843309164,,2,/imu_driver,Current time 1681490257 840784788,driver.py,driver,56,"['/imu', '/rosout']"
1681490257.8678045,57352,1681490257,867172241,,2,/imu_driver,Current time 1681490257 865739345,driver.py,driver,56,"['/imu', '/rosout']"
1681490257.8924887,57353,1681490257,891791582,,2,/imu_driver,Current time 1681490257 890656471,driver.py,driver,56,"['/imu', '/rosout']"
1681490257.917692,57354,1681490257,917027235,,2,/imu_driver,Current time 1681490257 915663719,driver.py,driver,56,"['/imu', '/rosout']"
1681490257.9430938,57355,1681490257,942368984,,2,/imu_driver,Current time 1681490257 940724372,driver.py,driver,56,"['/imu', '/rosout']"
1681490257.967161,57356,1681490257,966486692,,2,/imu_driver,Current time 1681490257 965033292,driver.py,driver,56,"['/imu', '/rosout']"
1681490257.994393,57357,1681490257,993539333,,2,/imu_driver,Current time 1681490257 991767883,driver.py,driver,56,"['/imu', '/rosout']"
1681490258.0193837,57358,1681490258,16915559,,2,/imu_driver,Current time 1681490258 15541076,driver.py,driver,56,"['/imu', '/rosout']"
1681490258.042422,57359,1681490258,41857481,,2,/imu_driver,Current time 1681490258 40606737,driver.py,driver,56,"['/imu', '/rosout']"
1681490258.0677326,57360,1681490258,66908597,,2,/imu_driver,Current time 1681490258 65585851,driver.py,driver,56,"['/imu', '/rosout']"
1681490258.0947464,57361,1681490258,94078302,,2,/imu_driver,Current time 1681490258 91371059,driver.py,driver,56,"['/imu', '/rosout']"
1681490258.117652,57362,1681490258,117011547,,2,/imu_driver,Current time 1681490258 115560531,driver.py,driver,56,"['/imu', '/rosout']"
1681490258.1435168,57363,1681490258,141953468,,2,/imu_driver,Current time 1681490258 140552282,driver.py,driver,56,"['/imu', '/rosout']"
1681490258.1677377,57364,1681490258,167005300,,2,/imu_driver,Current time 1681490258 165597200,driver.py,driver,56,"['/imu', '/rosout']"
1681490258.194277,57365,1681490258,193452835,,2,/imu_driver,Current time 1681490258 191359281,driver.py,driver,56,"['/imu', '/rosout']"
1681490258.2177825,57366,1681490258,217029333,,2,/imu_driver,Current time 1681490258 215539693,driver.py,driver,56,"['/imu', '/rosout']"
1681490258.2445834,57367,1681490258,243642330,,2,/imu_driver,Current time 1681490258 241700887,driver.py,driver,56,"['/imu', '/rosout']"
1681490258.2687294,57368,1681490258,266930580,,2,/imu_driver,Current time 1681490258 265596866,driver.py,driver,56,"['/imu', '/rosout']"
1681490258.2921505,57369,1681490258,291501045,,2,/imu_driver,Current time 1681490258 290350437,driver.py,driver,56,"['/imu', '/rosout']"
1681490258.317463,57370,1681490258,316762208,,2,/imu_driver,Current time 1681490258 315343141,driver.py,driver,56,"['/imu', '/rosout']"
1681490258.3430893,57371,1681490258,342385768,,2,/imu_driver,Current time 1681490258 340643644,driver.py,driver,56,"['/imu', '/rosout']"
1681490258.3674195,57372,1681490258,366751670,,2,/imu_driver,Current time 1681490258 365455865,driver.py,driver,56,"['/imu', '/rosout']"
1681490258.3993933,57373,1681490258,398743867,,2,/imu_driver,Current time 1681490258 397230863,driver.py,driver,56,"['/imu', '/rosout']"
1681490258.4171243,5,1681490258,416957117,,4,/record_1681490238361869733,Less than 5 x 1G of space free on disk with '2023-04-14-12-37-18.bag.active'.,/tmp/binarydeb/ros-noetic-rosbag-1.15.15/src/recorder.cpp,Recorder::checkDisk,771,['/rosout']
1681490258.4173663,57374,1681490258,416538000,,2,/imu_driver,Current time 1681490258 415307044,driver.py,driver,56,"['/imu', '/rosout']"
1681490258.4473794,57375,1681490258,446361303,,2,/imu_driver,Current time 1681490258 444577932,driver.py,driver,56,"['/imu', '/rosout']"
1681490258.4673932,57376,1681490258,466729640,,2,/imu_driver,Current time 1681490258 465375900,driver.py,driver,56,"['/imu', '/rosout']"
1681490258.4929602,57377,1681490258,492247819,,2,/imu_driver,Current time 1681490258 490727186,driver.py,driver,56,"['/imu', '/rosout']"
1681490258.519246,57378,1681490258,516802549,,2,/imu_driver,Current time 1681490258 515326976,driver.py,driver,56,"['/imu', '/rosout']"
1681490258.5495648,57379,1681490258,547343969,,2,/imu_driver,Current time 1681490258 541200160,driver.py,driver,56,"['/imu', '/rosout']"
1681490258.567088,57380,1681490258,566424131,,2,/imu_driver,Current time 1681490258 565166950,driver.py,driver,56,"['/imu', '/rosout']"
1681490258.5944643,57381,1681490258,593793630,,2,/imu_driver,Current time 1681490258 590300083,driver.py,driver,56,"['/imu', '/rosout']"
1681490258.6172798,57382,1681490258,616704225,,2,/imu_driver,Current time 1681490258 615303516,driver.py,driver,56,"['/imu', '/rosout']"
1681490258.6425037,57383,1681490258,641956090,,2,/imu_driver,Current time 1681490258 640208244,driver.py,driver,56,"['/imu', '/rosout']"
1681490258.667159,57384,1681490258,666321992,,2,/imu_driver,Current time 1681490258 665097475,driver.py,driver,56,"['/imu', '/rosout']"
1681490258.692007,57385,1681490258,691380262,,2,/imu_driver,Current time 1681490258 690077066,driver.py,driver,56,"['/imu', '/rosout']"
1681490258.7173908,57386,1681490258,716605186,,2,/imu_driver,Current time 1681490258 715201139,driver.py,driver,56,"['/imu', '/rosout']"
1681490258.7502382,57387,1681490258,749490499,,2,/imu_driver,Current time 1681490258 740380048,driver.py,driver,56,"['/imu', '/rosout']"
1681490258.7672536,57388,1681490258,766883611,,2,/imu_driver,Current time 1681490258 765627861,driver.py,driver,56,"['/imu', '/rosout']"
1681490258.7914085,57389,1681490258,791125535,,2,/imu_driver,Current time 1681490258 789954900,driver.py,driver,56,"['/imu', '/rosout']"
1681490258.8171983,57390,1681490258,816532850,,2,/imu_driver,Current time 1681490258 815143585,driver.py,driver,56,"['/imu', '/rosout']"
1681490258.842596,57391,1681490258,841893911,,2,/imu_driver,Current time 1681490258 840302944,driver.py,driver,56,"['/imu', '/rosout']"
1681490258.8670611,57392,1681490258,866449594,,2,/imu_driver,Current time 1681490258 865114688,driver.py,driver,56,"['/imu', '/rosout']"
1681490258.8936923,57393,1681490258,891475677,,2,/imu_driver,Current time 1681490258 890022039,driver.py,driver,56,"['/imu', '/rosout']"
1681490258.917049,57394,1681490258,916389703,,2,/imu_driver,Current time 1681490258 915093183,driver.py,driver,56,"['/imu', '/rosout']"
1681490258.9427922,57395,1681490258,942174434,,2,/imu_driver,Current time 1681490258 940903425,driver.py,driver,56,"['/imu', '/rosout']"
1681490258.9771845,57396,1681490258,976042032,,2,/imu_driver,Current time 1681490258 969706296,driver.py,driver,56,"['/imu', '/rosout']"
1681490258.9927115,57397,1681490258,991864681,,2,/imu_driver,Current time 1681490258 989918231,driver.py,driver,56,"['/imu', '/rosout']"
1681490259.0180538,57398,1681490259,17249822,,2,/imu_driver,Current time 1681490259 15883445,driver.py,driver,56,"['/imu', '/rosout']"
1681490259.0419085,57399,1681490259,41398525,,2,/imu_driver,Current time 1681490259 39960384,driver.py,driver,56,"['/imu', '/rosout']"
1681490259.068154,57400,1681490259,67293167,,2,/imu_driver,Current time 1681490259 65886974,driver.py,driver,56,"['/imu', '/rosout']"
1681490259.0929768,57401,1681490259,92314004,,2,/imu_driver,Current time 1681490259 90824842,driver.py,driver,56,"['/imu', '/rosout']"
1681490259.1182933,57402,1681490259,117400646,,2,/imu_driver,Current time 1681490259 115859746,driver.py,driver,56,"['/imu', '/rosout']"
1681490259.1446955,57403,1681490259,143757820,,2,/imu_driver,Current time 1681490259 140819787,driver.py,driver,56,"['/imu', '/rosout']"
1681490259.1676884,57404,1681490259,166993379,,2,/imu_driver,Current time 1681490259 165674209,driver.py,driver,56,"['/imu', '/rosout']"
1681490259.1951742,57405,1681490259,194539308,,2,/imu_driver,Current time 1681490259 193016529,driver.py,driver,56,"['/imu', '/rosout']"
1681490259.2175684,57406,1681490259,216978549,,2,/imu_driver,Current time 1681490259 215614318,driver.py,driver,56,"['/imu', '/rosout']"
1681490259.2445116,57407,1681490259,243703842,,2,/imu_driver,Current time 1681490259 242215633,driver.py,driver,56,"['/imu', '/rosout']"
1681490259.2677295,57408,1681490259,266987800,,2,/imu_driver,Current time 1681490259 265738248,driver.py,driver,56,"['/imu', '/rosout']"
1681490259.2933238,57409,1681490259,291738033,,2,/imu_driver,Current time 1681490259 290604352,driver.py,driver,56,"['/imu', '/rosout']"
1681490259.3225482,57410,1681490259,321154832,,2,/imu_driver,Current time 1681490259 319016456,driver.py,driver,56,"['/imu', '/rosout']"
1681490259.3474538,57411,1681490259,342157602,,2,/imu_driver,Current time 1681490259 340620040,driver.py,driver,56,"['/imu', '/rosout']"
1681490259.3692102,57412,1681490259,368406057,,2,/imu_driver,Current time 1681490259 365656375,driver.py,driver,56,"['/imu', '/rosout']"
1681490259.3930006,57413,1681490259,392241716,,2,/imu_driver,Current time 1681490259 390627384,driver.py,driver,56,"['/imu', '/rosout']"
1681490259.4176624,57414,1681490259,416940689,,2,/imu_driver,Current time 1681490259 415630817,driver.py,driver,56,"['/imu', '/rosout']"
1681490259.4510515,57415,1681490259,441785335,,2,/imu_driver,Current time 1681490259 440555572,driver.py,driver,56,"['/imu', '/rosout']"
1681490259.4678764,57416,1681490259,466763734,,2,/imu_driver,Current time 1681490259 465461969,driver.py,driver,56,"['/imu', '/rosout']"
1681490259.4930644,57417,1681490259,492206573,,2,/imu_driver,Current time 1681490259 490544080,driver.py,driver,56,"['/imu', '/rosout']"
1681490259.5172834,57418,1681490259,516719341,,2,/imu_driver,Current time 1681490259 515564918,driver.py,driver,56,"['/imu', '/rosout']"
1681490259.5431175,57419,1681490259,541718006,,2,/imu_driver,Current time 1681490259 540567636,driver.py,driver,56,"['/imu', '/rosout']"
1681490259.5673237,57420,1681490259,566572904,,2,/imu_driver,Current time 1681490259 565368413,driver.py,driver,56,"['/imu', '/rosout']"
1681490259.5920558,57421,1681490259,591558933,,2,/imu_driver,Current time 1681490259 590469837,driver.py,driver,56,"['/imu', '/rosout']"
1681490259.617142,57422,1681490259,616698026,,2,/imu_driver,Current time 1681490259 615524053,driver.py,driver,56,"['/imu', '/rosout']"
1681490259.6448731,57423,1681490259,641973018,,2,/imu_driver,Current time 1681490259 640577077,driver.py,driver,56,"['/imu', '/rosout']"
1681490259.6668239,57424,1681490259,666452884,,2,/imu_driver,Current time 1681490259 665413141,driver.py,driver,56,"['/imu', '/rosout']"
1681490259.6915677,57425,1681490259,691415071,,2,/imu_driver,Current time 1681490259 690406084,driver.py,driver,56,"['/imu', '/rosout']"
1681490259.716576,57426,1681490259,716329574,,2,/imu_driver,Current time 1681490259 715276718,driver.py,driver,56,"['/imu', '/rosout']"
1681490259.7429953,57427,1681490259,742679119,,2,/imu_driver,Current time 1681490259 740669012,driver.py,driver,56,"['/imu', '/rosout']"
1681490259.7664704,57428,1681490259,766243696,,2,/imu_driver,Current time 1681490259 765221118,driver.py,driver,56,"['/imu', '/rosout']"
1681490259.7916508,57429,1681490259,791424274,,2,/imu_driver,Current time 1681490259 790292501,driver.py,driver,56,"['/imu', '/rosout']"
1681490259.8167496,57430,1681490259,816233396,,2,/imu_driver,Current time 1681490259 815147161,driver.py,driver,56,"['/imu', '/rosout']"
1681490259.841892,57431,1681490259,841404676,,2,/imu_driver,Current time 1681490259 840374469,driver.py,driver,56,"['/imu', '/rosout']"
1681490259.8669176,57432,1681490259,866219282,,2,/imu_driver,Current time 1681490259 865198612,driver.py,driver,56,"['/imu', '/rosout']"
1681490259.8939605,57433,1681490259,892421007,,2,/imu_driver,Current time 1681490259 890688419,driver.py,driver,56,"['/imu', '/rosout']"
1681490259.9179688,57434,1681490259,917178153,,2,/imu_driver,Current time 1681490259 915524721,driver.py,driver,56,"['/imu', '/rosout']"
1681490259.942062,57435,1681490259,941236734,,2,/imu_driver,Current time 1681490259 940171241,driver.py,driver,56,"['/imu', '/rosout']"
1681490259.9664218,57436,1681490259,966243267,,2,/imu_driver,Current time 1681490259 965164899,driver.py,driver,56,"['/imu', '/rosout']"
1681490259.991717,57437,1681490259,991492509,,2,/imu_driver,Current time 1681490259 990044832,driver.py,driver,56,"['/imu', '/rosout']"
1681490260.0163872,57438,1681490260,16032695,,2,/imu_driver,Current time 1681490260 15058755,driver.py,driver,56,"['/imu', '/rosout']"
1681490260.0421484,57439,1681490260,41841506,,2,/imu_driver,Current time 1681490260 40489435,driver.py,driver,56,"['/imu', '/rosout']"
1681490260.0664396,57440,1681490260,66279411,,2,/imu_driver,Current time 1681490260 65245628,driver.py,driver,56,"['/imu', '/rosout']"
1681490260.0914423,57441,1681490260,91243028,,2,/imu_driver,Current time 1681490260 90201377,driver.py,driver,56,"['/imu', '/rosout']"
1681490260.1166108,57442,1681490260,116055965,,2,/imu_driver,Current time 1681490260 115032672,driver.py,driver,56,"['/imu', '/rosout']"
1681490260.1419787,57443,1681490260,141431808,,2,/imu_driver,Current time 1681490260 139991998,driver.py,driver,56,"['/imu', '/rosout']"
1681490260.1681726,57444,1681490260,167262792,,2,/imu_driver,Current time 1681490260 166125535,driver.py,driver,56,"['/imu', '/rosout']"
1681490260.1916878,57445,1681490260,191009998,,2,/imu_driver,Current time 1681490260 189996719,driver.py,driver,56,"['/imu', '/rosout']"
1681490260.21736,57446,1681490260,216908454,,2,/imu_driver,Current time 1681490260 215802669,driver.py,driver,56,"['/imu', '/rosout']"
1681490260.2427714,57447,1681490260,241523981,,2,/imu_driver,Current time 1681490260 239976644,driver.py,driver,56,"['/imu', '/rosout']"
1681490260.2676153,57448,1681490260,266904354,,2,/imu_driver,Current time 1681490260 265967845,driver.py,driver,56,"['/imu', '/rosout']"
1681490260.2919128,57449,1681490260,290995597,,2,/imu_driver,Current time 1681490260 289906978,driver.py,driver,56,"['/imu', '/rosout']"
1681490260.3174174,57450,1681490260,316996812,,2,/imu_driver,Current time 1681490260 315966606,driver.py,driver,56,"['/imu', '/rosout']"
1681490260.3421633,57451,1681490260,341757774,,2,/imu_driver,Current time 1681490260 340752363,driver.py,driver,56,"['/imu', '/rosout']"
1681490260.3672056,57452,1681490260,366966724,,2,/imu_driver,Current time 1681490260 365825176,driver.py,driver,56,"['/imu', '/rosout']"
1681490260.3929634,57453,1681490260,392779350,,2,/imu_driver,Current time 1681490260 391516208,driver.py,driver,56,"['/imu', '/rosout']"
1681490260.417131,57454,1681490260,416904211,,2,/imu_driver,Current time 1681490260 415802001,driver.py,driver,56,"['/imu', '/rosout']"
1681490260.442071,57455,1681490260,441812276,,2,/imu_driver,Current time 1681490260 440826892,driver.py,driver,56,"['/imu', '/rosout']"
1681490260.466954,57456,1681490260,466791152,,2,/imu_driver,Current time 1681490260 465710401,driver.py,driver,56,"['/imu', '/rosout']"
1681490260.4933484,57457,1681490260,492481946,,2,/imu_driver,Current time 1681490260 490772247,driver.py,driver,56,"['/imu', '/rosout']"
1681490260.517469,57458,1681490260,516921758,,2,/imu_driver,Current time 1681490260 515847444,driver.py,driver,56,"['/imu', '/rosout']"
1681490260.5431962,57459,1681490260,542046070,,2,/imu_driver,Current time 1681490260 540742158,driver.py,driver,56,"['/imu', '/rosout']"
1681490260.5678022,57460,1681490260,567158699,,2,/imu_driver,Current time 1681490260 565773248,driver.py,driver,56,"['/imu', '/rosout']"
1681490260.5921984,57461,1681490260,591809988,,2,/imu_driver,Current time 1681490260 590747117,driver.py,driver,56,"['/imu', '/rosout']"
1681490260.6170952,57462,1681490260,616708517,,2,/imu_driver,Current time 1681490260 615648984,driver.py,driver,56,"['/imu', '/rosout']"
1681490260.6431773,57463,1681490260,641871929,,2,/imu_driver,Current time 1681490260 640498876,driver.py,driver,56,"['/imu', '/rosout']"
1681490260.667767,57464,1681490260,667042493,,2,/imu_driver,Current time 1681490260 665811061,driver.py,driver,56,"['/imu', '/rosout']"
1681490260.6919746,57465,1681490260,691513061,,2,/imu_driver,Current time 1681490260 690513372,driver.py,driver,56,"['/imu', '/rosout']"
1681490260.7169545,57466,1681490260,716731071,,2,/imu_driver,Current time 1681490260 715549468,driver.py,driver,56,"['/imu', '/rosout']"
1681490260.7453575,57467,1681490260,745045423,,2,/imu_driver,Current time 1681490260 742458820,driver.py,driver,56,"['/imu', '/rosout']"
1681490260.767074,57468,1681490260,766626119,,2,/imu_driver,Current time 1681490260 765390396,driver.py,driver,56,"['/imu', '/rosout']"
1681490260.7920485,57469,1681490260,791579961,,2,/imu_driver,Current time 1681490260 790349483,driver.py,driver,56,"['/imu', '/rosout']"
1681490260.8168685,57470,1681490260,816403865,,2,/imu_driver,Current time 1681490260 815332412,driver.py,driver,56,"['/imu', '/rosout']"
1681490260.8420615,57471,1681490260,841542005,,2,/imu_driver,Current time 1681490260 840368032,driver.py,driver,56,"['/imu', '/rosout']"
1681490260.8671665,57472,1681490260,866432905,,2,/imu_driver,Current time 1681490260 865397691,driver.py,driver,56,"['/imu', '/rosout']"
1681490260.892548,57473,1681490260,891840457,,2,/imu_driver,Current time 1681490260 890792131,driver.py,driver,56,"['/imu', '/rosout']"
1681490260.917358,57474,1681490260,916501522,,2,/imu_driver,Current time 1681490260 915367126,driver.py,driver,56,"['/imu', '/rosout']"
1681490260.941747,57475,1681490260,941243410,,2,/imu_driver,Current time 1681490260 940279245,driver.py,driver,56,"['/imu', '/rosout']"
1681490260.966925,57476,1681490260,966382741,,2,/imu_driver,Current time 1681490260 965334892,driver.py,driver,56,"['/imu', '/rosout']"
1681490260.9932046,57477,1681490260,992917060,,2,/imu_driver,Current time 1681490260 991225004,driver.py,driver,56,"['/imu', '/rosout']"
1681490261.0166068,57478,1681490261,16347646,,2,/imu_driver,Current time 1681490261 15177726,driver.py,driver,56,"['/imu', '/rosout']"
1681490261.0417347,57479,1681490261,41531085,,2,/imu_driver,Current time 1681490261 40338754,driver.py,driver,56,"['/imu', '/rosout']"
1681490261.067628,57480,1681490261,66519975,,2,/imu_driver,Current time 1681490261 65408945,driver.py,driver,56,"['/imu', '/rosout']"
1681490261.091576,57481,1681490261,91412067,,2,/imu_driver,Current time 1681490261 90257406,driver.py,driver,56,"['/imu', '/rosout']"
1681490261.1165624,57482,1681490261,116385459,,2,/imu_driver,Current time 1681490261 115095615,driver.py,driver,56,"['/imu', '/rosout']"
1681490261.1417124,57483,1681490261,141524553,,2,/imu_driver,Current time 1681490261 140236616,driver.py,driver,56,"['/imu', '/rosout']"
1681490261.1669097,57484,1681490261,166624069,,2,/imu_driver,Current time 1681490261 165084123,driver.py,driver,56,"['/imu', '/rosout']"
1681490261.1913373,57485,1681490261,191179037,,2,/imu_driver,Current time 1681490261 190076112,driver.py,driver,56,"['/imu', '/rosout']"
1681490261.2164273,57486,1681490261,216230869,,2,/imu_driver,Current time 1681490261 215032815,driver.py,driver,56,"['/imu', '/rosout']"
1681490261.2416477,57487,1681490261,241288900,,2,/imu_driver,Current time 1681490261 240172147,driver.py,driver,56,"['/imu', '/rosout']"
1681490261.2664301,57488,1681490261,266218185,,2,/imu_driver,Current time 1681490261 264974594,driver.py,driver,56,"['/imu', '/rosout']"
1681490261.2920244,57489,1681490261,291651725,,2,/imu_driver,Current time 1681490261 290140867,driver.py,driver,56,"['/imu', '/rosout']"
1681490261.3171473,57490,1681490261,316091537,,2,/imu_driver,Current time 1681490261 315153598,driver.py,driver,56,"['/imu', '/rosout']"
1681490261.341642,57491,1681490261,341042518,,2,/imu_driver,Current time 1681490261 340004682,driver.py,driver,56,"['/imu', '/rosout']"
1681490261.3664322,57492,1681490261,366210460,,2,/imu_driver,Current time 1681490261 365084409,driver.py,driver,56,"['/imu', '/rosout']"
1681490261.3925216,57493,1681490261,392214059,,2,/imu_driver,Current time 1681490261 390820264,driver.py,driver,56,"['/imu', '/rosout']"
1681490261.4171805,57494,1681490261,416939496,,2,/imu_driver,Current time 1681490261 416059970,driver.py,driver,56,"['/imu', '/rosout']"
1681490261.4424243,57495,1681490261,442097425,,2,/imu_driver,Current time 1681490261 440951347,driver.py,driver,56,"['/imu', '/rosout']"
1681490261.4672897,57496,1681490261,467078208,,2,/imu_driver,Current time 1681490261 466067790,driver.py,driver,56,"['/imu', '/rosout']"
1681490261.4922853,57497,1681490261,492043256,,2,/imu_driver,Current time 1681490261 490890264,driver.py,driver,56,"['/imu', '/rosout']"
1681490261.5170367,57498,1681490261,516878604,,2,/imu_driver,Current time 1681490261 515840530,driver.py,driver,56,"['/imu', '/rosout']"
1681490261.542594,57499,1681490261,542277336,,2,/imu_driver,Current time 1681490261 540886640,driver.py,driver,56,"['/imu', '/rosout']"
1681490261.5678077,57500,1681490261,567003965,,2,/imu_driver,Current time 1681490261 565787553,driver.py,driver,56,"['/imu', '/rosout']"
1681490261.592591,57501,1681490261,591739177,,2,/imu_driver,Current time 1681490261 590659141,driver.py,driver,56,"['/imu', '/rosout']"
1681490261.6181245,57502,1681490261,617179632,,2,/imu_driver,Current time 1681490261 615817546,driver.py,driver,56,"['/imu', '/rosout']"
1681490261.6427221,57503,1681490261,642349481,,2,/imu_driver,Current time 1681490261 640949487,driver.py,driver,56,"['/imu', '/rosout']"
1681490261.6673226,57504,1681490261,667098283,,2,/imu_driver,Current time 1681490261 665835857,driver.py,driver,56,"['/imu', '/rosout']"
1681490261.693301,57505,1681490261,692063331,,2,/imu_driver,Current time 1681490261 690728187,driver.py,driver,56,"['/imu', '/rosout']"
1681490261.717536,57506,1681490261,716906070,,2,/imu_driver,Current time 1681490261 715736627,driver.py,driver,56,"['/imu', '/rosout']"
1681490261.7426007,57507,1681490261,742038726,,2,/imu_driver,Current time 1681490261 740808010,driver.py,driver,56,"['/imu', '/rosout']"
1681490261.767091,57508,1681490261,766590833,,2,/imu_driver,Current time 1681490261 765534639,driver.py,driver,56,"['/imu', '/rosout']"
1681490261.7934198,57509,1681490261,793110132,,2,/imu_driver,Current time 1681490261 791871547,driver.py,driver,56,"['/imu', '/rosout']"
1681490261.81698,57510,1681490261,816708803,,2,/imu_driver,Current time 1681490261 815647602,driver.py,driver,56,"['/imu', '/rosout']"
1681490261.842095,57511,1681490261,841550588,,2,/imu_driver,Current time 1681490261 840587854,driver.py,driver,56,"['/imu', '/rosout']"
1681490261.8668904,57512,1681490261,866632699,,2,/imu_driver,Current time 1681490261 865527868,driver.py,driver,56,"['/imu', '/rosout']"
1681490261.8920841,57513,1681490261,891653537,,2,/imu_driver,Current time 1681490261 890708684,driver.py,driver,56,"['/imu', '/rosout']"
1681490261.9169378,57514,1681490261,916710376,,2,/imu_driver,Current time 1681490261 915503025,driver.py,driver,56,"['/imu', '/rosout']"
1681490261.9424589,57515,1681490261,942132234,,2,/imu_driver,Current time 1681490261 940790176,driver.py,driver,56,"['/imu', '/rosout']"
1681490261.9668703,57516,1681490261,966394901,,2,/imu_driver,Current time 1681490261 965443372,driver.py,driver,56,"['/imu', '/rosout']"
1681490261.9919176,57517,1681490261,991411685,,2,/imu_driver,Current time 1681490261 990443944,driver.py,driver,56,"['/imu', '/rosout']"
1681490262.0171213,57518,1681490262,16631126,,2,/imu_driver,Current time 1681490262 15496492,driver.py,driver,56,"['/imu', '/rosout']"
1681490262.0437849,57519,1681490262,43210029,,2,/imu_driver,Current time 1681490262 41625261,driver.py,driver,56,"['/imu', '/rosout']"
1681490262.0671363,57520,1681490262,66652774,,2,/imu_driver,Current time 1681490262 65608501,driver.py,driver,56,"['/imu', '/rosout']"
1681490262.0919552,57521,1681490262,91565847,,2,/imu_driver,Current time 1681490262 90522050,driver.py,driver,56,"['/imu', '/rosout']"
1681490262.1165757,57522,1681490262,116345882,,2,/imu_driver,Current time 1681490262 115334510,driver.py,driver,56,"['/imu', '/rosout']"
1681490262.1415155,57523,1681490262,141363382,,2,/imu_driver,Current time 1681490262 140411138,driver.py,driver,56,"['/imu', '/rosout']"
1681490262.1669993,57524,1681490262,166557550,,2,/imu_driver,Current time 1681490262 165330171,driver.py,driver,56,"['/imu', '/rosout']"
1681490262.1942482,57525,1681490262,193371057,,2,/imu_driver,Current time 1681490262 192193508,driver.py,driver,56,"['/imu', '/rosout']"
1681490262.2169938,57526,1681490262,216688871,,2,/imu_driver,Current time 1681490262 215279817,driver.py,driver,56,"['/imu', '/rosout']"
1681490262.2419605,57527,1681490262,241221904,,2,/imu_driver,Current time 1681490262 240273714,driver.py,driver,56,"['/imu', '/rosout']"
1681490262.2674427,57528,1681490262,266507148,,2,/imu_driver,Current time 1681490262 265316247,driver.py,driver,56,"['/imu', '/rosout']"
1681490262.2926385,57529,1681490262,291687011,,2,/imu_driver,Current time 1681490262 290356636,driver.py,driver,56,"['/imu', '/rosout']"
1681490262.3169074,57530,1681490262,316414833,,2,/imu_driver,Current time 1681490262 315352678,driver.py,driver,56,"['/imu', '/rosout']"
1681490262.342202,57531,1681490262,341601133,,2,/imu_driver,Current time 1681490262 340284347,driver.py,driver,56,"['/imu', '/rosout']"
1681490262.367099,57532,1681490262,366507291,,2,/imu_driver,Current time 1681490262 365347385,driver.py,driver,56,"['/imu', '/rosout']"
1681490262.3917518,57533,1681490262,391308784,,2,/imu_driver,Current time 1681490262 390308856,driver.py,driver,56,"['/imu', '/rosout']"
1681490262.4177747,57534,1681490262,416222810,,2,/imu_driver,Current time 1681490262 415256261,driver.py,driver,56,"['/imu', '/rosout']"
1681490262.443456,57535,1681490262,442955493,,2,/imu_driver,Current time 1681490262 441860198,driver.py,driver,56,"['/imu', '/rosout']"
1681490262.4664419,57536,1681490262,466221809,,2,/imu_driver,Current time 1681490262 465132236,driver.py,driver,56,"['/imu', '/rosout']"
1681490262.491756,57537,1681490262,491511106,,2,/imu_driver,Current time 1681490262 490216255,driver.py,driver,56,"['/imu', '/rosout']"
1681490262.5167258,57538,1681490262,516250133,,2,/imu_driver,Current time 1681490262 515095472,driver.py,driver,56,"['/imu', '/rosout']"
1681490262.5425527,57539,1681490262,542151689,,2,/imu_driver,Current time 1681490262 540648698,driver.py,driver,56,"['/imu', '/rosout']"
1681490262.5666661,57540,1681490262,566246032,,2,/imu_driver,Current time 1681490262 565111398,driver.py,driver,56,"['/imu', '/rosout']"
1681490262.5926154,57541,1681490262,592221975,,2,/imu_driver,Current time 1681490262 590024471,driver.py,driver,56,"['/imu', '/rosout']"
1681490262.6173933,57542,1681490262,617062330,,2,/imu_driver,Current time 1681490262 615942955,driver.py,driver,56,"['/imu', '/rosout']"
1681490262.6414497,57543,1681490262,641241788,,2,/imu_driver,Current time 1681490262 639986991,driver.py,driver,56,"['/imu', '/rosout']"
1681490262.6672852,57544,1681490262,666984558,,2,/imu_driver,Current time 1681490262 666041135,driver.py,driver,56,"['/imu', '/rosout']"
1681490262.6920671,57545,1681490262,691820383,,2,/imu_driver,Current time 1681490262 690411806,driver.py,driver,56,"['/imu', '/rosout']"
1681490262.7162132,57546,1681490262,715974092,,2,/imu_driver,Current time 1681490262 715011358,driver.py,driver,56,"['/imu', '/rosout']"
1681490262.742174,57547,1681490262,741888761,,2,/imu_driver,Current time 1681490262 740961551,driver.py,driver,56,"['/imu', '/rosout']"
1681490262.7701626,57548,1681490262,769934415,,2,/imu_driver,Current time 1681490262 766021728,driver.py,driver,56,"['/imu', '/rosout']"
1681490262.7929354,57549,1681490262,792524337,,2,/imu_driver,Current time 1681490262 790889024,driver.py,driver,56,"['/imu', '/rosout']"
1681490262.8174112,57550,1681490262,817259550,,2,/imu_driver,Current time 1681490262 815910100,driver.py,driver,56,"['/imu', '/rosout']"
1681490262.8482296,57551,1681490262,847954988,,2,/imu_driver,Current time 1681490262 843637704,driver.py,driver,56,"['/imu', '/rosout']"
1681490262.8674457,57552,1681490262,867065191,,2,/imu_driver,Current time 1681490262 865777969,driver.py,driver,56,"['/imu', '/rosout']"
1681490262.8927698,57553,1681490262,891942262,,2,/imu_driver,Current time 1681490262 890760183,driver.py,driver,56,"['/imu', '/rosout']"
1681490262.9171014,57554,1681490262,916888713,,2,/imu_driver,Current time 1681490262 915799617,driver.py,driver,56,"['/imu', '/rosout']"
1681490262.944297,57555,1681490262,943912506,,2,/imu_driver,Current time 1681490262 942830324,driver.py,driver,56,"['/imu', '/rosout']"
1681490262.9670258,57556,1681490262,966761589,,2,/imu_driver,Current time 1681490262 965856552,driver.py,driver,56,"['/imu', '/rosout']"
1681490262.992903,57557,1681490262,991990089,,2,/imu_driver,Current time 1681490262 990919828,driver.py,driver,56,"['/imu', '/rosout']"
1681490263.0169966,57558,1681490263,16701698,,2,/imu_driver,Current time 1681490263 15599012,driver.py,driver,56,"['/imu', '/rosout']"
1681490263.041953,57559,1681490263,41749000,,2,/imu_driver,Current time 1681490263 40845632,driver.py,driver,56,"['/imu', '/rosout']"
1681490263.0670142,57560,1681490263,66775560,,2,/imu_driver,Current time 1681490263 65664291,driver.py,driver,56,"['/imu', '/rosout']"
1681490263.0921953,57561,1681490263,91946601,,2,/imu_driver,Current time 1681490263 90659379,driver.py,driver,56,"['/imu', '/rosout']"
1681490263.117631,57562,1681490263,116900444,,2,/imu_driver,Current time 1681490263 115811824,driver.py,driver,56,"['/imu', '/rosout']"
1681490263.1419692,57563,1681490263,141531705,,2,/imu_driver,Current time 1681490263 140515565,driver.py,driver,56,"['/imu', '/rosout']"
1681490263.1669922,57564,1681490263,166707754,,2,/imu_driver,Current time 1681490263 165596485,driver.py,driver,56,"['/imu', '/rosout']"
1681490263.194951,57565,1681490263,194153785,,2,/imu_driver,Current time 1681490263 192996978,driver.py,driver,56,"['/imu', '/rosout']"
1681490263.2173173,57566,1681490263,217063665,,2,/imu_driver,Current time 1681490263 215749979,driver.py,driver,56,"['/imu', '/rosout']"
1681490263.2429602,57567,1681490263,241986751,,2,/imu_driver,Current time 1681490263 240709543,driver.py,driver,56,"['/imu', '/rosout']"
1681490263.2669265,57568,1681490263,266680240,,2,/imu_driver,Current time 1681490263 265537261,driver.py,driver,56,"['/imu', '/rosout']"
1681490263.2926204,57569,1681490263,291877031,,2,/imu_driver,Current time 1681490263 290753364,driver.py,driver,56,"['/imu', '/rosout']"
1681490263.3168294,57570,1681490263,316580533,,2,/imu_driver,Current time 1681490263 315479993,driver.py,driver,56,"['/imu', '/rosout']"
1681490263.3426895,57571,1681490263,341932058,,2,/imu_driver,Current time 1681490263 340546607,driver.py,driver,56,"['/imu', '/rosout']"
1681490263.366982,57572,1681490263,366720914,,2,/imu_driver,Current time 1681490263 365485668,driver.py,driver,56,"['/imu', '/rosout']"
1681490263.3921623,57573,1681490263,391861677,,2,/imu_driver,Current time 1681490263 390589475,driver.py,driver,56,"['/imu', '/rosout']"
1681490263.417263,57574,1681490263,416455268,,2,/imu_driver,Current time 1681490263 415418863,driver.py,driver,56,"['/imu', '/rosout']"
1681490263.4423537,57575,1681490263,441810369,,2,/imu_driver,Current time 1681490263 440448045,driver.py,driver,56,"['/imu', '/rosout']"
1681490263.466924,57576,1681490263,466639280,,2,/imu_driver,Current time 1681490263 465514421,driver.py,driver,56,"['/imu', '/rosout']"
1681490263.4931297,57577,1681490263,491935253,,2,/imu_driver,Current time 1681490263 490915298,driver.py,driver,56,"['/imu', '/rosout']"
1681490263.5169506,57578,1681490263,516737699,,2,/imu_driver,Current time 1681490263 515535831,driver.py,driver,56,"['/imu', '/rosout']"
1681490263.5426362,57579,1681490263,541792631,,2,/imu_driver,Current time 1681490263 540443658,driver.py,driver,56,"['/imu', '/rosout']"
1681490263.5669305,57580,1681490263,566492080,,2,/imu_driver,Current time 1681490263 565324783,driver.py,driver,56,"['/imu', '/rosout']"
1681490263.5922494,57581,1681490263,591853857,,2,/imu_driver,Current time 1681490263 590336322,driver.py,driver,56,"['/imu', '/rosout']"
1681490263.617478,57582,1681490263,616770267,,2,/imu_driver,Current time 1681490263 615354061,driver.py,driver,56,"['/imu', '/rosout']"
1681490263.6418157,57583,1681490263,641216516,,2,/imu_driver,Current time 1681490263 640275001,driver.py,driver,56,"['/imu', '/rosout']"
1681490263.6666236,57584,1681490263,666403293,,2,/imu_driver,Current time 1681490263 665249109,driver.py,driver,56,"['/imu', '/rosout']"
1681490263.6945868,57585,1681490263,694344997,,2,/imu_driver,Current time 1681490263 693161249,driver.py,driver,56,"['/imu', '/rosout']"
1681490263.7163615,57586,1681490263,716074705,,2,/imu_driver,Current time 1681490263 715119123,driver.py,driver,56,"['/imu', '/rosout']"
1681490263.7416084,57587,1681490263,741412878,,2,/imu_driver,Current time 1681490263 740155696,driver.py,driver,56,"['/imu', '/rosout']"
1681490263.76628,57588,1681490263,766103506,,2,/imu_driver,Current time 1681490263 765188694,driver.py,driver,56,"['/imu', '/rosout']"
1681490263.7915318,57589,1681490263,791260957,,2,/imu_driver,Current time 1681490263 790269851,driver.py,driver,56,"['/imu', '/rosout']"
1681490263.8164806,57590,1681490263,816320657,,2,/imu_driver,Current time 1681490263 815241575,driver.py,driver,56,"['/imu', '/rosout']"
1681490263.841931,57591,1681490263,841530323,,2,/imu_driver,Current time 1681490263 840162992,driver.py,driver,56,"['/imu', '/rosout']"
1681490263.867694,57592,1681490263,867383956,,2,/imu_driver,Current time 1681490263 866222620,driver.py,driver,56,"['/imu', '/rosout']"
1681490263.8919506,57593,1681490263,891246557,,2,/imu_driver,Current time 1681490263 890154600,driver.py,driver,56,"['/imu', '/rosout']"
1681490263.9175584,57594,1681490263,917302370,,2,/imu_driver,Current time 1681490263 916089773,driver.py,driver,56,"['/imu', '/rosout']"
1681490263.9427392,57595,1681490263,942124605,,2,/imu_driver,Current time 1681490263 940959453,driver.py,driver,56,"['/imu', '/rosout']"
1681490263.9680326,57596,1681490263,967226028,,2,/imu_driver,Current time 1681490263 965916156,driver.py,driver,56,"['/imu', '/rosout']"
1681490263.993083,57597,1681490263,992280244,,2,/imu_driver,Current time 1681490263 991051435,driver.py,driver,56,"['/imu', '/rosout']"
1681490264.018258,57598,1681490264,17198324,,2,/imu_driver,Current time 1681490264 15855550,driver.py,driver,56,"['/imu', '/rosout']"
1681490264.0422204,57599,1681490264,42056083,,2,/imu_driver,Current time 1681490264 41022777,driver.py,driver,56,"['/imu', '/rosout']"
1681490264.0673234,57600,1681490264,66846370,,2,/imu_driver,Current time 1681490264 65762996,driver.py,driver,56,"['/imu', '/rosout']"
1681490264.0941918,57601,1681490264,93880891,,2,/imu_driver,Current time 1681490264 91910839,driver.py,driver,56,"['/imu', '/rosout']"
1681490264.1175702,57602,1681490264,117245912,,2,/imu_driver,Current time 1681490264 115878105,driver.py,driver,56,"['/imu', '/rosout']"
1681490264.14234,57603,1681490264,142053842,,2,/imu_driver,Current time 1681490264 140883922,driver.py,driver,56,"['/imu', '/rosout']"
1681490264.1677127,57604,1681490264,166913509,,2,/imu_driver,Current time 1681490264 165841102,driver.py,driver,56,"['/imu', '/rosout']"
1681490264.1965837,57605,1681490264,192307472,,2,/imu_driver,Current time 1681490264 190844297,driver.py,driver,56,"['/imu', '/rosout']"
1681490264.2174966,57606,1681490264,216855049,,2,/imu_driver,Current time 1681490264 215785503,driver.py,driver,56,"['/imu', '/rosout']"
1681490264.2425077,57607,1681490264,241873502,,2,/imu_driver,Current time 1681490264 240700244,driver.py,driver,56,"['/imu', '/rosout']"
1681490264.2670345,57608,1681490264,266647577,,2,/imu_driver,Current time 1681490264 265700101,driver.py,driver,56,"['/imu', '/rosout']"
1681490264.2921069,57609,1681490264,291798591,,2,/imu_driver,Current time 1681490264 290837287,driver.py,driver,56,"['/imu', '/rosout']"
1681490264.317082,57610,1681490264,316857099,,2,/imu_driver,Current time 1681490264 315749406,driver.py,driver,56,"['/imu', '/rosout']"
1681490264.3426569,57611,1681490264,341971635,,2,/imu_driver,Current time 1681490264 340648174,driver.py,driver,56,"['/imu', '/rosout']"
1681490264.3672569,57612,1681490264,366770505,,2,/imu_driver,Current time 1681490264 365672111,driver.py,driver,56,"['/imu', '/rosout']"
1681490264.39234,57613,1681490264,391701698,,2,/imu_driver,Current time 1681490264 390599966,driver.py,driver,56,"['/imu', '/rosout']"
1681490264.4173558,57614,1681490264,416674613,,2,/imu_driver,Current time 1681490264 415638208,driver.py,driver,56,"['/imu', '/rosout']"
1681490264.442225,57615,1681490264,441633224,,2,/imu_driver,Current time 1681490264 440545558,driver.py,driver,56,"['/imu', '/rosout']"
1681490264.4673104,57616,1681490264,466695070,,2,/imu_driver,Current time 1681490264 465657234,driver.py,driver,56,"['/imu', '/rosout']"
1681490264.4928153,57617,1681490264,492200374,,2,/imu_driver,Current time 1681490264 490694999,driver.py,driver,56,"['/imu', '/rosout']"
1681490264.5169246,57618,1681490264,516618251,,2,/imu_driver,Current time 1681490264 515531063,driver.py,driver,56,"['/imu', '/rosout']"
1681490264.5425448,57619,1681490264,541520833,,2,/imu_driver,Current time 1681490264 540459632,driver.py,driver,56,"['/imu', '/rosout']"
1681490264.5670152,57620,1681490264,566456794,,2,/imu_driver,Current time 1681490264 565365791,driver.py,driver,56,"['/imu', '/rosout']"
1681490264.5945075,57621,1681490264,592349529,,2,/imu_driver,Current time 1681490264 590753316,driver.py,driver,56,"['/imu', '/rosout']"
1681490264.6170404,57622,1681490264,616731166,,2,/imu_driver,Current time 1681490264 615615129,driver.py,driver,56,"['/imu', '/rosout']"
1681490264.6416557,57623,1681490264,641409397,,2,/imu_driver,Current time 1681490264 640398502,driver.py,driver,56,"['/imu', '/rosout']"
1681490264.6671836,57624,1681490264,666420698,,2,/imu_driver,Current time 1681490264 665334701,driver.py,driver,56,"['/imu', '/rosout']"
1681490264.691805,57625,1681490264,691529035,,2,/imu_driver,Current time 1681490264 690490007,driver.py,driver,56,"['/imu', '/rosout']"
1681490264.7173617,57626,1681490264,716515302,,2,/imu_driver,Current time 1681490264 715420484,driver.py,driver,56,"['/imu', '/rosout']"
1681490264.7420952,57627,1681490264,741779804,,2,/imu_driver,Current time 1681490264 740412473,driver.py,driver,56,"['/imu', '/rosout']"
1681490264.7671845,57628,1681490264,766851425,,2,/imu_driver,Current time 1681490264 765673398,driver.py,driver,56,"['/imu', '/rosout']"
1681490264.7922952,57629,1681490264,791480779,,2,/imu_driver,Current time 1681490264 790464878,driver.py,driver,56,"['/imu', '/rosout']"
1681490264.8166773,57630,1681490264,816389083,,2,/imu_driver,Current time 1681490264 815258741,driver.py,driver,56,"['/imu', '/rosout']"
1681490264.8428,57631,1681490264,842115640,,2,/imu_driver,Current time 1681490264 840784311,driver.py,driver,56,"['/imu', '/rosout']"
1681490264.8669217,57632,1681490264,866261482,,2,/imu_driver,Current time 1681490264 865311145,driver.py,driver,56,"['/imu', '/rosout']"
1681490264.8918743,57633,1681490264,891627788,,2,/imu_driver,Current time 1681490264 890391588,driver.py,driver,56,"['/imu', '/rosout']"
1681490264.9168594,57634,1681490264,916350126,,2,/imu_driver,Current time 1681490264 915319204,driver.py,driver,56,"['/imu', '/rosout']"
1681490264.9418998,57635,1681490264,941602706,,2,/imu_driver,Current time 1681490264 940484046,driver.py,driver,56,"['/imu', '/rosout']"
1681490264.9665096,57636,1681490264,966160535,,2,/imu_driver,Current time 1681490264 965134620,driver.py,driver,56,"['/imu', '/rosout']"
1681490264.995596,57637,1681490264,992598295,,2,/imu_driver,Current time 1681490264 991091489,driver.py,driver,56,"['/imu', '/rosout']"
1681490265.0166848,57638,1681490265,16234397,,2,/imu_driver,Current time 1681490265 15069484,driver.py,driver,56,"['/imu', '/rosout']"
1681490265.041651,57639,1681490265,41388273,,2,/imu_driver,Current time 1681490265 40076494,driver.py,driver,56,"['/imu', '/rosout']"
1681490265.0675132,57640,1681490265,67168951,,2,/imu_driver,Current time 1681490265 66103458,driver.py,driver,56,"['/imu', '/rosout']"
1681490265.0924394,57641,1681490265,91753244,,2,/imu_driver,Current time 1681490265 90269088,driver.py,driver,56,"['/imu', '/rosout']"
1681490265.1172125,57642,1681490265,116787195,,2,/imu_driver,Current time 1681490265 115245580,driver.py,driver,56,"['/imu', '/rosout']"
1681490265.1428711,57643,1681490265,142541885,,2,/imu_driver,Current time 1681490265 141364336,driver.py,driver,56,"['/imu', '/rosout']"
1681490265.1675358,57644,1681490265,167188882,,2,/imu_driver,Current time 1681490265 166016340,driver.py,driver,56,"['/imu', '/rosout']"
1681490265.1918254,57645,1681490265,191596508,,2,/imu_driver,Current time 1681490265 190369606,driver.py,driver,56,"['/imu', '/rosout']"
1681490265.2170532,57646,1681490265,216896057,,2,/imu_driver,Current time 1681490265 215851306,driver.py,driver,56,"['/imu', '/rosout']"
1681490265.2422664,57647,1681490265,241660833,,2,/imu_driver,Current time 1681490265 240109205,driver.py,driver,56,"['/imu', '/rosout']"
1681490265.268349,57648,1681490265,267613887,,2,/imu_driver,Current time 1681490265 266417741,driver.py,driver,56,"['/imu', '/rosout']"
1681490265.2913594,57649,1681490265,291039466,,2,/imu_driver,Current time 1681490265 290054798,driver.py,driver,56,"['/imu', '/rosout']"
1681490265.3174846,57650,1681490265,317275047,,2,/imu_driver,Current time 1681490265 315970420,driver.py,driver,56,"['/imu', '/rosout']"
1681490265.3442502,57651,1681490265,343648672,,2,/imu_driver,Current time 1681490265 340825557,driver.py,driver,56,"['/imu', '/rosout']"
1681490265.3672729,57652,1681490265,366796016,,2,/imu_driver,Current time 1681490265 365858793,driver.py,driver,56,"['/imu', '/rosout']"
1681490265.3929994,57653,1681490265,391912221,,2,/imu_driver,Current time 1681490265 390908479,driver.py,driver,56,"['/imu', '/rosout']"
1681490265.41697,57654,1681490265,416744232,,2,/imu_driver,Current time 1681490265 415872335,driver.py,driver,56,"['/imu', '/rosout']"
1681490265.442257,57655,1681490265,441735506,,2,/imu_driver,Current time 1681490265 440764904,driver.py,driver,56,"['/imu', '/rosout']"
1681490265.4674604,57656,1681490265,466710567,,2,/imu_driver,Current time 1681490265 465698957,driver.py,driver,56,"['/imu', '/rosout']"
1681490265.4956126,57657,1681490265,495026111,,2,/imu_driver,Current time 1681490265 493505001,driver.py,driver,56,"['/imu', '/rosout']"
1681490265.517896,57658,1681490265,517091035,,2,/imu_driver,Current time 1681490265 515668630,driver.py,driver,56,"['/imu', '/rosout']"
1681490265.5424218,57659,1681490265,541771411,,2,/imu_driver,Current time 1681490265 540729999,driver.py,driver,56,"['/imu', '/rosout']"
1681490265.5670528,57660,1681490265,566737890,,2,/imu_driver,Current time 1681490265 565609693,driver.py,driver,56,"['/imu', '/rosout']"
1681490265.5925071,57661,1681490265,592167854,,2,/imu_driver,Current time 1681490265 590736389,driver.py,driver,56,"['/imu', '/rosout']"
1681490265.6170228,57662,1681490265,616771221,,2,/imu_driver,Current time 1681490265 615798473,driver.py,driver,56,"['/imu', '/rosout']"
1681490265.6420064,57663,1681490265,641727447,,2,/imu_driver,Current time 1681490265 640600681,driver.py,driver,56,"['/imu', '/rosout']"
1681490265.6668396,57664,1681490265,666569948,,2,/imu_driver,Current time 1681490265 665552377,driver.py,driver,56,"['/imu', '/rosout']"
1681490265.691879,57665,1681490265,691694498,,2,/imu_driver,Current time 1681490265 690718650,driver.py,driver,56,"['/imu', '/rosout']"
1681490265.717176,57666,1681490265,716605663,,2,/imu_driver,Current time 1681490265 715505123,driver.py,driver,56,"['/imu', '/rosout']"
1681490265.7431924,57667,1681490265,742634296,,2,/imu_driver,Current time 1681490265 741454601,driver.py,driver,56,"['/imu', '/rosout']"
1681490265.7668364,57668,1681490265,766644716,,2,/imu_driver,Current time 1681490265 765659093,driver.py,driver,56,"['/imu', '/rosout']"
1681490265.7922425,57669,1681490265,791473627,,2,/imu_driver,Current time 1681490265 790465593,driver.py,driver,56,"['/imu', '/rosout']"
1681490265.8172402,57670,1681490265,816749811,,2,/imu_driver,Current time 1681490265 815654039,driver.py,driver,56,"['/imu', '/rosout']"
1681490265.8445094,57671,1681490265,843595266,,2,/imu_driver,Current time 1681490265 842471837,driver.py,driver,56,"['/imu', '/rosout']"
1681490265.8667328,57672,1681490265,866392135,,2,/imu_driver,Current time 1681490265 865382909,driver.py,driver,56,"['/imu', '/rosout']"
1681490265.8919902,57673,1681490265,891600847,,2,/imu_driver,Current time 1681490265 890628099,driver.py,driver,56,"['/imu', '/rosout']"
1681490265.9172447,57674,1681490265,916713476,,2,/imu_driver,Current time 1681490265 915582895,driver.py,driver,56,"['/imu', '/rosout']"
1681490265.941867,57675,1681490265,941421747,,2,/imu_driver,Current time 1681490265 940463781,driver.py,driver,56,"['/imu', '/rosout']"
1681490265.9671464,57676,1681490265,966571569,,2,/imu_driver,Current time 1681490265 965429306,driver.py,driver,56,"['/imu', '/rosout']"
1681490265.9925313,57677,1681490265,991798877,,2,/imu_driver,Current time 1681490265 990403890,driver.py,driver,56,"['/imu', '/rosout']"
1681490266.0175805,57678,1681490266,16811847,,2,/imu_driver,Current time 1681490266 15466213,driver.py,driver,56,"['/imu', '/rosout']"
1681490266.0419397,57679,1681490266,41415929,,2,/imu_driver,Current time 1681490266 40252923,driver.py,driver,56,"['/imu', '/rosout']"
1681490266.0668924,57680,1681490266,66324710,,2,/imu_driver,Current time 1681490266 65230131,driver.py,driver,56,"['/imu', '/rosout']"
1681490266.095231,57681,1681490266,94993114,,2,/imu_driver,Current time 1681490266 93885421,driver.py,driver,56,"['/imu', '/rosout']"
1681490266.1166763,57682,1681490266,116205453,,2,/imu_driver,Current time 1681490266 115193605,driver.py,driver,56,"['/imu', '/rosout']"
1681490266.142078,57683,1681490266,141451835,,2,/imu_driver,Current time 1681490266 140337228,driver.py,driver,56,"['/imu', '/rosout']"
1681490266.1667843,57684,1681490266,166267871,,2,/imu_driver,Current time 1681490266 165214538,driver.py,driver,56,"['/imu', '/rosout']"
1681490266.1919262,57685,1681490266,191309928,,2,/imu_driver,Current time 1681490266 190334558,driver.py,driver,56,"['/imu', '/rosout']"
1681490266.2169476,57686,1681490266,216355562,,2,/imu_driver,Current time 1681490266 215237617,driver.py,driver,56,"['/imu', '/rosout']"
1681490266.2425377,57687,1681490266,241700887,,2,/imu_driver,Current time 1681490266 240392446,driver.py,driver,56,"['/imu', '/rosout']"
1681490266.2668877,57688,1681490266,266458034,,2,/imu_driver,Current time 1681490266 265169620,driver.py,driver,56,"['/imu', '/rosout']"
1681490266.2915351,57689,1681490266,291162014,,2,/imu_driver,Current time 1681490266 290029764,driver.py,driver,56,"['/imu', '/rosout']"
1681490266.3169613,57690,1681490266,316509246,,2,/imu_driver,Current time 1681490266 315044403,driver.py,driver,56,"['/imu', '/rosout']"
1681490266.346178,57691,1681490266,345501184,,2,/imu_driver,Current time 1681490266 344134569,driver.py,driver,56,"['/imu', '/rosout']"
1681490266.3675158,57692,1681490266,367185592,,2,/imu_driver,Current time 1681490266 366011857,driver.py,driver,56,"['/imu', '/rosout']"
1681490266.3922663,57693,1681490266,391143083,,2,/imu_driver,Current time 1681490266 390151500,driver.py,driver,56,"['/imu', '/rosout']"
1681490266.4169257,57694,1681490266,416781902,,2,/imu_driver,Current time 1681490266 415901184,driver.py,driver,56,"['/imu', '/rosout']"
1681490266.4413822,57695,1681490266,441163301,,2,/imu_driver,Current time 1681490266 440178632,driver.py,driver,56,"['/imu', '/rosout']"
1681490266.4672544,57696,1681490266,466986894,,2,/imu_driver,Current time 1681490266 465904951,driver.py,driver,56,"['/imu', '/rosout']"
1681490266.4925523,57697,1681490266,492192268,,2,/imu_driver,Current time 1681490266 490962743,driver.py,driver,56,"['/imu', '/rosout']"
1681490266.5174897,57698,1681490266,517142534,,2,/imu_driver,Current time 1681490266 516096830,driver.py,driver,56,"['/imu', '/rosout']"
1681490266.5425608,57699,1681490266,542114973,,2,/imu_driver,Current time 1681490266 540950536,driver.py,driver,56,"['/imu', '/rosout']"
1681490266.567923,57700,1681490266,566994667,,2,/imu_driver,Current time 1681490266 565956354,driver.py,driver,56,"['/imu', '/rosout']"
1681490266.5930545,57701,1681490266,592376232,,2,/imu_driver,Current time 1681490266 590980768,driver.py,driver,56,"['/imu', '/rosout']"
1681490266.6172009,57702,1681490266,616846799,,2,/imu_driver,Current time 1681490266 615845203,driver.py,driver,56,"['/imu', '/rosout']"
1681490266.6422088,57703,1681490266,641772747,,2,/imu_driver,Current time 1681490266 640803098,driver.py,driver,56,"['/imu', '/rosout']"
1681490266.6671717,57704,1681490266,666872978,,2,/imu_driver,Current time 1681490266 665907621,driver.py,driver,56,"['/imu', '/rosout']"
1681490266.6923046,57705,1681490266,691826105,,2,/imu_driver,Current time 1681490266 690757513,driver.py,driver,56,"['/imu', '/rosout']"
1681490266.7172873,57706,1681490266,716922283,,2,/imu_driver,Current time 1681490266 715864181,driver.py,driver,56,"['/imu', '/rosout']"
1681490266.7434769,57707,1681490266,742974281,,2,/imu_driver,Current time 1681490266 741303920,driver.py,driver,56,"['/imu', '/rosout']"
1681490266.7670932,57708,1681490266,766812562,,2,/imu_driver,Current time 1681490266 765864849,driver.py,driver,56,"['/imu', '/rosout']"
1681490266.7921903,57709,1681490266,791846990,,2,/imu_driver,Current time 1681490266 790682077,driver.py,driver,56,"['/imu', '/rosout']"
1681490266.8171487,57710,1681490266,816833972,,2,/imu_driver,Current time 1681490266 815643548,driver.py,driver,56,"['/imu', '/rosout']"
1681490266.8446844,57711,1681490266,843872785,,2,/imu_driver,Current time 1681490266 842123270,driver.py,driver,56,"['/imu', '/rosout']"
1681490266.8674216,57712,1681490266,866820335,,2,/imu_driver,Current time 1681490266 865661859,driver.py,driver,56,"['/imu', '/rosout']"
1681490266.8924484,57713,1681490266,891799926,,2,/imu_driver,Current time 1681490266 890797853,driver.py,driver,56,"['/imu', '/rosout']"
1681490266.91837,57714,1681490266,918167591,,2,/imu_driver,Current time 1681490266 915959596,driver.py,driver,56,"['/imu', '/rosout']"
1681490266.9420013,57715,1681490266,941819906,,2,/imu_driver,Current time 1681490266 940838813,driver.py,driver,56,"['/imu', '/rosout']"
1681490266.9676394,57716,1681490266,966814041,,2,/imu_driver,Current time 1681490266 965759038,driver.py,driver,56,"['/imu', '/rosout']"
1681490266.9928856,57717,1681490266,992323160,,2,/imu_driver,Current time 1681490266 990641117,driver.py,driver,56,"['/imu', '/rosout']"
1681490267.017432,57718,1681490267,16863584,,2,/imu_driver,Current time 1681490267 15706062,driver.py,driver,56,"['/imu', '/rosout']"
1681490267.0422518,57719,1681490267,41620492,,2,/imu_driver,Current time 1681490267 40579080,driver.py,driver,56,"['/imu', '/rosout']"
1681490267.066838,57720,1681490267,66677570,,2,/imu_driver,Current time 1681490267 65605163,driver.py,driver,56,"['/imu', '/rosout']"
1681490267.0925508,57721,1681490267,92192411,,2,/imu_driver,Current time 1681490267 90629100,driver.py,driver,56,"['/imu', '/rosout']"
1681490267.1169364,57722,1681490267,116697072,,2,/imu_driver,Current time 1681490267 115463256,driver.py,driver,56,"['/imu', '/rosout']"
1681490267.1418774,57723,1681490267,141742229,,2,/imu_driver,Current time 1681490267 140678167,driver.py,driver,56,"['/imu', '/rosout']"
1681490267.166943,57724,1681490267,166446685,,2,/imu_driver,Current time 1681490267 165372133,driver.py,driver,56,"['/imu', '/rosout']"
1681490267.192119,57725,1681490267,191604375,,2,/imu_driver,Current time 1681490267 190533876,driver.py,driver,56,"['/imu', '/rosout']"
1681490267.2167952,57726,1681490267,216604709,,2,/imu_driver,Current time 1681490267 215461015,driver.py,driver,56,"['/imu', '/rosout']"
1681490267.2423568,57727,1681490267,241980791,,2,/imu_driver,Current time 1681490267 240449190,driver.py,driver,56,"['/imu', '/rosout']"
1681490267.2669306,57728,1681490267,266761064,,2,/imu_driver,Current time 1681490267 265619039,driver.py,driver,56,"['/imu', '/rosout']"
1681490267.291448,57729,1681490267,291271209,,2,/imu_driver,Current time 1681490267 290238380,driver.py,driver,56,"['/imu', '/rosout']"
1681490267.316708,57730,1681490267,316566705,,2,/imu_driver,Current time 1681490267 315457344,driver.py,driver,56,"['/imu', '/rosout']"
1681490267.3449447,57731,1681490267,344502210,,2,/imu_driver,Current time 1681490267 342716217,driver.py,driver,56,"['/imu', '/rosout']"
1681490267.367261,57732,1681490267,366690874,,2,/imu_driver,Current time 1681490267 365325212,driver.py,driver,56,"['/imu', '/rosout']"
1681490267.3928158,57733,1681490267,391960144,,2,/imu_driver,Current time 1681490267 390300989,driver.py,driver,56,"['/imu', '/rosout']"
1681490267.4196591,57734,1681490267,419202327,,2,/imu_driver,Current time 1681490267 415937423,driver.py,driver,56,"['/imu', '/rosout']"
1681490267.442379,57735,1681490267,441734552,,2,/imu_driver,Current time 1681490267 440335988,driver.py,driver,56,"['/imu', '/rosout']"
1681490267.4673548,57736,1681490267,466580390,,2,/imu_driver,Current time 1681490267 465247631,driver.py,driver,56,"['/imu', '/rosout']"
1681490267.492077,57737,1681490267,491542339,,2,/imu_driver,Current time 1681490267 490227937,driver.py,driver,56,"['/imu', '/rosout']"
1681490267.5169528,57738,1681490267,516770362,,2,/imu_driver,Current time 1681490267 515559196,driver.py,driver,56,"['/imu', '/rosout']"
1681490267.5415366,57739,1681490267,541370153,,2,/imu_driver,Current time 1681490267 540245532,driver.py,driver,56,"['/imu', '/rosout']"
1681490267.5665984,57740,1681490267,566384077,,2,/imu_driver,Current time 1681490267 565190315,driver.py,driver,56,"['/imu', '/rosout']"
1681490267.5916052,57741,1681490267,591431379,,2,/imu_driver,Current time 1681490267 590156316,driver.py,driver,56,"['/imu', '/rosout']"
1681490267.6178985,57742,1681490267,617668151,,2,/imu_driver,Current time 1681490267 616356134,driver.py,driver,56,"['/imu', '/rosout']"
1681490267.6416523,57743,1681490267,641459465,,2,/imu_driver,Current time 1681490267 640129327,driver.py,driver,56,"['/imu', '/rosout']"
1681490267.667395,57744,1681490267,667202711,,2,/imu_driver,Current time 1681490267 666102886,driver.py,driver,56,"['/imu', '/rosout']"
1681490267.6914067,57745,1681490267,691244840,,2,/imu_driver,Current time 1681490267 690180778,driver.py,driver,56,"['/imu', '/rosout']"
1681490267.717382,57746,1681490267,717175245,,2,/imu_driver,Current time 1681490267 716072797,driver.py,driver,56,"['/imu', '/rosout']"
1681490267.7457922,57747,1681490267,745553970,,2,/imu_driver,Current time 1681490267 743609905,driver.py,driver,56,"['/imu', '/rosout']"
1681490267.767042,57748,1681490267,766855716,,2,/imu_driver,Current time 1681490267 765908241,driver.py,driver,56,"['/imu', '/rosout']"
1681490267.7911804,57749,1681490267,791003465,,2,/imu_driver,Current time 1681490267 789938211,driver.py,driver,56,"['/imu', '/rosout']"
1681490267.8170414,57750,1681490267,816794157,,2,/imu_driver,Current time 1681490267 815833806,driver.py,driver,56,"['/imu', '/rosout']"
1681490267.8412857,57751,1681490267,841118097,,2,/imu_driver,Current time 1681490267 840129613,driver.py,driver,56,"['/imu', '/rosout']"
1681490267.8671644,57752,1681490267,866933822,,2,/imu_driver,Current time 1681490267 865882158,driver.py,driver,56,"['/imu', '/rosout']"
1681490267.8918817,57753,1681490267,891595125,,2,/imu_driver,Current time 1681490267 889930725,driver.py,driver,56,"['/imu', '/rosout']"
1681490267.9173849,57754,1681490267,917063474,,2,/imu_driver,Current time 1681490267 916001081,driver.py,driver,56,"['/imu', '/rosout']"
1681490267.942051,57755,1681490267,941904306,,2,/imu_driver,Current time 1681490267 940906524,driver.py,driver,56,"['/imu', '/rosout']"
1681490267.9671957,57756,1681490267,966861248,,2,/imu_driver,Current time 1681490267 965749979,driver.py,driver,56,"['/imu', '/rosout']"
1681490267.9947095,57757,1681490267,994171857,,2,/imu_driver,Current time 1681490267 990764141,driver.py,driver,56,"['/imu', '/rosout']"
1681490268.0182023,57758,1681490268,17137050,,2,/imu_driver,Current time 1681490268 15776872,driver.py,driver,56,"['/imu', '/rosout']"
1681490268.042167,57759,1681490268,41962385,,2,/imu_driver,Current time 1681490268 40831804,driver.py,driver,56,"['/imu', '/rosout']"
1681490268.0673537,57760,1681490268,67116975,,2,/imu_driver,Current time 1681490268 65732717,driver.py,driver,56,"['/imu', '/rosout']"
1681490268.0919726,57761,1681490268,91845035,,2,/imu_driver,Current time 1681490268 90840101,driver.py,driver,56,"['/imu', '/rosout']"
1681490268.117361,57762,1681490268,116831064,,2,/imu_driver,Current time 1681490268 115662574,driver.py,driver,56,"['/imu', '/rosout']"
1681490268.1427732,57763,1681490268,142296075,,2,/imu_driver,Current time 1681490268 140855789,driver.py,driver,56,"['/imu', '/rosout']"
1681490268.168542,57764,1681490268,168062686,,2,/imu_driver,Current time 1681490268 166286945,driver.py,driver,56,"['/imu', '/rosout']"
1681490268.1923335,57765,1681490268,191842317,,2,/imu_driver,Current time 1681490268 190750122,driver.py,driver,56,"['/imu', '/rosout']"
1681490268.2176888,57766,1681490268,216956615,,2,/imu_driver,Current time 1681490268 215776205,driver.py,driver,56,"['/imu', '/rosout']"
1681490268.2425702,57767,1681490268,242075920,,2,/imu_driver,Current time 1681490268 240622997,driver.py,driver,56,"['/imu', '/rosout']"
1681490268.2670023,57768,1681490268,266634941,,2,/imu_driver,Current time 1681490268 265548229,driver.py,driver,56,"['/imu', '/rosout']"
1681490268.2926779,57769,1681490268,292107582,,2,/imu_driver,Current time 1681490268 290737152,driver.py,driver,56,"['/imu', '/rosout']"
1681490268.3169408,57770,1681490268,316694021,,2,/imu_driver,Current time 1681490268 315575599,driver.py,driver,56,"['/imu', '/rosout']"
1681490268.3418765,57771,1681490268,341728448,,2,/imu_driver,Current time 1681490268 340723514,driver.py,driver,56,"['/imu', '/rosout']"
1681490268.3679945,57772,1681490268,367199897,,2,/imu_driver,Current time 1681490268 365741729,driver.py,driver,56,"['/imu', '/rosout']"
1681490268.3929956,57773,1681490268,392181158,,2,/imu_driver,Current time 1681490268 390668869,driver.py,driver,56,"['/imu', '/rosout']"
1681490268.4168637,57774,1681490268,416475057,,2,/imu_driver,Current time 1681490268 415529966,driver.py,driver,56,"['/imu', '/rosout']"
1681490268.4421995,57775,1681490268,441586732,,2,/imu_driver,Current time 1681490268 440604925,driver.py,driver,56,"['/imu', '/rosout']"
1681490268.467043,57776,1681490268,466566324,,2,/imu_driver,Current time 1681490268 465453386,driver.py,driver,56,"['/imu', '/rosout']"
1681490268.4925323,57777,1681490268,492253780,,2,/imu_driver,Current time 1681490268 490856170,driver.py,driver,56,"['/imu', '/rosout']"
1681490268.5169075,57778,1681490268,516699075,,2,/imu_driver,Current time 1681490268 515529632,driver.py,driver,56,"['/imu', '/rosout']"
1681490268.5419455,57779,1681490268,541689157,,2,/imu_driver,Current time 1681490268 540341138,driver.py,driver,56,"['/imu', '/rosout']"
1681490268.5669835,57780,1681490268,566612005,,2,/imu_driver,Current time 1681490268 565366268,driver.py,driver,56,"['/imu', '/rosout']"
1681490268.5926275,57781,1681490268,592052221,,2,/imu_driver,Current time 1681490268 590649366,driver.py,driver,56,"['/imu', '/rosout']"
1681490268.6177511,57782,1681490268,616970062,,2,/imu_driver,Current time 1681490268 615433216,driver.py,driver,56,"['/imu', '/rosout']"
1681490268.6477168,57783,1681490268,646924018,,2,/imu_driver,Current time 1681490268 643234491,driver.py,driver,56,"['/imu', '/rosout']"
1681490268.6678941,57784,1681490268,667121887,,2,/imu_driver,Current time 1681490268 665535449,driver.py,driver,56,"['/imu', '/rosout']"
1681490268.6921957,57785,1681490268,691440105,,2,/imu_driver,Current time 1681490268 690351963,driver.py,driver,56,"['/imu', '/rosout']"
1681490268.7172356,57786,1681490268,716559886,,2,/imu_driver,Current time 1681490268 715410947,driver.py,driver,56,"['/imu', '/rosout']"
1681490268.745159,57787,1681490268,744545221,,2,/imu_driver,Current time 1681490268 743120193,driver.py,driver,56,"['/imu', '/rosout']"
1681490268.766828,57788,1681490268,766343593,,2,/imu_driver,Current time 1681490268 765291690,driver.py,driver,56,"['/imu', '/rosout']"
1681490268.7922993,57789,1681490268,791376352,,2,/imu_driver,Current time 1681490268 790192842,driver.py,driver,56,"['/imu', '/rosout']"
1681490268.8170857,57790,1681490268,816459417,,2,/imu_driver,Current time 1681490268 815330266,driver.py,driver,56,"['/imu', '/rosout']"
1681490268.8421156,57791,1681490268,841360330,,2,/imu_driver,Current time 1681490268 840235471,driver.py,driver,56,"['/imu', '/rosout']"
1681490268.8673081,57792,1681490268,866534471,,2,/imu_driver,Current time 1681490268 865335464,driver.py,driver,56,"['/imu', '/rosout']"
1681490268.892106,57793,1681490268,891769409,,2,/imu_driver,Current time 1681490268 890268325,driver.py,driver,56,"['/imu', '/rosout']"
1681490268.9176192,57794,1681490268,917070150,,2,/imu_driver,Current time 1681490268 915635108,driver.py,driver,56,"['/imu', '/rosout']"
1681490268.9414387,57795,1681490268,941174030,,2,/imu_driver,Current time 1681490268 940180301,driver.py,driver,56,"['/imu', '/rosout']"
1681490268.9667704,57796,1681490268,966395616,,2,/imu_driver,Current time 1681490268 965245485,driver.py,driver,56,"['/imu', '/rosout']"
1681490268.9942222,57797,1681490268,994026422,,2,/imu_driver,Current time 1681490268 992749214,driver.py,driver,56,"['/imu', '/rosout']"
1681490269.017501,57798,1681490269,17187595,,2,/imu_driver,Current time 1681490269 16139507,driver.py,driver,56,"['/imu', '/rosout']"
1681490269.0415988,57799,1681490269,41336774,,2,/imu_driver,Current time 1681490269 40185928,driver.py,driver,56,"['/imu', '/rosout']"
1681490269.0674431,57800,1681490269,67202091,,2,/imu_driver,Current time 1681490269 65969467,driver.py,driver,56,"['/imu', '/rosout']"
1681490269.0911932,57801,1681490269,91009855,,2,/imu_driver,Current time 1681490269 90041160,driver.py,driver,56,"['/imu', '/rosout']"
1681490269.1175191,57802,1681490269,117298364,,2,/imu_driver,Current time 1681490269 116077661,driver.py,driver,56,"['/imu', '/rosout']"
1681490269.1424499,57803,1681490269,142278194,,2,/imu_driver,Current time 1681490269 140977621,driver.py,driver,56,"['/imu', '/rosout']"
1681490269.1672714,57804,1681490269,167096853,,2,/imu_driver,Current time 1681490269 165956258,driver.py,driver,56,"['/imu', '/rosout']"
1681490269.1923647,57805,1681490269,191939115,,2,/imu_driver,Current time 1681490269 190945386,driver.py,driver,56,"['/imu', '/rosout']"
1681490269.2172298,57806,1681490269,217018365,,2,/imu_driver,Current time 1681490269 215939044,driver.py,driver,56,"['/imu', '/rosout']"
1681490269.2443984,57807,1681490269,244038343,,2,/imu_driver,Current time 1681490269 242768287,driver.py,driver,56,"['/imu', '/rosout']"
1681490269.267927,57808,1681490269,267153263,,2,/imu_driver,Current time 1681490269 266162157,driver.py,driver,56,"['/imu', '/rosout']"
1681490269.292659,57809,1681490269,291925430,,2,/imu_driver,Current time 1681490269 290858745,driver.py,driver,56,"['/imu', '/rosout']"
1681490269.31733,57810,1681490269,317032814,,2,/imu_driver,Current time 1681490269 315861940,driver.py,driver,56,"['/imu', '/rosout']"
1681490269.3424273,57811,1681490269,341665744,,2,/imu_driver,Current time 1681490269 340747117,driver.py,driver,56,"['/imu', '/rosout']"
1681490269.3677046,57812,1681490269,366792440,,2,/imu_driver,Current time 1681490269 365737438,driver.py,driver,56,"['/imu', '/rosout']"
1681490269.3952813,57813,1681490269,394845962,,2,/imu_driver,Current time 1681490269 393659353,driver.py,driver,56,"['/imu', '/rosout']"
1681490269.4172425,57814,1681490269,416772365,,2,/imu_driver,Current time 1681490269 415860414,driver.py,driver,56,"['/imu', '/rosout']"
1681490269.442215,57815,1681490269,441902160,,2,/imu_driver,Current time 1681490269 440808773,driver.py,driver,56,"['/imu', '/rosout']"
1681490269.4673908,57816,1681490269,466756820,,2,/imu_driver,Current time 1681490269 465731382,driver.py,driver,56,"['/imu', '/rosout']"
1681490269.4921803,57817,1681490269,491723060,,2,/imu_driver,Current time 1681490269 490781784,driver.py,driver,56,"['/imu', '/rosout']"
1681490269.5176394,57818,1681490269,516784667,,2,/imu_driver,Current time 1681490269 515767335,driver.py,driver,56,"['/imu', '/rosout']"
1681490269.5431907,57819,1681490269,542290449,,2,/imu_driver,Current time 1681490269 540897369,driver.py,driver,56,"['/imu', '/rosout']"
1681490269.5670784,57820,1681490269,566754341,,2,/imu_driver,Current time 1681490269 565717220,driver.py,driver,56,"['/imu', '/rosout']"
1681490269.592,57821,1681490269,591656208,,2,/imu_driver,Current time 1681490269 590677022,driver.py,driver,56,"['/imu', '/rosout']"
1681490269.6174324,57822,1681490269,616804838,,2,/imu_driver,Current time 1681490269 615687370,driver.py,driver,56,"['/imu', '/rosout']"
1681490269.6425576,57823,1681490269,641824483,,2,/imu_driver,Current time 1681490269 640615701,driver.py,driver,56,"['/imu', '/rosout']"
1681490269.667122,57824,1681490269,666810274,,2,/imu_driver,Current time 1681490269 665655374,driver.py,driver,56,"['/imu', '/rosout']"
1681490269.7045555,57825,1681490269,704284667,,2,/imu_driver,Current time 1681490269 694168329,driver.py,driver,56,"['/imu', '/rosout']"
1681490269.71722,57826,1681490269,716950893,,2,/imu_driver,Current time 1681490269 715682029,driver.py,driver,56,"['/imu', '/rosout']"
1681490269.7455447,57827,1681490269,745292901,,2,/imu_driver,Current time 1681490269 743859291,driver.py,driver,56,"['/imu', '/rosout']"
1681490269.7669432,57828,1681490269,766669750,,2,/imu_driver,Current time 1681490269 765566349,driver.py,driver,56,"['/imu', '/rosout']"
1681490269.7922568,57829,1681490269,791980743,,2,/imu_driver,Current time 1681490269 790791511,driver.py,driver,56,"['/imu', '/rosout']"
1681490269.8170114,57830,1681490269,816836118,,2,/imu_driver,Current time 1681490269 815672159,driver.py,driver,56,"['/imu', '/rosout']"
1681490269.8418293,57831,1681490269,841616630,,2,/imu_driver,Current time 1681490269 840611219,driver.py,driver,56,"['/imu', '/rosout']"
1681490269.866642,57832,1681490269,866466760,,2,/imu_driver,Current time 1681490269 865516901,driver.py,driver,56,"['/imu', '/rosout']"
1681490269.8922818,57833,1681490269,892013549,,2,/imu_driver,Current time 1681490269 890734910,driver.py,driver,56,"['/imu', '/rosout']"
1681490269.9167907,57834,1681490269,916624546,,2,/imu_driver,Current time 1681490269 915526390,driver.py,driver,56,"['/imu', '/rosout']"
1681490269.9418297,57835,1681490269,941395282,,2,/imu_driver,Current time 1681490269 940392732,driver.py,driver,56,"['/imu', '/rosout']"
1681490269.9674554,57836,1681490269,966457366,,2,/imu_driver,Current time 1681490269 965388536,driver.py,driver,56,"['/imu', '/rosout']"
1681490269.9946861,57837,1681490269,994456768,,2,/imu_driver,Current time 1681490269 993316411,driver.py,driver,56,"['/imu', '/rosout']"
1681490270.0167315,57838,1681490270,16544342,,2,/imu_driver,Current time 1681490270 15462160,driver.py,driver,56,"['/imu', '/rosout']"
1681490270.042291,57839,1681490270,41497230,,2,/imu_driver,Current time 1681490270 40339946,driver.py,driver,56,"['/imu', '/rosout']"
1681490270.067026,57840,1681490270,66356658,,2,/imu_driver,Current time 1681490270 65308570,driver.py,driver,56,"['/imu', '/rosout']"
1681490270.092226,57841,1681490270,91415643,,2,/imu_driver,Current time 1681490270 90385675,driver.py,driver,56,"['/imu', '/rosout']"
1681490270.1169019,57842,1681490270,116342544,,2,/imu_driver,Current time 1681490270 115270853,driver.py,driver,56,"['/imu', '/rosout']"
1681490270.1423743,57843,1681490270,141542434,,2,/imu_driver,Current time 1681490270 140317201,driver.py,driver,56,"['/imu', '/rosout']"
1681490270.1667008,57844,1681490270,166413545,,2,/imu_driver,Current time 1681490270 165254116,driver.py,driver,56,"['/imu', '/rosout']"
1681490270.1915865,57845,1681490270,191348314,,2,/imu_driver,Current time 1681490270 190279006,driver.py,driver,56,"['/imu', '/rosout']"
1681490270.21775,57846,1681490270,217022657,,2,/imu_driver,Current time 1681490270 216060638,driver.py,driver,56,"['/imu', '/rosout']"
1681490270.2419226,57847,1681490270,241166830,,2,/imu_driver,Current time 1681490270 240200757,driver.py,driver,56,"['/imu', '/rosout']"
1681490270.2677767,57848,1681490270,267108917,,2,/imu_driver,Current time 1681490270 266216754,driver.py,driver,56,"['/imu', '/rosout']"
1681490270.2916665,57849,1681490270,291333913,,2,/imu_driver,Current time 1681490270 290089130,driver.py,driver,56,"['/imu', '/rosout']"
1681490270.3164418,57850,1681490270,316125154,,2,/imu_driver,Current time 1681490270 315058946,driver.py,driver,56,"['/imu', '/rosout']"
1681490270.3423417,57851,1681490270,342033863,,2,/imu_driver,Current time 1681490270 341062545,driver.py,driver,56,"['/imu', '/rosout']"
1681490270.3678355,57852,1681490270,367247581,,2,/imu_driver,Current time 1681490270 366196155,driver.py,driver,56,"['/imu', '/rosout']"
1681490270.39208,57853,1681490270,391245365,,2,/imu_driver,Current time 1681490270 389999866,driver.py,driver,56,"['/imu', '/rosout']"
1681490270.4178379,57854,1681490270,417055845,,2,/imu_driver,Current time 1681490270 416045904,driver.py,driver,56,"['/imu', '/rosout']"
1681490270.4425378,57855,1681490270,441999197,,2,/imu_driver,Current time 1681490270 440994262,driver.py,driver,56,"['/imu', '/rosout']"
1681490270.4679697,57856,1681490270,467287063,,2,/imu_driver,Current time 1681490270 466096639,driver.py,driver,56,"['/imu', '/rosout']"
1681490270.4924421,57857,1681490270,491816520,,2,/imu_driver,Current time 1681490270 490810155,driver.py,driver,56,"['/imu', '/rosout']"
1681490270.5171094,57858,1681490270,516939163,,2,/imu_driver,Current time 1681490270 515883207,driver.py,driver,56,"['/imu', '/rosout']"
1681490270.5425944,57859,1681490270,542398214,,2,/imu_driver,Current time 1681490270 540933847,driver.py,driver,56,"['/imu', '/rosout']"
1681490270.5674174,57860,1681490270,567175149,,2,/imu_driver,Current time 1681490270 566063642,driver.py,driver,56,"['/imu', '/rosout']"
1681490270.5920537,57861,1681490270,591866970,,2,/imu_driver,Current time 1681490270 590768814,driver.py,driver,56,"['/imu', '/rosout']"
1681490270.617176,57862,1681490270,616936683,,2,/imu_driver,Current time 1681490270 615939617,driver.py,driver,56,"['/imu', '/rosout']"
1681490270.64488,57863,1681490270,644569635,,2,/imu_driver,Current time 1681490270 643388748,driver.py,driver,56,"['/imu', '/rosout']"
1681490270.6671393,57864,1681490270,666896343,,2,/imu_driver,Current time 1681490270 665947198,driver.py,driver,56,"['/imu', '/rosout']"
1681490270.6924653,57865,1681490270,692072153,,2,/imu_driver,Current time 1681490270 690895318,driver.py,driver,56,"['/imu', '/rosout']"
1681490270.7171333,57866,1681490270,716989994,,2,/imu_driver,Current time 1681490270 715903282,driver.py,driver,56,"['/imu', '/rosout']"
1681490270.7418919,57867,1681490270,741684436,,2,/imu_driver,Current time 1681490270 740729570,driver.py,driver,56,"['/imu', '/rosout']"
1681490270.7669299,57868,1681490270,766618251,,2,/imu_driver,Current time 1681490270 765650272,driver.py,driver,56,"['/imu', '/rosout']"
1681490270.7923026,57869,1681490270,791920423,,2,/imu_driver,Current time 1681490270 790713071,driver.py,driver,56,"['/imu', '/rosout']"
1681490270.817223,57870,1681490270,816882133,,2,/imu_driver,Current time 1681490270 815731763,driver.py,driver,56,"['/imu', '/rosout']"
1681490270.8423548,57871,1681490270,842042922,,2,/imu_driver,Current time 1681490270 840965270,driver.py,driver,56,"['/imu', '/rosout']"
1681490270.8673606,57872,1681490270,867105245,,2,/imu_driver,Current time 1681490270 865657329,driver.py,driver,56,"['/imu', '/rosout']"
1681490270.8927562,57873,1681490270,892459630,,2,/imu_driver,Current time 1681490270 890794515,driver.py,driver,56,"['/imu', '/rosout']"
1681490270.917315,57874,1681490270,916978120,,2,/imu_driver,Current time 1681490270 915666341,driver.py,driver,56,"['/imu', '/rosout']"
1681490270.947038,57875,1681490270,946716070,,2,/imu_driver,Current time 1681490270 940684080,driver.py,driver,56,"['/imu', '/rosout']"
1681490270.9670064,57876,1681490270,966729164,,2,/imu_driver,Current time 1681490270 965676307,driver.py,driver,56,"['/imu', '/rosout']"
1681490270.9918885,57877,1681490270,991622924,,2,/imu_driver,Current time 1681490270 990651607,driver.py,driver,56,"['/imu', '/rosout']"
1681490271.0170054,57878,1681490271,16764402,,2,/imu_driver,Current time 1681490271 15610933,driver.py,driver,56,"['/imu', '/rosout']"
1681490271.0426323,57879,1681490271,42295455,,2,/imu_driver,Current time 1681490271 40750026,driver.py,driver,56,"['/imu', '/rosout']"
1681490271.0669076,57880,1681490271,66667795,,2,/imu_driver,Current time 1681490271 65593004,driver.py,driver,56,"['/imu', '/rosout']"
1681490271.0925,57881,1681490271,91731548,,2,/imu_driver,Current time 1681490271 90481042,driver.py,driver,56,"['/imu', '/rosout']"
1681490271.1174724,57882,1681490271,116755962,,2,/imu_driver,Current time 1681490271 115432977,driver.py,driver,56,"['/imu', '/rosout']"
1681490271.1466222,57883,1681490271,145929098,,2,/imu_driver,Current time 1681490271 140712261,driver.py,driver,56,"['/imu', '/rosout']"
1681490271.1671462,57884,1681490271,166527271,,2,/imu_driver,Current time 1681490271 165454149,driver.py,driver,56,"['/imu', '/rosout']"
1681490271.1939929,57885,1681490271,192985773,,2,/imu_driver,Current time 1681490271 191671133,driver.py,driver,56,"['/imu', '/rosout']"
1681490271.2172213,57886,1681490271,216495275,,2,/imu_driver,Current time 1681490271 215531826,driver.py,driver,56,"['/imu', '/rosout']"
1681490271.241794,57887,1681490271,241347789,,2,/imu_driver,Current time 1681490271 240340232,driver.py,driver,56,"['/imu', '/rosout']"
1681490271.2670002,57888,1681490271,266490459,,2,/imu_driver,Current time 1681490271 265424728,driver.py,driver,56,"['/imu', '/rosout']"
1681490271.2927353,57889,1681490271,291896820,,2,/imu_driver,Current time 1681490271 290425300,driver.py,driver,56,"['/imu', '/rosout']"
1681490271.3168437,57890,1681490271,316598892,,2,/imu_driver,Current time 1681490271 315430879,driver.py,driver,56,"['/imu', '/rosout']"
1681490271.343279,57891,1681490271,341568946,,2,/imu_driver,Current time 1681490271 340431451,driver.py,driver,56,"['/imu', '/rosout']"
1681490271.366968,57892,1681490271,366560220,,2,/imu_driver,Current time 1681490271 365326166,driver.py,driver,56,"['/imu', '/rosout']"
1681490271.391519,57893,1681490271,391313314,,2,/imu_driver,Current time 1681490271 390218019,driver.py,driver,56,"['/imu', '/rosout']"
1681490271.4164674,57894,1681490271,416316509,,2,/imu_driver,Current time 1681490271 415220260,driver.py,driver,56,"['/imu', '/rosout']"
1681490271.442597,57895,1681490271,441759347,,2,/imu_driver,Current time 1681490271 440409183,driver.py,driver,56,"['/imu', '/rosout']"
1681490271.46691,57896,1681490271,466379880,,2,/imu_driver,Current time 1681490271 465368986,driver.py,driver,56,"['/imu', '/rosout']"
1681490271.4918492,57897,1681490271,491268634,,2,/imu_driver,Current time 1681490271 490263223,driver.py,driver,56,"['/imu', '/rosout']"
1681490271.516681,57898,1681490271,516391277,,2,/imu_driver,Current time 1681490271 515121698,driver.py,driver,56,"['/imu', '/rosout']"
1681490271.5433886,57899,1681490271,542828798,,2,/imu_driver,Current time 1681490271 541423082,driver.py,driver,56,"['/imu', '/rosout']"
1681490271.567738,57900,1681490271,567062616,,2,/imu_driver,Current time 1681490271 566035985,driver.py,driver,56,"['/imu', '/rosout']"
1681490271.5917184,57901,1681490271,591400384,,2,/imu_driver,Current time 1681490271 590253114,driver.py,driver,56,"['/imu', '/rosout']"
1681490271.6172707,57902,1681490271,617080926,,2,/imu_driver,Current time 1681490271 616157293,driver.py,driver,56,"['/imu', '/rosout']"
1681490271.641584,57903,1681490271,641438961,,2,/imu_driver,Current time 1681490271 640181541,driver.py,driver,56,"['/imu', '/rosout']"
1681490271.6674812,57904,1681490271,667224884,,2,/imu_driver,Current time 1681490271 666108131,driver.py,driver,56,"['/imu', '/rosout']"
1681490271.6933458,57905,1681490271,692425012,,2,/imu_driver,Current time 1681490271 690968751,driver.py,driver,56,"['/imu', '/rosout']"
1681490271.7181494,57906,1681490271,717262029,,2,/imu_driver,Current time 1681490271 716079950,driver.py,driver,56,"['/imu', '/rosout']"
1681490271.7421658,57907,1681490271,741870164,,2,/imu_driver,Current time 1681490271 740882396,driver.py,driver,56,"['/imu', '/rosout']"
1681490271.7675114,57908,1681490271,767227888,,2,/imu_driver,Current time 1681490271 766015529,driver.py,driver,56,"['/imu', '/rosout']"
1681490271.7929802,57909,1681490271,792572736,,2,/imu_driver,Current time 1681490271 791019201,driver.py,driver,56,"['/imu', '/rosout']"
1681490271.8176374,57910,1681490271,817173242,,2,/imu_driver,Current time 1681490271 815891742,driver.py,driver,56,"['/imu', '/rosout']"
1681490271.8424783,57911,1681490271,842128038,,2,/imu_driver,Current time 1681490271 840897083,driver.py,driver,56,"['/imu', '/rosout']"
1681490271.867584,57912,1681490271,867118597,,2,/imu_driver,Current time 1681490271 866076469,driver.py,driver,56,"['/imu', '/rosout']"
1681490271.8922856,57913,1681490271,891810894,,2,/imu_driver,Current time 1681490271 890860557,driver.py,driver,56,"['/imu', '/rosout']"
1681490271.9174776,57914,1681490271,916869878,,2,/imu_driver,Current time 1681490271 915952444,driver.py,driver,56,"['/imu', '/rosout']"
1681490271.9446166,57915,1681490271,942315578,,2,/imu_driver,Current time 1681490271 941022872,driver.py,driver,56,"['/imu', '/rosout']"
1681490271.9675214,57916,1681490271,966889619,,2,/imu_driver,Current time 1681490271 965824365,driver.py,driver,56,"['/imu', '/rosout']"
1681490271.9931142,57917,1681490271,992351531,,2,/imu_driver,Current time 1681490271 990853548,driver.py,driver,56,"['/imu', '/rosout']"
1681490272.018101,57918,1681490272,17372369,,2,/imu_driver,Current time 1681490272 15844821,driver.py,driver,56,"['/imu', '/rosout']"
1681490272.0431938,57919,1681490272,42536020,,2,/imu_driver,Current time 1681490272 40888547,driver.py,driver,56,"['/imu', '/rosout']"
1681490272.0697236,57920,1681490272,69210290,,2,/imu_driver,Current time 1681490272 67730665,driver.py,driver,56,"['/imu', '/rosout']"
1681490272.092883,57921,1681490272,91996908,,2,/imu_driver,Current time 1681490272 90711593,driver.py,driver,56,"['/imu', '/rosout']"
1681490272.118088,57922,1681490272,117566108,,2,/imu_driver,Current time 1681490272 116312503,driver.py,driver,56,"['/imu', '/rosout']"
1681490272.1422756,57923,1681490272,141896963,,2,/imu_driver,Current time 1681490272 140802860,driver.py,driver,56,"['/imu', '/rosout']"
1681490272.1674736,57924,1681490272,166940689,,2,/imu_driver,Current time 1681490272 165819644,driver.py,driver,56,"['/imu', '/rosout']"
1681490272.194075,57925,1681490272,193506717,,2,/imu_driver,Current time 1681490272 191637516,driver.py,driver,56,"['/imu', '/rosout']"
1681490272.217057,57926,1681490272,216734647,,2,/imu_driver,Current time 1681490272 215689897,driver.py,driver,56,"['/imu', '/rosout']"
1681490272.2421749,57927,1681490272,241681575,,2,/imu_driver,Current time 1681490272 240667104,driver.py,driver,56,"['/imu', '/rosout']"
1681490272.2671359,57928,1681490272,266678094,,2,/imu_driver,Current time 1681490272 265675783,driver.py,driver,56,"['/imu', '/rosout']"
1681490272.292496,57929,1681490272,291781425,,2,/imu_driver,Current time 1681490272 290734291,driver.py,driver,56,"['/imu', '/rosout']"
1681490272.317521,57930,1681490272,316975593,,2,/imu_driver,Current time 1681490272 315632581,driver.py,driver,56,"['/imu', '/rosout']"
1681490272.342327,57931,1681490272,341727733,,2,/imu_driver,Current time 1681490272 340521812,driver.py,driver,56,"['/imu', '/rosout']"
1681490272.3675196,57932,1681490272,366728305,,2,/imu_driver,Current time 1681490272 365576982,driver.py,driver,56,"['/imu', '/rosout']"
1681490272.3922825,57933,1681490272,391779661,,2,/imu_driver,Current time 1681490272 390743732,driver.py,driver,56,"['/imu', '/rosout']"
1681490272.4169927,57934,1681490272,416758775,,2,/imu_driver,Current time 1681490272 415671586,driver.py,driver,56,"['/imu', '/rosout']"
1681490272.4464707,57935,1681490272,445756196,,2,/imu_driver,Current time 1681490272 443463325,driver.py,driver,56,"['/imu', '/rosout']"
1681490272.4678211,57936,1681490272,466870307,,2,/imu_driver,Current time 1681490272 465490102,driver.py,driver,56,"['/imu', '/rosout']"
1681490272.4925396,57937,1681490272,491667270,,2,/imu_driver,Current time 1681490272 490664482,driver.py,driver,56,"['/imu', '/rosout']"
1681490272.5171797,57938,1681490272,516808748,,2,/imu_driver,Current time 1681490272 515545129,driver.py,driver,56,"['/imu', '/rosout']"
1681490272.5425975,57939,1681490272,542251348,,2,/imu_driver,Current time 1681490272 540843486,driver.py,driver,56,"['/imu', '/rosout']"
1681490272.5668337,57940,1681490272,566633224,,2,/imu_driver,Current time 1681490272 565640687,driver.py,driver,56,"['/imu', '/rosout']"
1681490272.5924306,57941,1681490272,592122316,,2,/imu_driver,Current time 1681490272 590868949,driver.py,driver,56,"['/imu', '/rosout']"
1681490272.6168597,57942,1681490272,616705179,,2,/imu_driver,Current time 1681490272 615553140,driver.py,driver,56,"['/imu', '/rosout']"
1681490272.6415932,57943,1681490272,641390562,,2,/imu_driver,Current time 1681490272 640318155,driver.py,driver,56,"['/imu', '/rosout']"
1681490272.6666648,57944,1681490272,666505098,,2,/imu_driver,Current time 1681490272 665395498,driver.py,driver,56,"['/imu', '/rosout']"
1681490272.6927862,57945,1681490272,692046880,,2,/imu_driver,Current time 1681490272 690441131,driver.py,driver,56,"['/imu', '/rosout']"
1681490272.71709,57946,1681490272,716689109,,2,/imu_driver,Current time 1681490272 715453147,driver.py,driver,56,"['/imu', '/rosout']"
1681490272.7419367,57947,1681490272,741701841,,2,/imu_driver,Current time 1681490272 740403890,driver.py,driver,56,"['/imu', '/rosout']"
1681490272.766579,57948,1681490272,766371250,,2,/imu_driver,Current time 1681490272 765389204,driver.py,driver,56,"['/imu', '/rosout']"
1681490272.7983284,57949,1681490272,796711683,,2,/imu_driver,Current time 1681490272 790942668,driver.py,driver,56,"['/imu', '/rosout']"
1681490272.816825,57950,1681490272,816615819,,2,/imu_driver,Current time 1681490272 815430164,driver.py,driver,56,"['/imu', '/rosout']"
1681490272.8421078,57951,1681490272,841606855,,2,/imu_driver,Current time 1681490272 840357780,driver.py,driver,56,"['/imu', '/rosout']"
1681490272.8668656,57952,1681490272,866267919,,2,/imu_driver,Current time 1681490272 865341901,driver.py,driver,56,"['/imu', '/rosout']"
1681490272.8915677,57953,1681490272,891115427,,2,/imu_driver,Current time 1681490272 890144586,driver.py,driver,56,"['/imu', '/rosout']"
1681490272.9169226,57954,1681490272,916438579,,2,/imu_driver,Current time 1681490272 915284395,driver.py,driver,56,"['/imu', '/rosout']"
1681490272.9430416,57955,1681490272,942669630,,2,/imu_driver,Current time 1681490272 941193819,driver.py,driver,56,"['/imu', '/rosout']"
1681490272.9683886,57956,1681490272,967533111,,2,/imu_driver,Current time 1681490272 966150283,driver.py,driver,56,"['/imu', '/rosout']"
1681490272.9926145,57957,1681490272,992153882,,2,/imu_driver,Current time 1681490272 991198301,driver.py,driver,56,"['/imu', '/rosout']"
1681490273.0178332,57958,1681490273,17164230,,2,/imu_driver,Current time 1681490273 16212701,driver.py,driver,56,"['/imu', '/rosout']"
1681490273.0433233,57959,1681490273,42620897,,2,/imu_driver,Current time 1681490273 41097879,driver.py,driver,56,"['/imu', '/rosout']"
1681490273.0677302,57960,1681490273,67111492,,2,/imu_driver,Current time 1681490273 66114187,driver.py,driver,56,"['/imu', '/rosout']"
1681490273.0926034,57961,1681490273,92004776,,2,/imu_driver,Current time 1681490273 90959310,driver.py,driver,56,"['/imu', '/rosout']"
1681490273.1178377,57962,1681490273,117167711,,2,/imu_driver,Current time 1681490273 116017341,driver.py,driver,56,"['/imu', '/rosout']"
1681490273.1424713,57963,1681490273,142203569,,2,/imu_driver,Current time 1681490273 141074895,driver.py,driver,56,"['/imu', '/rosout']"
1681490273.1677551,57964,1681490273,167153120,,2,/imu_driver,Current time 1681490273 165878534,driver.py,driver,56,"['/imu', '/rosout']"
1681490273.1937013,57965,1681490273,192591190,,2,/imu_driver,Current time 1681490273 191116571,driver.py,driver,56,"['/imu', '/rosout']"
1681490273.2180262,57966,1681490273,217126846,,2,/imu_driver,Current time 1681490273 215877056,driver.py,driver,56,"['/imu', '/rosout']"
1681490273.2427125,57967,1681490273,242467403,,2,/imu_driver,Current time 1681490273 241308927,driver.py,driver,56,"['/imu', '/rosout']"
1681490273.2672825,57968,1681490273,266986846,,2,/imu_driver,Current time 1681490273 265905857,driver.py,driver,56,"['/imu', '/rosout']"
1681490273.294946,57969,1681490273,294754505,,2,/imu_driver,Current time 1681490273 293387889,driver.py,driver,56,"['/imu', '/rosout']"
1681490273.3175087,57970,1681490273,317028760,,2,/imu_driver,Current time 1681490273 315962314,driver.py,driver,56,"['/imu', '/rosout']"
1681490273.3424737,57971,1681490273,342257261,,2,/imu_driver,Current time 1681490273 340864658,driver.py,driver,56,"['/imu', '/rosout']"
1681490273.3670967,57972,1681490273,366702318,,2,/imu_driver,Current time 1681490273 365730762,driver.py,driver,56,"['/imu', '/rosout']"
1681490273.3922417,57973,1681490273,391807794,,2,/imu_driver,Current time 1681490273 390860557,driver.py,driver,56,"['/imu', '/rosout']"
1681490273.4172063,57974,1681490273,416756629,,2,/imu_driver,Current time 1681490273 415729761,driver.py,driver,56,"['/imu', '/rosout']"
1681490273.442705,57975,1681490273,442354917,,2,/imu_driver,Current time 1681490273 441089391,driver.py,driver,56,"['/imu', '/rosout']"
1681490273.467785,57976,1681490273,466927528,,2,/imu_driver,Current time 1681490273 465896129,driver.py,driver,56,"['/imu', '/rosout']"
1681490273.4921954,57977,1681490273,491723060,,2,/imu_driver,Current time 1681490273 490793228,driver.py,driver,56,"['/imu', '/rosout']"
1681490273.5177372,57978,1681490273,517066955,,2,/imu_driver,Current time 1681490273 515869617,driver.py,driver,56,"['/imu', '/rosout']"
1681490273.542528,57979,1681490273,542247772,,2,/imu_driver,Current time 1681490273 540794849,driver.py,driver,56,"['/imu', '/rosout']"
1681490273.5669956,57980,1681490273,566559791,,2,/imu_driver,Current time 1681490273 565630435,driver.py,driver,56,"['/imu', '/rosout']"
1681490273.5923357,57981,1681490273,591808795,,2,/imu_driver,Current time 1681490273 590712547,driver.py,driver,56,"['/imu', '/rosout']"
1681490273.6174498,57982,1681490273,616934537,,2,/imu_driver,Current time 1681490273 615850687,driver.py,driver,56,"['/imu', '/rosout']"
1681490273.6424563,57983,1681490273,641912937,,2,/imu_driver,Current time 1681490273 640811204,driver.py,driver,56,"['/imu', '/rosout']"
1681490273.667549,57984,1681490273,666782379,,2,/imu_driver,Current time 1681490273 665639638,driver.py,driver,56,"['/imu', '/rosout']"
1681490273.6925864,57985,1681490273,692043542,,2,/imu_driver,Current time 1681490273 690607309,driver.py,driver,56,"['/imu', '/rosout']"
1681490273.7175756,57986,1681490273,716961383,,2,/imu_driver,Current time 1681490273 715741634,driver.py,driver,56,"['/imu', '/rosout']"
1681490273.7417996,57987,1681490273,741563081,,2,/imu_driver,Current time 1681490273 740551948,driver.py,driver,56,"['/imu', '/rosout']"
1681490273.7721303,57988,1681490273,770363092,,2,/imu_driver,Current time 1681490273 766202449,driver.py,driver,56,"['/imu', '/rosout']"
1681490273.7949877,57989,1681490273,794287681,,2,/imu_driver,Current time 1681490273 790719270,driver.py,driver,56,"['/imu', '/rosout']"
1681490273.8167994,57990,1681490273,816634654,,2,/imu_driver,Current time 1681490273 815486431,driver.py,driver,56,"['/imu', '/rosout']"
1681490273.842478,57991,1681490273,841716051,,2,/imu_driver,Current time 1681490273 840624809,driver.py,driver,56,"['/imu', '/rosout']"
1681490273.8673525,57992,1681490273,866499900,,2,/imu_driver,Current time 1681490273 865526199,driver.py,driver,56,"['/imu', '/rosout']"
1681490273.891693,57993,1681490273,891503334,,2,/imu_driver,Current time 1681490273 890584230,driver.py,driver,56,"['/imu', '/rosout']"
1681490273.9166389,57994,1681490273,916379213,,2,/imu_driver,Current time 1681490273 915341377,driver.py,driver,56,"['/imu', '/rosout']"
1681490273.9435196,57995,1681490273,943268775,,2,/imu_driver,Current time 1681490273 942090749,driver.py,driver,56,"['/imu', '/rosout']"
1681490273.9675431,57996,1681490273,966731548,,2,/imu_driver,Current time 1681490273 965486288,driver.py,driver,56,"['/imu', '/rosout']"
1681490273.9918163,57997,1681490273,991375684,,2,/imu_driver,Current time 1681490273 990385293,driver.py,driver,56,"['/imu', '/rosout']"
1681490274.0169194,57998,1681490274,16404151,,2,/imu_driver,Current time 1681490274 15252113,driver.py,driver,56,"['/imu', '/rosout']"
1681490274.0429955,57999,1681490274,42267084,,2,/imu_driver,Current time 1681490274 40630578,driver.py,driver,56,"['/imu', '/rosout']"
1681490274.0667565,58000,1681490274,66344976,,2,/imu_driver,Current time 1681490274 65361738,driver.py,driver,56,"['/imu', '/rosout']"
1681490274.0918863,58001,1681490274,91352462,,2,/imu_driver,Current time 1681490274 90302944,driver.py,driver,56,"['/imu', '/rosout']"
1681490274.1174436,58002,1681490274,116600036,,2,/imu_driver,Current time 1681490274 115376472,driver.py,driver,56,"['/imu', '/rosout']"
1681490274.1416144,58003,1681490274,141269922,,2,/imu_driver,Current time 1681490274 140314579,driver.py,driver,56,"['/imu', '/rosout']"
1681490274.1666105,58004,1681490274,166228294,,2,/imu_driver,Current time 1681490274 165233612,driver.py,driver,56,"['/imu', '/rosout']"
1681490274.191837,58005,1681490274,191548824,,2,/imu_driver,Current time 1681490274 190217018,driver.py,driver,56,"['/imu', '/rosout']"
1681490274.217585,58006,1681490274,217423439,,2,/imu_driver,Current time 1681490274 216276645,driver.py,driver,56,"['/imu', '/rosout']"
1681490274.241542,58007,1681490274,241376161,,2,/imu_driver,Current time 1681490274 240295886,driver.py,driver,56,"['/imu', '/rosout']"
1681490274.2679267,58008,1681490274,267317771,,2,/imu_driver,Current time 1681490274 266234397,driver.py,driver,56,"['/imu', '/rosout']"
1681490274.2931828,58009,1681490274,292653322,,2,/imu_driver,Current time 1681490274 291215896,driver.py,driver,56,"['/imu', '/rosout']"
1681490274.3182745,58010,1681490274,317368745,,2,/imu_driver,Current time 1681490274 316111564,driver.py,driver,56,"['/imu', '/rosout']"
1681490274.3438773,58011,1681490274,343153953,,2,/imu_driver,Current time 1681490274 341026067,driver.py,driver,56,"['/imu', '/rosout']"
1681490274.3675911,58012,1681490274,367169857,,2,/imu_driver,Current time 1681490274 366062641,driver.py,driver,56,"['/imu', '/rosout']"
1681490274.3926175,58013,1681490274,392137289,,2,/imu_driver,Current time 1681490274 391014099,driver.py,driver,56,"['/imu', '/rosout']"
1681490274.4173481,58014,1681490274,417124032,,2,/imu_driver,Current time 1681490274 416102886,driver.py,driver,56,"['/imu', '/rosout']"
1681490274.4425673,58015,1681490274,442368984,,2,/imu_driver,Current time 1681490274 440848112,driver.py,driver,56,"['/imu', '/rosout']"
1681490274.467232,58016,1681490274,467024326,,2,/imu_driver,Current time 1681490274 465974807,driver.py,driver,56,"['/imu', '/rosout']"
1681490274.4923885,58017,1681490274,491918563,,2,/imu_driver,Current time 1681490274 490898370,driver.py,driver,56,"['/imu', '/rosout']"
1681490274.5175147,58018,1681490274,517193555,,2,/imu_driver,Current time 1681490274 515914916,driver.py,driver,56,"['/imu', '/rosout']"
1681490274.5426848,58019,1681490274,542374372,,2,/imu_driver,Current time 1681490274 540976285,driver.py,driver,56,"['/imu', '/rosout']"
1681490274.5674198,58020,1681490274,567090272,,2,/imu_driver,Current time 1681490274 566105127,driver.py,driver,56,"['/imu', '/rosout']"
1681490274.5924354,58021,1681490274,592075824,,2,/imu_driver,Current time 1681490274 590885877,driver.py,driver,56,"['/imu', '/rosout']"
1681490274.6179078,58022,1681490274,617166996,,2,/imu_driver,Current time 1681490274 615959405,driver.py,driver,56,"['/imu', '/rosout']"
1681490274.642583,58023,1681490274,642150163,,2,/imu_driver,Current time 1681490274 641106128,driver.py,driver,56,"['/imu', '/rosout']"
1681490274.6681802,58024,1681490274,667068719,,2,/imu_driver,Current time 1681490274 666004419,driver.py,driver,56,"['/imu', '/rosout']"
1681490274.692951,58025,1681490274,692329406,,2,/imu_driver,Current time 1681490274 690979480,driver.py,driver,56,"['/imu', '/rosout']"
1681490274.7181482,58026,1681490274,717058897,,2,/imu_driver,Current time 1681490274 715864658,driver.py,driver,56,"['/imu', '/rosout']"
1681490274.7423708,58027,1681490274,741672277,,2,/imu_driver,Current time 1681490274 740673303,driver.py,driver,56,"['/imu', '/rosout']"
1681490274.7669828,58028,1681490274,766783714,,2,/imu_driver,Current time 1681490274 765676736,driver.py,driver,56,"['/imu', '/rosout']"
1681490274.793279,58029,1681490274,792351007,,2,/imu_driver,Current time 1681490274 790830850,driver.py,driver,56,"['/imu', '/rosout']"
1681490274.8178594,58030,1681490274,816858768,,2,/imu_driver,Current time 1681490274 815882444,driver.py,driver,56,"['/imu', '/rosout']"
1681490274.842403,58031,1681490274,841644525,,2,/imu_driver,Current time 1681490274 840656995,driver.py,driver,56,"['/imu', '/rosout']"
1681490274.8669772,58032,1681490274,866817951,,2,/imu_driver,Current time 1681490274 865706205,driver.py,driver,56,"['/imu', '/rosout']"
1681490274.8918576,58033,1681490274,891650915,,2,/imu_driver,Current time 1681490274 890692234,driver.py,driver,56,"['/imu', '/rosout']"
1681490274.9168777,58034,1681490274,916718006,,2,/imu_driver,Current time 1681490274 915604829,driver.py,driver,56,"['/imu', '/rosout']"
1681490274.9427433,58035,1681490274,942470312,,2,/imu_driver,Current time 1681490274 940869331,driver.py,driver,56,"['/imu', '/rosout']"
1681490274.9667017,58036,1681490274,966576337,,2,/imu_driver,Current time 1681490274 965647935,driver.py,driver,56,"['/imu', '/rosout']"
1681490274.991828,58037,1681490274,991664409,,2,/imu_driver,Current time 1681490274 990591526,driver.py,driver,56,"['/imu', '/rosout']"
1681490275.0170727,58038,1681490275,16843318,,2,/imu_driver,Current time 1681490275 15572309,driver.py,driver,56,"['/imu', '/rosout']"
1681490275.043773,58039,1681490275,43488025,,2,/imu_driver,Current time 1681490275 41477680,driver.py,driver,56,"['/imu', '/rosout']"
1681490275.0667524,58040,1681490275,66597461,,2,/imu_driver,Current time 1681490275 65622568,driver.py,driver,56,"['/imu', '/rosout']"
1681490275.0917833,58041,1681490275,91599702,,2,/imu_driver,Current time 1681490275 90610742,driver.py,driver,56,"['/imu', '/rosout']"
1681490275.1176286,58042,1681490275,117012739,,2,/imu_driver,Current time 1681490275 115743398,driver.py,driver,56,"['/imu', '/rosout']"
1681490275.1424499,58043,1681490275,142011404,,2,/imu_driver,Current time 1681490275 140845537,driver.py,driver,56,"['/imu', '/rosout']"
1681490275.1671453,58044,1681490275,166634559,,2,/imu_driver,Current time 1681490275 165569782,driver.py,driver,56,"['/imu', '/rosout']"
1681490275.193437,58045,1681490275,192903280,,2,/imu_driver,Current time 1681490275 191297054,driver.py,driver,56,"['/imu', '/rosout']"
1681490275.2169428,58046,1681490275,216537237,,2,/imu_driver,Current time 1681490275 215519189,driver.py,driver,56,"['/imu', '/rosout']"
1681490275.2418716,58047,1681490275,241455554,,2,/imu_driver,Current time 1681490275 240347385,driver.py,driver,56,"['/imu', '/rosout']"
1681490275.2667658,58048,1681490275,266402721,,2,/imu_driver,Current time 1681490275 265396118,driver.py,driver,56,"['/imu', '/rosout']"
1681490275.29258,58049,1681490275,291871070,,2,/imu_driver,Current time 1681490275 290481805,driver.py,driver,56,"['/imu', '/rosout']"
1681490275.3244545,58050,1681490275,321857929,,2,/imu_driver,Current time 1681490275 316937208,driver.py,driver,56,"['/imu', '/rosout']"
1681490275.3464162,58051,1681490275,345919847,,2,/imu_driver,Current time 1681490275 344708442,driver.py,driver,56,"['/imu', '/rosout']"
1681490275.3675487,58052,1681490275,366253852,,2,/imu_driver,Current time 1681490275 365285158,driver.py,driver,56,"['/imu', '/rosout']"
1681490275.392082,58053,1681490275,391535282,,2,/imu_driver,Current time 1681490275 390352725,driver.py,driver,56,"['/imu', '/rosout']"
1681490275.4267082,58054,1681490275,416549921,,2,/imu_driver,Current time 1681490275 415362596,driver.py,driver,56,"['/imu', '/rosout']"
1681490275.4448395,58055,1681490275,443529844,,2,/imu_driver,Current time 1681490275 440621376,driver.py,driver,56,"['/imu', '/rosout']"
1681490275.4683726,58056,1681490275,467413187,,2,/imu_driver,Current time 1681490275 466281414,driver.py,driver,56,"['/imu', '/rosout']"
1681490275.4922218,58057,1681490275,491484642,,2,/imu_driver,Current time 1681490275 490245103,driver.py,driver,56,"['/imu', '/rosout']"
1681490275.5179367,58058,1681490275,516747713,,2,/imu_driver,Current time 1681490275 515398502,driver.py,driver,56,"['/imu', '/rosout']"
1681490275.5435157,58059,1681490275,542497634,,2,/imu_driver,Current time 1681490275 541228771,driver.py,driver,56,"['/imu', '/rosout']"
1681490275.5675635,58060,1681490275,567193269,,2,/imu_driver,Current time 1681490275 566129446,driver.py,driver,56,"['/imu', '/rosout']"
1681490275.5924778,58061,1681490275,592145681,,2,/imu_driver,Current time 1681490275 591202020,driver.py,driver,56,"['/imu', '/rosout']"
1681490275.6178293,58062,1681490275,617204904,,2,/imu_driver,Current time 1681490275 616164684,driver.py,driver,56,"['/imu', '/rosout']"
1681490275.6426806,58063,1681490275,641971111,,2,/imu_driver,Current time 1681490275 640972852,driver.py,driver,56,"['/imu', '/rosout']"
1681490275.6676984,58064,1681490275,667242288,,2,/imu_driver,Current time 1681490275 666121482,driver.py,driver,56,"['/imu', '/rosout']"
1681490275.6931796,58065,1681490275,692512512,,2,/imu_driver,Current time 1681490275 691108703,driver.py,driver,56,"['/imu', '/rosout']"
1681490275.7180605,58066,1681490275,717739343,,2,/imu_driver,Current time 1681490275 716369867,driver.py,driver,56,"['/imu', '/rosout']"
1681490275.7429223,58067,1681490275,742214441,,2,/imu_driver,Current time 1681490275 741111516,driver.py,driver,56,"['/imu', '/rosout']"
1681490275.767529,58068,1681490275,767034292,,2,/imu_driver,Current time 1681490275 766011476,driver.py,driver,56,"['/imu', '/rosout']"
1681490275.7931733,58069,1681490275,792410373,,2,/imu_driver,Current time 1681490275 791003704,driver.py,driver,56,"['/imu', '/rosout']"
1681490275.8178487,58070,1681490275,817021846,,2,/imu_driver,Current time 1681490275 816023111,driver.py,driver,56,"['/imu', '/rosout']"
1681490275.8420715,58071,1681490275,841784238,,2,/imu_driver,Current time 1681490275 840858221,driver.py,driver,56,"['/imu', '/rosout']"
1681490275.8678098,58072,1681490275,867026329,,2,/imu_driver,Current time 1681490275 866005897,driver.py,driver,56,"['/imu', '/rosout']"
1681490275.8930793,58073,1681490275,892005681,,2,/imu_driver,Current time 1681490275 890935182,driver.py,driver,56,"['/imu', '/rosout']"
1681490275.9179938,58074,1681490275,917141675,,2,/imu_driver,Current time 1681490275 916059732,driver.py,driver,56,"['/imu', '/rosout']"
1681490275.9427497,58075,1681490275,942201375,,2,/imu_driver,Current time 1681490275 940966129,driver.py,driver,56,"['/imu', '/rosout']"
1681490275.9676888,58076,1681490275,966981410,,2,/imu_driver,Current time 1681490275 965998411,driver.py,driver,56,"['/imu', '/rosout']"
1681490275.9927983,58077,1681490275,991990089,,2,/imu_driver,Current time 1681490275 990938186,driver.py,driver,56,"['/imu', '/rosout']"
1681490276.0172057,58078,1681490276,16849756,,2,/imu_driver,Current time 1681490276 15858173,driver.py,driver,56,"['/imu', '/rosout']"
1681490276.0427144,58079,1681490276,42147159,,2,/imu_driver,Current time 1681490276 40814399,driver.py,driver,56,"['/imu', '/rosout']"
1681490276.0669696,58080,1681490276,66751718,,2,/imu_driver,Current time 1681490276 65668821,driver.py,driver,56,"['/imu', '/rosout']"
1681490276.0925975,58081,1681490276,91865539,,2,/imu_driver,Current time 1681490276 90897083,driver.py,driver,56,"['/imu', '/rosout']"
1681490276.118259,58082,1681490276,117549896,,2,/imu_driver,Current time 1681490276 116196155,driver.py,driver,56,"['/imu', '/rosout']"
1681490276.1444166,58083,1681490276,143363237,,2,/imu_driver,Current time 1681490276 141522407,driver.py,driver,56,"['/imu', '/rosout']"
1681490276.1671877,58084,1681490276,166861295,,2,/imu_driver,Current time 1681490276 165850639,driver.py,driver,56,"['/imu', '/rosout']"
1681490276.1924007,58085,1681490276,191829681,,2,/imu_driver,Current time 1681490276 190608739,driver.py,driver,56,"['/imu', '/rosout']"
1681490276.217472,58086,1681490276,216837882,,2,/imu_driver,Current time 1681490276 215757369,driver.py,driver,56,"['/imu', '/rosout']"
1681490276.2423062,58087,1681490276,241967201,,2,/imu_driver,Current time 1681490276 240825414,driver.py,driver,56,"['/imu', '/rosout']"
1681490276.2677147,58088,1681490276,266851902,,2,/imu_driver,Current time 1681490276 265693426,driver.py,driver,56,"['/imu', '/rosout']"
1681490276.2931123,58089,1681490276,292100191,,2,/imu_driver,Current time 1681490276 290640592,driver.py,driver,56,"['/imu', '/rosout']"
1681490276.3169112,58090,1681490276,316681385,,2,/imu_driver,Current time 1681490276 315654039,driver.py,driver,56,"['/imu', '/rosout']"
1681490276.342314,58091,1681490276,341611623,,2,/imu_driver,Current time 1681490276 340615749,driver.py,driver,56,"['/imu', '/rosout']"
1681490276.3673308,58092,1681490276,366763353,,2,/imu_driver,Current time 1681490276 365735530,driver.py,driver,56,"['/imu', '/rosout']"
1681490276.3947072,58093,1681490276,394237279,,2,/imu_driver,Current time 1681490276 393088579,driver.py,driver,56,"['/imu', '/rosout']"
1681490276.4175265,58094,1681490276,416836023,,2,/imu_driver,Current time 1681490276 415711402,driver.py,driver,56,"['/imu', '/rosout']"
1681490276.442214,58095,1681490276,442035198,,2,/imu_driver,Current time 1681490276 440603494,driver.py,driver,56,"['/imu', '/rosout']"
1681490276.4667385,58096,1681490276,466453075,,2,/imu_driver,Current time 1681490276 465488195,driver.py,driver,56,"['/imu', '/rosout']"
1681490276.491774,58097,1681490276,491651773,,2,/imu_driver,Current time 1681490276 490660429,driver.py,driver,56,"['/imu', '/rosout']"
1681490276.5168915,58098,1681490276,516671419,,2,/imu_driver,Current time 1681490276 515603542,driver.py,driver,56,"['/imu', '/rosout']"
1681490276.542161,58099,1681490276,541820049,,2,/imu_driver,Current time 1681490276 540483236,driver.py,driver,56,"['/imu', '/rosout']"
1681490276.5670536,58100,1681490276,566838502,,2,/imu_driver,Current time 1681490276 565481185,driver.py,driver,56,"['/imu', '/rosout']"
1681490276.5917845,58101,1681490276,591597557,,2,/imu_driver,Current time 1681490276 590510845,driver.py,driver,56,"['/imu', '/rosout']"
1681490276.61689,58102,1681490276,616693973,,2,/imu_driver,Current time 1681490276 615398168,driver.py,driver,56,"['/imu', '/rosout']"
1681490276.6424196,58103,1681490276,642209291,,2,/imu_driver,Current time 1681490276 640912294,driver.py,driver,56,"['/imu', '/rosout']"
1681490276.6671133,58104,1681490276,666849136,,2,/imu_driver,Current time 1681490276 665447711,driver.py,driver,56,"['/imu', '/rosout']"
1681490276.6945744,58105,1681490276,692050933,,2,/imu_driver,Current time 1681490276 690485715,driver.py,driver,56,"['/imu', '/rosout']"
1681490276.7171135,58106,1681490276,716403961,,2,/imu_driver,Current time 1681490276 715312242,driver.py,driver,56,"['/imu', '/rosout']"
1681490276.7420251,58107,1681490276,741416215,,2,/imu_driver,Current time 1681490276 740418672,driver.py,driver,56,"['/imu', '/rosout']"
1681490276.7668874,58108,1681490276,766115665,,2,/imu_driver,Current time 1681490276 765201091,driver.py,driver,56,"['/imu', '/rosout']"
1681490276.792755,58109,1681490276,792194366,,2,/imu_driver,Current time 1681490276 790227413,driver.py,driver,56,"['/imu', '/rosout']"
1681490276.8177462,58110,1681490276,817374944,,2,/imu_driver,Current time 1681490276 816187143,driver.py,driver,56,"['/imu', '/rosout']"
1681490276.8415499,58111,1681490276,841228723,,2,/imu_driver,Current time 1681490276 840261459,driver.py,driver,56,"['/imu', '/rosout']"
1681490276.8683832,58112,1681490276,867650747,,2,/imu_driver,Current time 1681490276 866483211,driver.py,driver,56,"['/imu', '/rosout']"
1681490276.8934221,58113,1681490276,892930507,,2,/imu_driver,Current time 1681490276 891263484,driver.py,driver,56,"['/imu', '/rosout']"
1681490276.9179394,58114,1681490276,917566776,,2,/imu_driver,Current time 1681490276 916300058,driver.py,driver,56,"['/imu', '/rosout']"
1681490276.942425,58115,1681490276,942143201,,2,/imu_driver,Current time 1681490276 941104650,driver.py,driver,56,"['/imu', '/rosout']"
1681490276.9673665,58116,1681490276,967120409,,2,/imu_driver,Current time 1681490276 966095924,driver.py,driver,56,"['/imu', '/rosout']"
1681490276.9925632,58117,1681490276,992264747,,2,/imu_driver,Current time 1681490276 991258621,driver.py,driver,56,"['/imu', '/rosout']"
1681490277.0189688,58118,1681490277,18031597,,2,/imu_driver,Current time 1681490277 16412973,driver.py,driver,56,"['/imu', '/rosout']"
1681490277.0431154,58119,1681490277,42484760,,2,/imu_driver,Current time 1681490277 41068792,driver.py,driver,56,"['/imu', '/rosout']"
1681490277.067514,58120,1681490277,67111253,,2,/imu_driver,Current time 1681490277 66065073,driver.py,driver,56,"['/imu', '/rosout']"
1681490277.0928054,58121,1681490277,92277526,,2,/imu_driver,Current time 1681490277 91166973,driver.py,driver,56,"['/imu', '/rosout']"
1681490277.117818,58122,1681490277,117277383,,2,/imu_driver,Current time 1681490277 116170644,driver.py,driver,56,"['/imu', '/rosout']"
1681490277.142665,58123,1681490277,142383098,,2,/imu_driver,Current time 1681490277 141249895,driver.py,driver,56,"['/imu', '/rosout']"
1681490277.1676655,58124,1681490277,166994333,,2,/imu_driver,Current time 1681490277 166062831,driver.py,driver,56,"['/imu', '/rosout']"
1681490277.1935663,58125,1681490277,192475318,,2,/imu_driver,Current time 1681490277 191071033,driver.py,driver,56,"['/imu', '/rosout']"
1681490277.2180989,58126,1681490277,216990470,,2,/imu_driver,Current time 1681490277 216031789,driver.py,driver,56,"['/imu', '/rosout']"
1681490277.2424011,58127,1681490277,241843938,,2,/imu_driver,Current time 1681490277 240873098,driver.py,driver,56,"['/imu', '/rosout']"
1681490277.2677057,58128,1681490277,267243862,,2,/imu_driver,Current time 1681490277 266091585,driver.py,driver,56,"['/imu', '/rosout']"
1681490277.2928975,58129,1681490277,292228698,,2,/imu_driver,Current time 1681490277 290981292,driver.py,driver,56,"['/imu', '/rosout']"
1681490277.3173594,58130,1681490277,316989183,,2,/imu_driver,Current time 1681490277 315984010,driver.py,driver,56,"['/imu', '/rosout']"
1681490277.3426101,58131,1681490277,341952085,,2,/imu_driver,Current time 1681490277 341002702,driver.py,driver,56,"['/imu', '/rosout']"
1681490277.3685863,58132,1681490277,366948127,,2,/imu_driver,Current time 1681490277 365918159,driver.py,driver,56,"['/imu', '/rosout']"
1681490277.3925328,58133,1681490277,391829729,,2,/imu_driver,Current time 1681490277 390768527,driver.py,driver,56,"['/imu', '/rosout']"
1681490277.4175017,58134,1681490277,416863918,,2,/imu_driver,Current time 1681490277 415808677,driver.py,driver,56,"['/imu', '/rosout']"
1681490277.4450548,58135,1681490277,444475650,,2,/imu_driver,Current time 1681490277 443270206,driver.py,driver,56,"['/imu', '/rosout']"
1681490277.4675138,58136,1681490277,466719627,,2,/imu_driver,Current time 1681490277 465770244,driver.py,driver,56,"['/imu', '/rosout']"
1681490277.4922948,58137,1681490277,491649627,,2,/imu_driver,Current time 1681490277 490740776,driver.py,driver,56,"['/imu', '/rosout']"
1681490277.5169382,58138,1681490277,516631841,,2,/imu_driver,Current time 1681490277 515594720,driver.py,driver,56,"['/imu', '/rosout']"
1681490277.543404,58139,1681490277,542641639,,2,/imu_driver,Current time 1681490277 541147708,driver.py,driver,56,"['/imu', '/rosout']"
1681490277.5679867,58140,1681490277,566836118,,2,/imu_driver,Current time 1681490277 565790891,driver.py,driver,56,"['/imu', '/rosout']"
1681490277.5917356,58141,1681490277,591469049,,2,/imu_driver,Current time 1681490277 590512752,driver.py,driver,56,"['/imu', '/rosout']"
1681490277.6172225,58142,1681490277,616741895,,2,/imu_driver,Current time 1681490277 615512132,driver.py,driver,56,"['/imu', '/rosout']"
1681490277.6421857,58143,1681490277,641645669,,2,/imu_driver,Current time 1681490277 640560388,driver.py,driver,56,"['/imu', '/rosout']"
1681490277.6669502,58144,1681490277,666667461,,2,/imu_driver,Current time 1681490277 665592670,driver.py,driver,56,"['/imu', '/rosout']"
1681490277.6921308,58145,1681490277,691601514,,2,/imu_driver,Current time 1681490277 690550804,driver.py,driver,56,"['/imu', '/rosout']"
1681490277.7170339,58146,1681490277,716542482,,2,/imu_driver,Current time 1681490277 715519666,driver.py,driver,56,"['/imu', '/rosout']"
1681490277.7425911,58147,1681490277,742123126,,2,/imu_driver,Current time 1681490277 740844726,driver.py,driver,56,"['/imu', '/rosout']"
1681490277.7675025,58148,1681490277,766952514,,2,/imu_driver,Current time 1681490277 765663146,driver.py,driver,56,"['/imu', '/rosout']"
1681490277.7931616,58149,1681490277,792336940,,2,/imu_driver,Current time 1681490277 790440082,driver.py,driver,56,"['/imu', '/rosout']"
1681490277.817049,58150,1681490277,816816806,,2,/imu_driver,Current time 1681490277 815551757,driver.py,driver,56,"['/imu', '/rosout']"
1681490277.841908,58151,1681490277,841608285,,2,/imu_driver,Current time 1681490277 840490102,driver.py,driver,56,"['/imu', '/rosout']"
1681490277.872397,58152,1681490277,871648073,,2,/imu_driver,Current time 1681490277 870361566,driver.py,driver,56,"['/imu', '/rosout']"
1681490277.892146,58153,1681490277,891536951,,2,/imu_driver,Current time 1681490277 890390634,driver.py,driver,56,"['/imu', '/rosout']"
1681490277.91665,58154,1681490277,916438579,,2,/imu_driver,Current time 1681490277 915349721,driver.py,driver,56,"['/imu', '/rosout']"
1681490277.9424841,58155,1681490277,941576004,,2,/imu_driver,Current time 1681490277 940321207,driver.py,driver,56,"['/imu', '/rosout']"
1681490277.970671,58156,1681490277,970093011,,2,/imu_driver,Current time 1681490277 966060638,driver.py,driver,56,"['/imu', '/rosout']"
1681490277.99593,58157,1681490277,994941711,,2,/imu_driver,Current time 1681490277 991234779,driver.py,driver,56,"['/imu', '/rosout']"
1681490278.0206652,58158,1681490278,19748210,,2,/imu_driver,Current time 1681490278 15917778,driver.py,driver,56,"['/imu', '/rosout']"
1681490278.042739,58159,1681490278,42210102,,2,/imu_driver,Current time 1681490278 40479183,driver.py,driver,56,"['/imu', '/rosout']"
1681490278.0675263,58160,1681490278,67325115,,2,/imu_driver,Current time 1681490278 66241264,driver.py,driver,56,"['/imu', '/rosout']"
1681490278.091664,58161,1681490278,91495752,,2,/imu_driver,Current time 1681490278 90404748,driver.py,driver,56,"['/imu', '/rosout']"
1681490278.1174204,58162,1681490278,117199420,,2,/imu_driver,Current time 1681490278 116134881,driver.py,driver,56,"['/imu', '/rosout']"
1681490278.1424503,58163,1681490278,142143249,,2,/imu_driver,Current time 1681490278 141153573,driver.py,driver,56,"['/imu', '/rosout']"
1681490278.1687033,58164,1681490278,167952537,,2,/imu_driver,Current time 1681490278 166093587,driver.py,driver,56,"['/imu', '/rosout']"
1681490278.1924438,58165,1681490278,191270828,,2,/imu_driver,Current time 1681490278 190102815,driver.py,driver,56,"['/imu', '/rosout']"
1681490278.2176456,58166,1681490278,217358112,,2,/imu_driver,Current time 1681490278 216254234,driver.py,driver,56,"['/imu', '/rosout']"
1681490278.2427673,58167,1681490278,242208480,,2,/imu_driver,Current time 1681490278 241136789,driver.py,driver,56,"['/imu', '/rosout']"
1681490278.2676246,58168,1681490278,267087936,,2,/imu_driver,Current time 1681490278 266113758,driver.py,driver,56,"['/imu', '/rosout']"
1681490278.2927303,58169,1681490278,292462348,,2,/imu_driver,Current time 1681490278 291060209,driver.py,driver,56,"['/imu', '/rosout']"
1681490278.3173172,58170,1681490278,317150115,,2,/imu_driver,Current time 1681490278 316105365,driver.py,driver,56,"['/imu', '/rosout']"
1681490278.3433926,58171,1681490278,343153238,,2,/imu_driver,Current time 1681490278 341370105,driver.py,driver,56,"['/imu', '/rosout']"
1681490278.3673472,58172,1681490278,366941690,,2,/imu_driver,Current time 1681490278 365894794,driver.py,driver,56,"['/imu', '/rosout']"
1681490278.392658,58173,1681490278,392401456,,2,/imu_driver,Current time 1681490278 391138076,driver.py,driver,56,"['/imu', '/rosout']"
1681490278.4091115,6,1681490278,408949281,,4,/record_1681490238361869733,Less than 5 x 1G of space free on disk with '2023-04-14-12-37-18.bag.active'.,/tmp/binarydeb/ros-noetic-rosbag-1.15.15/src/recorder.cpp,Recorder::checkDisk,771,['/rosout']
1681490278.4173875,58174,1681490278,417136192,,2,/imu_driver,Current time 1681490278 416069269,driver.py,driver,56,"['/imu', '/rosout']"
1681490278.448789,58175,1681490278,448382616,,2,/imu_driver,Current time 1681490278 443164825,driver.py,driver,56,"['/imu', '/rosout']"
1681490278.4676259,58176,1681490278,467265844,,2,/imu_driver,Current time 1681490278 465938091,driver.py,driver,56,"['/imu', '/rosout']"
1681490278.4922626,58177,1681490278,492070198,,2,/imu_driver,Current time 1681490278 491034984,driver.py,driver,56,"['/imu', '/rosout']"
1681490278.5173032,58178,1681490278,517017841,,2,/imu_driver,Current time 1681490278 516026735,driver.py,driver,56,"['/imu', '/rosout']"
1681490278.5433826,58179,1681490278,542566537,,2,/imu_driver,Current time 1681490278 541108846,driver.py,driver,56,"['/imu', '/rosout']"
1681490278.5676298,58180,1681490278,567119836,,2,/imu_driver,Current time 1681490278 565991640,driver.py,driver,56,"['/imu', '/rosout']"
1681490278.593076,58181,1681490278,592172384,,2,/imu_driver,Current time 1681490278 590922832,driver.py,driver,56,"['/imu', '/rosout']"
1681490278.6178522,58182,1681490278,616976737,,2,/imu_driver,Current time 1681490278 615994453,driver.py,driver,56,"['/imu', '/rosout']"
1681490278.642549,58183,1681490278,641775369,,2,/imu_driver,Current time 1681490278 640789747,driver.py,driver,56,"['/imu', '/rosout']"
1681490278.6671898,58184,1681490278,666708946,,2,/imu_driver,Current time 1681490278 665823221,driver.py,driver,56,"['/imu', '/rosout']"
1681490278.6945484,58185,1681490278,693159818,,2,/imu_driver,Current time 1681490278 690846443,driver.py,driver,56,"['/imu', '/rosout']"
1681490278.7173684,58186,1681490278,716878175,,2,/imu_driver,Current time 1681490278 715727090,driver.py,driver,56,"['/imu', '/rosout']"
1681490278.741806,58187,1681490278,741570472,,2,/imu_driver,Current time 1681490278 740649223,driver.py,driver,56,"['/imu', '/rosout']"
1681490278.7671175,58188,1681490278,766849517,,2,/imu_driver,Current time 1681490278 765753746,driver.py,driver,56,"['/imu', '/rosout']"
1681490278.792598,58189,1681490278,792391061,,2,/imu_driver,Current time 1681490278 790784358,driver.py,driver,56,"['/imu', '/rosout']"
1681490278.8172445,58190,1681490278,817032337,,2,/imu_driver,Current time 1681490278 815777778,driver.py,driver,56,"['/imu', '/rosout']"
1681490278.842297,58191,1681490278,842110872,,2,/imu_driver,Current time 1681490278 840659856,driver.py,driver,56,"['/imu', '/rosout']"
1681490278.866972,58192,1681490278,866752147,,2,/imu_driver,Current time 1681490278 865673780,driver.py,driver,56,"['/imu', '/rosout']"
1681490278.8923438,58193,1681490278,891958236,,2,/imu_driver,Current time 1681490278 890711069,driver.py,driver,56,"['/imu', '/rosout']"
1681490278.9171968,58194,1681490278,916940212,,2,/imu_driver,Current time 1681490278 915742635,driver.py,driver,56,"['/imu', '/rosout']"
1681490278.9462395,58195,1681490278,945952653,,2,/imu_driver,Current time 1681490278 944462537,driver.py,driver,56,"['/imu', '/rosout']"
1681490278.9670508,58196,1681490278,966836690,,2,/imu_driver,Current time 1681490278 965651750,driver.py,driver,56,"['/imu', '/rosout']"
1681490278.9918356,58197,1681490278,991658449,,2,/imu_driver,Current time 1681490278 990595102,driver.py,driver,56,"['/imu', '/rosout']"
1681490279.017066,58198,1681490279,16868829,,2,/imu_driver,Current time 1681490279 15683889,driver.py,driver,56,"['/imu', '/rosout']"
1681490279.0419033,58199,1681490279,41738033,,2,/imu_driver,Current time 1681490279 40669441,driver.py,driver,56,"['/imu', '/rosout']"
1681490279.0672545,58200,1681490279,66657304,,2,/imu_driver,Current time 1681490279 65584182,driver.py,driver,56,"['/imu', '/rosout']"
1681490279.0951786,58201,1681490279,94958305,,2,/imu_driver,Current time 1681490279 93818664,driver.py,driver,56,"['/imu', '/rosout']"
1681490279.11674,58202,1681490279,116596460,,2,/imu_driver,Current time 1681490279 115476846,driver.py,driver,56,"['/imu', '/rosout']"
1681490279.141738,58203,1681490279,141556024,,2,/imu_driver,Current time 1681490279 140634298,driver.py,driver,56,"['/imu', '/rosout']"
1681490279.166972,58204,1681490279,166742801,,2,/imu_driver,Current time 1681490279 165497779,driver.py,driver,56,"['/imu', '/rosout']"
1681490279.1921308,58205,1681490279,191916465,,2,/imu_driver,Current time 1681490279 190594673,driver.py,driver,56,"['/imu', '/rosout']"
1681490279.2169025,58206,1681490279,216701745,,2,/imu_driver,Current time 1681490279 215442895,driver.py,driver,56,"['/imu', '/rosout']"
1681490279.241853,58207,1681490279,241566896,,2,/imu_driver,Current time 1681490279 240592956,driver.py,driver,56,"['/imu', '/rosout']"
1681490279.2666864,58208,1681490279,266419887,,2,/imu_driver,Current time 1681490279 265371799,driver.py,driver,56,"['/imu', '/rosout']"
1681490279.2916915,58209,1681490279,291462898,,2,/imu_driver,Current time 1681490279 290535211,driver.py,driver,56,"['/imu', '/rosout']"
1681490279.3168855,58210,1681490279,316630840,,2,/imu_driver,Current time 1681490279 315444231,driver.py,driver,56,"['/imu', '/rosout']"
1681490279.3424146,58211,1681490279,342245340,,2,/imu_driver,Current time 1681490279 340956449,driver.py,driver,56,"['/imu', '/rosout']"
1681490279.3669634,58212,1681490279,366461992,,2,/imu_driver,Current time 1681490279 365388393,driver.py,driver,56,"['/imu', '/rosout']"
1681490279.3919506,58213,1681490279,391427516,,2,/imu_driver,Current time 1681490279 390328407,driver.py,driver,56,"['/imu', '/rosout']"
1681490279.4177413,58214,1681490279,417314291,,2,/imu_driver,Current time 1681490279 416279315,driver.py,driver,56,"['/imu', '/rosout']"
1681490279.4425402,58215,1681490279,441919088,,2,/imu_driver,Current time 1681490279 440386056,driver.py,driver,56,"['/imu', '/rosout']"
1681490279.4678848,58216,1681490279,467337369,,2,/imu_driver,Current time 1681490279 466177225,driver.py,driver,56,"['/imu', '/rosout']"
1681490279.492551,58217,1681490279,491704463,,2,/imu_driver,Current time 1681490279 490570068,driver.py,driver,56,"['/imu', '/rosout']"
1681490279.5177348,58218,1681490279,517255783,,2,/imu_driver,Current time 1681490279 516189336,driver.py,driver,56,"['/imu', '/rosout']"
1681490279.542733,58219,1681490279,542245864,,2,/imu_driver,Current time 1681490279 541180610,driver.py,driver,56,"['/imu', '/rosout']"
1681490279.5679865,58220,1681490279,567401170,,2,/imu_driver,Current time 1681490279 566211938,driver.py,driver,56,"['/imu', '/rosout']"
1681490279.59319,58221,1681490279,592609643,,2,/imu_driver,Current time 1681490279 591156482,driver.py,driver,56,"['/imu', '/rosout']"
1681490279.6178977,58222,1681490279,617343902,,2,/imu_driver,Current time 1681490279 616043329,driver.py,driver,56,"['/imu', '/rosout']"
1681490279.6427946,58223,1681490279,642324209,,2,/imu_driver,Current time 1681490279 641093492,driver.py,driver,56,"['/imu', '/rosout']"
1681490279.6675887,58224,1681490279,667155027,,2,/imu_driver,Current time 1681490279 666028261,driver.py,driver,56,"['/imu', '/rosout']"
1681490279.6952899,58225,1681490279,695073843,,2,/imu_driver,Current time 1681490279 693622827,driver.py,driver,56,"['/imu', '/rosout']"
1681490279.7173684,58226,1681490279,717160463,,2,/imu_driver,Current time 1681490279 716100931,driver.py,driver,56,"['/imu', '/rosout']"
1681490279.742545,58227,1681490279,742260932,,2,/imu_driver,Current time 1681490279 740990638,driver.py,driver,56,"['/imu', '/rosout']"
1681490279.7672439,58228,1681490279,767094850,,2,/imu_driver,Current time 1681490279 766057252,driver.py,driver,56,"['/imu', '/rosout']"
1681490279.7922251,58229,1681490279,792055368,,2,/imu_driver,Current time 1681490279 790969371,driver.py,driver,56,"['/imu', '/rosout']"
1681490279.817298,58230,1681490279,817070245,,2,/imu_driver,Current time 1681490279 815896749,driver.py,driver,56,"['/imu', '/rosout']"
1681490279.842873,58231,1681490279,842565536,,2,/imu_driver,Current time 1681490279 840949296,driver.py,driver,56,"['/imu', '/rosout']"
1681490279.867465,58232,1681490279,867229938,,2,/imu_driver,Current time 1681490279 866023778,driver.py,driver,56,"['/imu', '/rosout']"
1681490279.8923995,58233,1681490279,892254352,,2,/imu_driver,Current time 1681490279 891080141,driver.py,driver,56,"['/imu', '/rosout']"
1681490279.9176557,58234,1681490279,916920423,,2,/imu_driver,Current time 1681490279 915778160,driver.py,driver,56,"['/imu', '/rosout']"
1681490279.94296,58235,1681490279,942681550,,2,/imu_driver,Current time 1681490279 940880298,driver.py,driver,56,"['/imu', '/rosout']"
1681490279.9673479,58236,1681490279,967171430,,2,/imu_driver,Current time 1681490279 965978622,driver.py,driver,56,"['/imu', '/rosout']"
1681490279.9954967,58237,1681490279,995043277,,2,/imu_driver,Current time 1681490279 990886211,driver.py,driver,56,"['/imu', '/rosout']"
1681490280.0172267,58238,1681490280,17064332,,2,/imu_driver,Current time 1681490280 15938758,driver.py,driver,56,"['/imu', '/rosout']"
1681490280.0426347,58239,1681490280,42427539,,2,/imu_driver,Current time 1681490280 40927648,driver.py,driver,56,"['/imu', '/rosout']"
1681490280.067599,58240,1681490280,67360877,,2,/imu_driver,Current time 1681490280 65887689,driver.py,driver,56,"['/imu', '/rosout']"
1681490280.0933726,58241,1681490280,92436552,,2,/imu_driver,Current time 1681490280 90748071,driver.py,driver,56,"['/imu', '/rosout']"
1681490280.118316,58242,1681490280,117330551,,2,/imu_driver,Current time 1681490280 115775585,driver.py,driver,56,"['/imu', '/rosout']"
1681490280.142271,58243,1681490280,141744613,,2,/imu_driver,Current time 1681490280 140605449,driver.py,driver,56,"['/imu', '/rosout']"
1681490280.1675098,58244,1681490280,167120933,,2,/imu_driver,Current time 1681490280 165953636,driver.py,driver,56,"['/imu', '/rosout']"
1681490280.193564,58245,1681490280,192554712,,2,/imu_driver,Current time 1681490280 191428184,driver.py,driver,56,"['/imu', '/rosout']"
1681490280.2170131,58246,1681490280,216758251,,2,/imu_driver,Current time 1681490280 215795755,driver.py,driver,56,"['/imu', '/rosout']"
1681490280.2423322,58247,1681490280,241940021,,2,/imu_driver,Current time 1681490280 240732192,driver.py,driver,56,"['/imu', '/rosout']"
1681490280.267389,58248,1681490280,266988039,,2,/imu_driver,Current time 1681490280 265869140,driver.py,driver,56,"['/imu', '/rosout']"
1681490280.2920346,58249,1681490280,291728496,,2,/imu_driver,Current time 1681490280 290679693,driver.py,driver,56,"['/imu', '/rosout']"
1681490280.317089,58250,1681490280,316761493,,2,/imu_driver,Current time 1681490280 315639495,driver.py,driver,56,"['/imu', '/rosout']"
1681490280.343018,58251,1681490280,342671632,,2,/imu_driver,Current time 1681490280 341249227,driver.py,driver,56,"['/imu', '/rosout']"
1681490280.3671203,58252,1681490280,366817712,,2,/imu_driver,Current time 1681490280 365662813,driver.py,driver,56,"['/imu', '/rosout']"
1681490280.3918662,58253,1681490280,391530752,,2,/imu_driver,Current time 1681490280 390533685,driver.py,driver,56,"['/imu', '/rosout']"
1681490280.4170504,58254,1681490280,416649103,,2,/imu_driver,Current time 1681490280 415660381,driver.py,driver,56,"['/imu', '/rosout']"
1681490280.4426563,58255,1681490280,442216396,,2,/imu_driver,Current time 1681490280 440752983,driver.py,driver,56,"['/imu', '/rosout']"
1681490280.467133,58256,1681490280,466846227,,2,/imu_driver,Current time 1681490280 465730667,driver.py,driver,56,"['/imu', '/rosout']"
1681490280.4941292,58257,1681490280,493670940,,2,/imu_driver,Current time 1681490280 490624666,driver.py,driver,56,"['/imu', '/rosout']"
1681490280.5169702,58258,1681490280,516679763,,2,/imu_driver,Current time 1681490280 515622138,driver.py,driver,56,"['/imu', '/rosout']"
1681490280.5418737,58259,1681490280,541569948,,2,/imu_driver,Current time 1681490280 540539741,driver.py,driver,56,"['/imu', '/rosout']"
1681490280.5669136,58260,1681490280,566582202,,2,/imu_driver,Current time 1681490280 565523147,driver.py,driver,56,"['/imu', '/rosout']"
1681490280.5931687,58261,1681490280,592812061,,2,/imu_driver,Current time 1681490280 591055631,driver.py,driver,56,"['/imu', '/rosout']"
1681490280.6173484,58262,1681490280,616972446,,2,/imu_driver,Current time 1681490280 615862131,driver.py,driver,56,"['/imu', '/rosout']"
1681490280.6416996,58263,1681490280,641385793,,2,/imu_driver,Current time 1681490280 640444278,driver.py,driver,56,"['/imu', '/rosout']"
1681490280.6668098,58264,1681490280,666526556,,2,/imu_driver,Current time 1681490280 665405511,driver.py,driver,56,"['/imu', '/rosout']"
1681490280.6920133,58265,1681490280,691478967,,2,/imu_driver,Current time 1681490280 690381526,driver.py,driver,56,"['/imu', '/rosout']"
1681490280.717177,58266,1681490280,716585636,,2,/imu_driver,Current time 1681490280 715396165,driver.py,driver,56,"['/imu', '/rosout']"
1681490280.7431624,58267,1681490280,742558717,,2,/imu_driver,Current time 1681490280 740918159,driver.py,driver,56,"['/imu', '/rosout']"
1681490280.767733,58268,1681490280,767334699,,2,/imu_driver,Current time 1681490280 765432119,driver.py,driver,56,"['/imu', '/rosout']"
1681490280.7920835,58269,1681490280,791413545,,2,/imu_driver,Current time 1681490280 790305376,driver.py,driver,56,"['/imu', '/rosout']"
1681490280.8168838,58270,1681490280,816507816,,2,/imu_driver,Current time 1681490280 815335988,driver.py,driver,56,"['/imu', '/rosout']"
1681490280.8453577,58271,1681490280,844402313,,2,/imu_driver,Current time 1681490280 840311765,driver.py,driver,56,"['/imu', '/rosout']"
1681490280.868611,58272,1681490280,867944717,,2,/imu_driver,Current time 1681490280 866561174,driver.py,driver,56,"['/imu', '/rosout']"
1681490280.8923469,58273,1681490280,891944885,,2,/imu_driver,Current time 1681490280 890389204,driver.py,driver,56,"['/imu', '/rosout']"
1681490280.917837,58274,1681490280,917382478,,2,/imu_driver,Current time 1681490280 916272878,driver.py,driver,56,"['/imu', '/rosout']"
1681490280.942788,58275,1681490280,942225456,,2,/imu_driver,Current time 1681490280 941226959,driver.py,driver,56,"['/imu', '/rosout']"
1681490280.9681182,58276,1681490280,967421293,,2,/imu_driver,Current time 1681490280 966281890,driver.py,driver,56,"['/imu', '/rosout']"
1681490280.995084,58277,1681490280,994373798,,2,/imu_driver,Current time 1681490280 990549087,driver.py,driver,56,"['/imu', '/rosout']"
1681490281.0178638,58278,1681490281,17415285,,2,/imu_driver,Current time 1681490281 16180515,driver.py,driver,56,"['/imu', '/rosout']"
1681490281.0426478,58279,1681490281,42308807,,2,/imu_driver,Current time 1681490281 41333913,driver.py,driver,56,"['/imu', '/rosout']"
1681490281.067284,58280,1681490281,67066669,,2,/imu_driver,Current time 1681490281 66104412,driver.py,driver,56,"['/imu', '/rosout']"
1681490281.092711,58281,1681490281,92369556,,2,/imu_driver,Current time 1681490281 91016054,driver.py,driver,56,"['/imu', '/rosout']"
1681490281.1178594,58282,1681490281,117285490,,2,/imu_driver,Current time 1681490281 116029500,driver.py,driver,56,"['/imu', '/rosout']"
1681490281.1437645,58283,1681490281,143296241,,2,/imu_driver,Current time 1681490281 141097545,driver.py,driver,56,"['/imu', '/rosout']"
1681490281.1677082,58284,1681490281,167148828,,2,/imu_driver,Current time 1681490281 166183471,driver.py,driver,56,"['/imu', '/rosout']"
1681490281.1993651,58285,1681490281,198786497,,2,/imu_driver,Current time 1681490281 197609901,driver.py,driver,56,"['/imu', '/rosout']"
1681490281.2177706,58286,1681490281,217296838,,2,/imu_driver,Current time 1681490281 216063022,driver.py,driver,56,"['/imu', '/rosout']"
1681490281.2457576,58287,1681490281,245096921,,2,/imu_driver,Current time 1681490281 243669033,driver.py,driver,56,"['/imu', '/rosout']"
1681490281.2676067,58288,1681490281,267174959,,2,/imu_driver,Current time 1681490281 266049385,driver.py,driver,56,"['/imu', '/rosout']"
1681490281.292626,58289,1681490281,292104959,,2,/imu_driver,Current time 1681490281 290985584,driver.py,driver,56,"['/imu', '/rosout']"
1681490281.3174198,58290,1681490281,316846370,,2,/imu_driver,Current time 1681490281 315819025,driver.py,driver,56,"['/imu', '/rosout']"
1681490281.3427515,58291,1681490281,342256784,,2,/imu_driver,Current time 1681490281 341050624,driver.py,driver,56,"['/imu', '/rosout']"
1681490281.3674617,58292,1681490281,366945266,,2,/imu_driver,Current time 1681490281 365812778,driver.py,driver,56,"['/imu', '/rosout']"
1681490281.394367,58293,1681490281,392201900,,2,/imu_driver,Current time 1681490281 390974283,driver.py,driver,56,"['/imu', '/rosout']"
1681490281.417129,58294,1681490281,416793346,,2,/imu_driver,Current time 1681490281 415856838,driver.py,driver,56,"['/imu', '/rosout']"
1681490281.4428053,58295,1681490281,442020654,,2,/imu_driver,Current time 1681490281 440963745,driver.py,driver,56,"['/imu', '/rosout']"
1681490281.4675047,58296,1681490281,466961145,,2,/imu_driver,Current time 1681490281 465940952,driver.py,driver,56,"['/imu', '/rosout']"
1681490281.4937522,58297,1681490281,493102312,,2,/imu_driver,Current time 1681490281 491054534,driver.py,driver,56,"['/imu', '/rosout']"
1681490281.5173442,58298,1681490281,517091035,,2,/imu_driver,Current time 1681490281 515854358,driver.py,driver,56,"['/imu', '/rosout']"
1681490281.5423813,58299,1681490281,541898012,,2,/imu_driver,Current time 1681490281 540875196,driver.py,driver,56,"['/imu', '/rosout']"
1681490281.5672052,58300,1681490281,566860914,,2,/imu_driver,Current time 1681490281 565757989,driver.py,driver,56,"['/imu', '/rosout']"
1681490281.5949512,58301,1681490281,594131708,,2,/imu_driver,Current time 1681490281 592976808,driver.py,driver,56,"['/imu', '/rosout']"
1681490281.617263,58302,1681490281,616832256,,2,/imu_driver,Current time 1681490281 615665674,driver.py,driver,56,"['/imu', '/rosout']"
1681490281.6440785,58303,1681490281,643718719,,2,/imu_driver,Current time 1681490281 641103029,driver.py,driver,56,"['/imu', '/rosout']"
1681490281.6672368,58304,1681490281,666772365,,2,/imu_driver,Current time 1681490281 665843725,driver.py,driver,56,"['/imu', '/rosout']"
1681490281.6922474,58305,1681490281,691755533,,2,/imu_driver,Current time 1681490281 690829753,driver.py,driver,56,"['/imu', '/rosout']"
1681490281.7173836,58306,1681490281,716896295,,2,/imu_driver,Current time 1681490281 715898036,driver.py,driver,56,"['/imu', '/rosout']"
1681490281.7460225,58307,1681490281,745534896,,2,/imu_driver,Current time 1681490281 740736007,driver.py,driver,56,"['/imu', '/rosout']"
1681490281.7674122,58308,1681490281,766859292,,2,/imu_driver,Current time 1681490281 765769481,driver.py,driver,56,"['/imu', '/rosout']"
1681490281.7921722,58309,1681490281,791607618,,2,/imu_driver,Current time 1681490281 790647029,driver.py,driver,56,"['/imu', '/rosout']"
1681490281.8169951,58310,1681490281,816666841,,2,/imu_driver,Current time 1681490281 815580129,driver.py,driver,56,"['/imu', '/rosout']"
1681490281.8436909,58311,1681490281,842853546,,2,/imu_driver,Current time 1681490281 841282606,driver.py,driver,56,"['/imu', '/rosout']"
1681490281.8674433,58312,1681490281,866708755,,2,/imu_driver,Current time 1681490281 865587949,driver.py,driver,56,"['/imu', '/rosout']"
1681490281.8942504,58313,1681490281,893212556,,2,/imu_driver,Current time 1681490281 890566825,driver.py,driver,56,"['/imu', '/rosout']"
1681490281.917388,58314,1681490281,916679859,,2,/imu_driver,Current time 1681490281 915553569,driver.py,driver,56,"['/imu', '/rosout']"
1681490281.94238,58315,1681490281,941696882,,2,/imu_driver,Current time 1681490281 940678119,driver.py,driver,56,"['/imu', '/rosout']"
1681490281.9672832,58316,1681490281,966843843,,2,/imu_driver,Current time 1681490281 965752124,driver.py,driver,56,"['/imu', '/rosout']"
1681490281.9929001,58317,1681490281,992588996,,2,/imu_driver,Current time 1681490281 991233825,driver.py,driver,56,"['/imu', '/rosout']"
1681490282.0173244,58318,1681490282,16604661,,2,/imu_driver,Current time 1681490282 15587329,driver.py,driver,56,"['/imu', '/rosout']"
1681490282.0424824,58319,1681490282,41614055,,2,/imu_driver,Current time 1681490282 40434598,driver.py,driver,56,"['/imu', '/rosout']"
1681490282.0669668,58320,1681490282,66493511,,2,/imu_driver,Current time 1681490282 65518617,driver.py,driver,56,"['/imu', '/rosout']"
1681490282.09169,58321,1681490282,91429233,,2,/imu_driver,Current time 1681490282 90391635,driver.py,driver,56,"['/imu', '/rosout']"
1681490282.1172042,58322,1681490282,116532802,,2,/imu_driver,Current time 1681490282 115380048,driver.py,driver,56,"['/imu', '/rosout']"
1681490282.1436336,58323,1681490282,142519235,,2,/imu_driver,Current time 1681490282 140927791,driver.py,driver,56,"['/imu', '/rosout']"
1681490282.1670074,58324,1681490282,166480541,,2,/imu_driver,Current time 1681490282 165453672,driver.py,driver,56,"['/imu', '/rosout']"
1681490282.1917534,58325,1681490282,191475629,,2,/imu_driver,Current time 1681490282 190442562,driver.py,driver,56,"['/imu', '/rosout']"
1681490282.2183924,58326,1681490282,217498779,,2,/imu_driver,Current time 1681490282 216344118,driver.py,driver,56,"['/imu', '/rosout']"
1681490282.2466137,58327,1681490282,245768547,,2,/imu_driver,Current time 1681490282 240756511,driver.py,driver,56,"['/imu', '/rosout']"
1681490282.2677934,58328,1681490282,267149925,,2,/imu_driver,Current time 1681490282 266132831,driver.py,driver,56,"['/imu', '/rosout']"
1681490282.2917612,58329,1681490282,291430711,,2,/imu_driver,Current time 1681490282 290393590,driver.py,driver,56,"['/imu', '/rosout']"
1681490282.3175385,58330,1681490282,317282199,,2,/imu_driver,Current time 1681490282 316189289,driver.py,driver,56,"['/imu', '/rosout']"
1681490282.3432882,58331,1681490282,342388629,,2,/imu_driver,Current time 1681490282 341164588,driver.py,driver,56,"['/imu', '/rosout']"
1681490282.3685062,58332,1681490282,367394447,,2,/imu_driver,Current time 1681490282 366183280,driver.py,driver,56,"['/imu', '/rosout']"
1681490282.3977463,58333,1681490282,396629095,,2,/imu_driver,Current time 1681490282 391211509,driver.py,driver,56,"['/imu', '/rosout']"
1681490282.4182074,58334,1681490282,417531490,,2,/imu_driver,Current time 1681490282 416397333,driver.py,driver,56,"['/imu', '/rosout']"
1681490282.4424152,58335,1681490282,442143917,,2,/imu_driver,Current time 1681490282 441091060,driver.py,driver,56,"['/imu', '/rosout']"
1681490282.4677398,58336,1681490282,467215538,,2,/imu_driver,Current time 1681490282 465960502,driver.py,driver,56,"['/imu', '/rosout']"
1681490282.493147,58337,1681490282,492627382,,2,/imu_driver,Current time 1681490282 491147756,driver.py,driver,56,"['/imu', '/rosout']"
1681490282.5177712,58338,1681490282,517143726,,2,/imu_driver,Current time 1681490282 516017436,driver.py,driver,56,"['/imu', '/rosout']"
1681490282.5424376,58339,1681490282,541950941,,2,/imu_driver,Current time 1681490282 540980339,driver.py,driver,56,"['/imu', '/rosout']"
1681490282.5675347,58340,1681490282,566968917,,2,/imu_driver,Current time 1681490282 565847396,driver.py,driver,56,"['/imu', '/rosout']"
1681490282.5926743,58341,1681490282,592002868,,2,/imu_driver,Current time 1681490282 591082334,driver.py,driver,56,"['/imu', '/rosout']"
1681490282.6175458,58342,1681490282,617076396,,2,/imu_driver,Current time 1681490282 615904331,driver.py,driver,56,"['/imu', '/rosout']"
1681490282.6445022,58343,1681490282,643979787,,2,/imu_driver,Current time 1681490282 642734766,driver.py,driver,56,"['/imu', '/rosout']"
1681490282.6679747,58344,1681490282,667411088,,2,/imu_driver,Current time 1681490282 666005134,driver.py,driver,56,"['/imu', '/rosout']"
1681490282.6920357,58345,1681490282,691761970,,2,/imu_driver,Current time 1681490282 690805673,driver.py,driver,56,"['/imu', '/rosout']"
1681490282.7175944,58346,1681490282,717091798,,2,/imu_driver,Current time 1681490282 715842247,driver.py,driver,56,"['/imu', '/rosout']"
1681490282.7430534,58347,1681490282,742629051,,2,/imu_driver,Current time 1681490282 741269826,driver.py,driver,56,"['/imu', '/rosout']"
1681490282.7677357,58348,1681490282,766928672,,2,/imu_driver,Current time 1681490282 765926837,driver.py,driver,56,"['/imu', '/rosout']"
1681490282.792588,58349,1681490282,792028665,,2,/imu_driver,Current time 1681490282 790755987,driver.py,driver,56,"['/imu', '/rosout']"
1681490282.8172362,58350,1681490282,816778182,,2,/imu_driver,Current time 1681490282 815775632,driver.py,driver,56,"['/imu', '/rosout']"
1681490282.8423312,58351,1681490282,841794252,,2,/imu_driver,Current time 1681490282 840892076,driver.py,driver,56,"['/imu', '/rosout']"
1681490282.8670428,58352,1681490282,866761922,,2,/imu_driver,Current time 1681490282 865712642,driver.py,driver,56,"['/imu', '/rosout']"
1681490282.894092,58353,1681490282,893730401,,2,/imu_driver,Current time 1681490282 892519712,driver.py,driver,56,"['/imu', '/rosout']"
1681490282.9173758,58354,1681490282,916827201,,2,/imu_driver,Current time 1681490282 915721416,driver.py,driver,56,"['/imu', '/rosout']"
1681490282.942075,58355,1681490282,941699743,,2,/imu_driver,Current time 1681490282 940706729,driver.py,driver,56,"['/imu', '/rosout']"
1681490282.966935,58356,1681490282,966521024,,2,/imu_driver,Current time 1681490282 965529203,driver.py,driver,56,"['/imu', '/rosout']"
1681490282.992532,58357,1681490282,991891622,,2,/imu_driver,Current time 1681490282 990629196,driver.py,driver,56,"['/imu', '/rosout']"
1681490283.017141,58358,1681490283,16765117,,2,/imu_driver,Current time 1681490283 15791654,driver.py,driver,56,"['/imu', '/rosout']"
1681490283.0430822,58359,1681490283,42343854,,2,/imu_driver,Current time 1681490283 40811300,driver.py,driver,56,"['/imu', '/rosout']"
1681490283.0667634,58360,1681490283,66375255,,2,/imu_driver,Current time 1681490283 65508604,driver.py,driver,56,"['/imu', '/rosout']"
1681490283.091819,58361,1681490283,91558933,,2,/imu_driver,Current time 1681490283 90508222,driver.py,driver,56,"['/imu', '/rosout']"
1681490283.1168973,58362,1681490283,116598606,,2,/imu_driver,Current time 1681490283 115523099,driver.py,driver,56,"['/imu', '/rosout']"
1681490283.1428251,58363,1681490283,142148256,,2,/imu_driver,Current time 1681490283 140654087,driver.py,driver,56,"['/imu', '/rosout']"
1681490283.167084,58364,1681490283,166586637,,2,/imu_driver,Current time 1681490283 165496587,driver.py,driver,56,"['/imu', '/rosout']"
1681490283.1923656,58365,1681490283,191730022,,2,/imu_driver,Current time 1681490283 190657377,driver.py,driver,56,"['/imu', '/rosout']"
1681490283.2170022,58366,1681490283,216579914,,2,/imu_driver,Current time 1681490283 215534448,driver.py,driver,56,"['/imu', '/rosout']"
1681490283.2440004,58367,1681490283,242344379,,2,/imu_driver,Current time 1681490283 240894794,driver.py,driver,56,"['/imu', '/rosout']"
1681490283.2667785,58368,1681490283,266526699,,2,/imu_driver,Current time 1681490283 265515565,driver.py,driver,56,"['/imu', '/rosout']"
1681490283.2919543,58369,1681490283,291510820,,2,/imu_driver,Current time 1681490283 290452003,driver.py,driver,56,"['/imu', '/rosout']"
1681490283.3168247,58370,1681490283,316447019,,2,/imu_driver,Current time 1681490283 315289258,driver.py,driver,56,"['/imu', '/rosout']"
1681490283.3425422,58371,1681490283,342313289,,2,/imu_driver,Current time 1681490283 341220855,driver.py,driver,56,"['/imu', '/rosout']"
1681490283.368168,58372,1681490283,367450714,,2,/imu_driver,Current time 1681490283 366327524,driver.py,driver,56,"['/imu', '/rosout']"
1681490283.3948007,58373,1681490283,392046451,,2,/imu_driver,Current time 1681490283 390685796,driver.py,driver,56,"['/imu', '/rosout']"
1681490283.418146,58374,1681490283,417793750,,2,/imu_driver,Current time 1681490283 416677951,driver.py,driver,56,"['/imu', '/rosout']"
1681490283.4416912,58375,1681490283,441223144,,2,/imu_driver,Current time 1681490283 440200805,driver.py,driver,56,"['/imu', '/rosout']"
1681490283.4754858,58376,1681490283,475064992,,2,/imu_driver,Current time 1681490283 473834514,driver.py,driver,56,"['/imu', '/rosout']"
1681490283.4943135,58377,1681490283,493348360,,2,/imu_driver,Current time 1681490283 491683244,driver.py,driver,56,"['/imu', '/rosout']"
1681490283.5176935,58378,1681490283,517435550,,2,/imu_driver,Current time 1681490283 516235828,driver.py,driver,56,"['/imu', '/rosout']"
1681490283.5492148,58379,1681490283,547710657,,2,/imu_driver,Current time 1681490283 541162729,driver.py,driver,56,"['/imu', '/rosout']"
1681490283.5678618,58380,1681490283,567277908,,2,/imu_driver,Current time 1681490283 566150188,driver.py,driver,56,"['/imu', '/rosout']"
1681490283.592656,58381,1681490283,592025279,,2,/imu_driver,Current time 1681490283 591016054,driver.py,driver,56,"['/imu', '/rosout']"
1681490283.617918,58382,1681490283,617311000,,2,/imu_driver,Current time 1681490283 616148710,driver.py,driver,56,"['/imu', '/rosout']"
1681490283.6431224,58383,1681490283,642711877,,2,/imu_driver,Current time 1681490283 641450643,driver.py,driver,56,"['/imu', '/rosout']"
1681490283.6678278,58384,1681490283,667228937,,2,/imu_driver,Current time 1681490283 666150093,driver.py,driver,56,"['/imu', '/rosout']"
1681490283.692848,58385,1681490283,692163467,,2,/imu_driver,Current time 1681490283 691167116,driver.py,driver,56,"['/imu', '/rosout']"
1681490283.7180662,58386,1681490283,717070341,,2,/imu_driver,Current time 1681490283 716031551,driver.py,driver,56,"['/imu', '/rosout']"
1681490283.7434483,58387,1681490283,742500066,,2,/imu_driver,Current time 1681490283 741067886,driver.py,driver,56,"['/imu', '/rosout']"
1681490283.7681828,58388,1681490283,767300128,,2,/imu_driver,Current time 1681490283 766224384,driver.py,driver,56,"['/imu', '/rosout']"
1681490283.7927105,58389,1681490283,792242527,,2,/imu_driver,Current time 1681490283 791016817,driver.py,driver,56,"['/imu', '/rosout']"
1681490283.8181279,58390,1681490283,817083835,,2,/imu_driver,Current time 1681490283 816099882,driver.py,driver,56,"['/imu', '/rosout']"
1681490283.8427973,58391,1681490283,842083692,,2,/imu_driver,Current time 1681490283 841035842,driver.py,driver,56,"['/imu', '/rosout']"
1681490283.868684,58392,1681490283,867254495,,2,/imu_driver,Current time 1681490283 866032123,driver.py,driver,56,"['/imu', '/rosout']"
1681490283.8925896,58393,1681490283,892313957,,2,/imu_driver,Current time 1681490283 890990257,driver.py,driver,56,"['/imu', '/rosout']"
1681490283.9173627,58394,1681490283,917137622,,2,/imu_driver,Current time 1681490283 915855169,driver.py,driver,56,"['/imu', '/rosout']"
1681490283.9426942,58395,1681490283,942046165,,2,/imu_driver,Current time 1681490283 940824270,driver.py,driver,56,"['/imu', '/rosout']"
1681490283.9673672,58396,1681490283,967054367,,2,/imu_driver,Current time 1681490283 966011762,driver.py,driver,56,"['/imu', '/rosout']"
1681490283.9928877,58397,1681490283,992172479,,2,/imu_driver,Current time 1681490283 990887403,driver.py,driver,56,"['/imu', '/rosout']"
1681490284.0175803,58398,1681490284,17351627,,2,/imu_driver,Current time 1681490284 16023159,driver.py,driver,56,"['/imu', '/rosout']"
1681490284.0422108,58399,1681490284,41947126,,2,/imu_driver,Current time 1681490284 40787696,driver.py,driver,56,"['/imu', '/rosout']"
1681490284.0677142,58400,1681490284,66898345,,2,/imu_driver,Current time 1681490284 65922498,driver.py,driver,56,"['/imu', '/rosout']"
1681490284.092396,58401,1681490284,91884374,,2,/imu_driver,Current time 1681490284 90896368,driver.py,driver,56,"['/imu', '/rosout']"
1681490284.1172323,58402,1681490284,116864442,,2,/imu_driver,Current time 1681490284 115743637,driver.py,driver,56,"['/imu', '/rosout']"
1681490284.143009,58403,1681490284,142142057,,2,/imu_driver,Current time 1681490284 140644311,driver.py,driver,56,"['/imu', '/rosout']"
1681490284.167251,58404,1681490284,166802883,,2,/imu_driver,Current time 1681490284 165735006,driver.py,driver,56,"['/imu', '/rosout']"
1681490284.192508,58405,1681490284,191770553,,2,/imu_driver,Current time 1681490284 190823078,driver.py,driver,56,"['/imu', '/rosout']"
1681490284.2179344,58406,1681490284,217209577,,2,/imu_driver,Current time 1681490284 215832233,driver.py,driver,56,"['/imu', '/rosout']"
1681490284.242043,58407,1681490284,241528034,,2,/imu_driver,Current time 1681490284 240550518,driver.py,driver,56,"['/imu', '/rosout']"
1681490284.2668984,58408,1681490284,266659498,,2,/imu_driver,Current time 1681490284 265550136,driver.py,driver,56,"['/imu', '/rosout']"
1681490284.2931037,58409,1681490284,292350053,,2,/imu_driver,Current time 1681490284 290972709,driver.py,driver,56,"['/imu', '/rosout']"
1681490284.3180294,58410,1681490284,316891193,,2,/imu_driver,Current time 1681490284 315590143,driver.py,driver,56,"['/imu', '/rosout']"
1681490284.3425999,58411,1681490284,341749191,,2,/imu_driver,Current time 1681490284 340561628,driver.py,driver,56,"['/imu', '/rosout']"
1681490284.3675258,58412,1681490284,366728544,,2,/imu_driver,Current time 1681490284 365582704,driver.py,driver,56,"['/imu', '/rosout']"
1681490284.3921506,58413,1681490284,391840934,,2,/imu_driver,Current time 1681490284 390592098,driver.py,driver,56,"['/imu', '/rosout']"
1681490284.4168284,58414,1681490284,416588783,,2,/imu_driver,Current time 1681490284 415541172,driver.py,driver,56,"['/imu', '/rosout']"
1681490284.4418955,58415,1681490284,441640377,,2,/imu_driver,Current time 1681490284 440540790,driver.py,driver,56,"['/imu', '/rosout']"
1681490284.467311,58416,1681490284,466685771,,2,/imu_driver,Current time 1681490284 465530395,driver.py,driver,56,"['/imu', '/rosout']"
1681490284.4916863,58417,1681490284,491346597,,2,/imu_driver,Current time 1681490284 490390062,driver.py,driver,56,"['/imu', '/rosout']"
1681490284.5170903,58418,1681490284,516572475,,2,/imu_driver,Current time 1681490284 515365123,driver.py,driver,56,"['/imu', '/rosout']"
1681490284.558276,58419,1681490284,557651758,,2,/imu_driver,Current time 1681490284 540623903,driver.py,driver,56,"['/imu', '/rosout']"
1681490284.567073,58420,1681490284,566436767,,2,/imu_driver,Current time 1681490284 565531492,driver.py,driver,56,"['/imu', '/rosout']"
1681490284.5921206,58421,1681490284,591490268,,2,/imu_driver,Current time 1681490284 590493440,driver.py,driver,56,"['/imu', '/rosout']"
1681490284.617883,58422,1681490284,616846323,,2,/imu_driver,Current time 1681490284 615588665,driver.py,driver,56,"['/imu', '/rosout']"
1681490284.6436515,58423,1681490284,642709255,,2,/imu_driver,Current time 1681490284 641410350,driver.py,driver,56,"['/imu', '/rosout']"
1681490284.6679268,58424,1681490284,667434930,,2,/imu_driver,Current time 1681490284 666291236,driver.py,driver,56,"['/imu', '/rosout']"
1681490284.6926477,58425,1681490284,691658973,,2,/imu_driver,Current time 1681490284 690366268,driver.py,driver,56,"['/imu', '/rosout']"
1681490284.718603,58426,1681490284,717837095,,2,/imu_driver,Current time 1681490284 716466903,driver.py,driver,56,"['/imu', '/rosout']"
1681490284.7427087,58427,1681490284,742135047,,2,/imu_driver,Current time 1681490284 741166114,driver.py,driver,56,"['/imu', '/rosout']"
1681490284.7679124,58428,1681490284,767290115,,2,/imu_driver,Current time 1681490284 766223907,driver.py,driver,56,"['/imu', '/rosout']"
1681490284.7964447,58429,1681490284,795714855,,2,/imu_driver,Current time 1681490284 790693283,driver.py,driver,56,"['/imu', '/rosout']"
1681490284.8181171,58430,1681490284,817526578,,2,/imu_driver,Current time 1681490284 816298246,driver.py,driver,56,"['/imu', '/rosout']"
1681490284.8427444,58431,1681490284,842275619,,2,/imu_driver,Current time 1681490284 841314077,driver.py,driver,56,"['/imu', '/rosout']"
1681490284.8676722,58432,1681490284,867105960,,2,/imu_driver,Current time 1681490284 866111993,driver.py,driver,56,"['/imu', '/rosout']"
1681490284.893294,58433,1681490284,892488002,,2,/imu_driver,Current time 1681490284 891119956,driver.py,driver,56,"['/imu', '/rosout']"
1681490284.917748,58434,1681490284,917324304,,2,/imu_driver,Current time 1681490284 916303157,driver.py,driver,56,"['/imu', '/rosout']"
1681490284.9432757,58435,1681490284,942329168,,2,/imu_driver,Current time 1681490284 941102743,driver.py,driver,56,"['/imu', '/rosout']"
1681490284.9673595,58436,1681490284,967137575,,2,/imu_driver,Current time 1681490284 966156959,driver.py,driver,56,"['/imu', '/rosout']"
1681490284.9925115,58437,1681490284,991927385,,2,/imu_driver,Current time 1681490284 991023063,driver.py,driver,56,"['/imu', '/rosout']"
1681490285.0178533,58438,1681490285,17239332,,2,/imu_driver,Current time 1681490285 16072988,driver.py,driver,56,"['/imu', '/rosout']"
1681490285.0443463,58439,1681490285,43570518,,2,/imu_driver,Current time 1681490285 42163133,driver.py,driver,56,"['/imu', '/rosout']"
1681490285.0679967,58440,1681490285,67173004,,2,/imu_driver,Current time 1681490285 66094875,driver.py,driver,56,"['/imu', '/rosout']"
1681490285.0922246,58441,1681490285,91929197,,2,/imu_driver,Current time 1681490285 90954542,driver.py,driver,56,"['/imu', '/rosout']"
1681490285.117749,58442,1681490285,117231607,,2,/imu_driver,Current time 1681490285 116230726,driver.py,driver,56,"['/imu', '/rosout']"
1681490285.146065,58443,1681490285,145621538,,2,/imu_driver,Current time 1681490285 142049789,driver.py,driver,56,"['/imu', '/rosout']"
1681490285.1678278,58444,1681490285,167133331,,2,/imu_driver,Current time 1681490285 166117191,driver.py,driver,56,"['/imu', '/rosout']"
1681490285.1932113,58445,1681490285,192471027,,2,/imu_driver,Current time 1681490285 191137075,driver.py,driver,56,"['/imu', '/rosout']"
1681490285.2174425,58446,1681490285,217104434,,2,/imu_driver,Current time 1681490285 215942144,driver.py,driver,56,"['/imu', '/rosout']"
1681490285.24224,58447,1681490285,241943836,,2,/imu_driver,Current time 1681490285 241018295,driver.py,driver,56,"['/imu', '/rosout']"
1681490285.269541,58448,1681490285,266941547,,2,/imu_driver,Current time 1681490285 265908479,driver.py,driver,56,"['/imu', '/rosout']"
1681490285.2924762,58449,1681490285,292089700,,2,/imu_driver,Current time 1681490285 290850162,driver.py,driver,56,"['/imu', '/rosout']"
1681490285.3183286,58450,1681490285,317625045,,2,/imu_driver,Current time 1681490285 316284418,driver.py,driver,56,"['/imu', '/rosout']"
1681490285.3422132,58451,1681490285,341656923,,2,/imu_driver,Current time 1681490285 340753078,driver.py,driver,56,"['/imu', '/rosout']"
1681490285.3674808,58452,1681490285,366939067,,2,/imu_driver,Current time 1681490285 365993976,driver.py,driver,56,"['/imu', '/rosout']"
1681490285.3938947,58453,1681490285,392798185,,2,/imu_driver,Current time 1681490285 391426563,driver.py,driver,56,"['/imu', '/rosout']"
1681490285.4170501,58454,1681490285,416802883,,2,/imu_driver,Current time 1681490285 415940761,driver.py,driver,56,"['/imu', '/rosout']"
1681490285.442907,58455,1681490285,441843986,,2,/imu_driver,Current time 1681490285 440814495,driver.py,driver,56,"['/imu', '/rosout']"
1681490285.4672883,58456,1681490285,466943502,,2,/imu_driver,Current time 1681490285 465823650,driver.py,driver,56,"['/imu', '/rosout']"
1681490285.4924104,58457,1681490285,492167949,,2,/imu_driver,Current time 1681490285 490880250,driver.py,driver,56,"['/imu', '/rosout']"
1681490285.5173016,58458,1681490285,517118930,,2,/imu_driver,Current time 1681490285 515930175,driver.py,driver,56,"['/imu', '/rosout']"
1681490285.5428314,58459,1681490285,542005777,,2,/imu_driver,Current time 1681490285 540660381,driver.py,driver,56,"['/imu', '/rosout']"
1681490285.5674722,58460,1681490285,566703796,,2,/imu_driver,Current time 1681490285 565711975,driver.py,driver,56,"['/imu', '/rosout']"
1681490285.5918133,58461,1681490285,591654300,,2,/imu_driver,Current time 1681490285 590577363,driver.py,driver,56,"['/imu', '/rosout']"
1681490285.6169531,58462,1681490285,616795063,,2,/imu_driver,Current time 1681490285 615602731,driver.py,driver,56,"['/imu', '/rosout']"
1681490285.644703,58463,1681490285,644527435,,2,/imu_driver,Current time 1681490285 643171310,driver.py,driver,56,"['/imu', '/rosout']"
1681490285.6670806,58464,1681490285,666813850,,2,/imu_driver,Current time 1681490285 665699243,driver.py,driver,56,"['/imu', '/rosout']"
1681490285.6917462,58465,1681490285,691601753,,2,/imu_driver,Current time 1681490285 690599203,driver.py,driver,56,"['/imu', '/rosout']"
1681490285.717667,58466,1681490285,717329263,,2,/imu_driver,Current time 1681490285 715724468,driver.py,driver,56,"['/imu', '/rosout']"
1681490285.7424212,58467,1681490285,742089986,,2,/imu_driver,Current time 1681490285 740654230,driver.py,driver,56,"['/imu', '/rosout']"
1681490285.7669322,58468,1681490285,766774177,,2,/imu_driver,Current time 1681490285 765441179,driver.py,driver,56,"['/imu', '/rosout']"
1681490285.793326,58469,1681490285,792245864,,2,/imu_driver,Current time 1681490285 790572881,driver.py,driver,56,"['/imu', '/rosout']"
1681490285.8188696,58470,1681490285,817919731,,2,/imu_driver,Current time 1681490285 816459417,driver.py,driver,56,"['/imu', '/rosout']"
1681490285.852184,58471,1681490285,850413560,,2,/imu_driver,Current time 1681490285 841733694,driver.py,driver,56,"['/imu', '/rosout']"
1681490285.868162,58472,1681490285,867423295,,2,/imu_driver,Current time 1681490285 866276502,driver.py,driver,56,"['/imu', '/rosout']"
1681490285.8934371,58473,1681490285,892417192,,2,/imu_driver,Current time 1681490285 890634298,driver.py,driver,56,"['/imu', '/rosout']"
1681490285.9171252,58474,1681490285,916592359,,2,/imu_driver,Current time 1681490285 915569305,driver.py,driver,56,"['/imu', '/rosout']"
1681490285.9432166,58475,1681490285,942638158,,2,/imu_driver,Current time 1681490285 941390752,driver.py,driver,56,"['/imu', '/rosout']"
1681490285.9677916,58476,1681490285,967376232,,2,/imu_driver,Current time 1681490285 966348171,driver.py,driver,56,"['/imu', '/rosout']"
1681490285.993023,58477,1681490285,992302417,,2,/imu_driver,Current time 1681490285 991308212,driver.py,driver,56,"['/imu', '/rosout']"
1681490286.0183148,58478,1681490286,17331600,,2,/imu_driver,Current time 1681490286 16231060,driver.py,driver,56,"['/imu', '/rosout']"
1681490286.0453832,58479,1681490286,44883251,,2,/imu_driver,Current time 1681490286 43216466,driver.py,driver,56,"['/imu', '/rosout']"
1681490286.0676835,58480,1681490286,67397117,,2,/imu_driver,Current time 1681490286 66165685,driver.py,driver,56,"['/imu', '/rosout']"
1681490286.0926876,58481,1681490286,92179298,,2,/imu_driver,Current time 1681490286 91077327,driver.py,driver,56,"['/imu', '/rosout']"
1681490286.1178665,58482,1681490286,117560625,,2,/imu_driver,Current time 1681490286 116321563,driver.py,driver,56,"['/imu', '/rosout']"
1681490286.1463785,58483,1681490286,145735025,,2,/imu_driver,Current time 1681490286 143524646,driver.py,driver,56,"['/imu', '/rosout']"
1681490286.1677816,58484,1681490286,167234897,,2,/imu_driver,Current time 1681490286 166231393,driver.py,driver,56,"['/imu', '/rosout']"
1681490286.1926796,58485,1681490286,192296028,,2,/imu_driver,Current time 1681490286 191136598,driver.py,driver,56,"['/imu', '/rosout']"
1681490286.2174196,58486,1681490286,217285394,,2,/imu_driver,Current time 1681490286 216263771,driver.py,driver,56,"['/imu', '/rosout']"
1681490286.2423608,58487,1681490286,242212295,,2,/imu_driver,Current time 1681490286 241239070,driver.py,driver,56,"['/imu', '/rosout']"
1681490286.2674603,58488,1681490286,267176389,,2,/imu_driver,Current time 1681490286 266068935,driver.py,driver,56,"['/imu', '/rosout']"
1681490286.2929435,58489,1681490286,292710542,,2,/imu_driver,Current time 1681490286 291278123,driver.py,driver,56,"['/imu', '/rosout']"
1681490286.3184862,58490,1681490286,317435979,,2,/imu_driver,Current time 1681490286 316242218,driver.py,driver,56,"['/imu', '/rosout']"
1681490286.3426263,58491,1681490286,342055320,,2,/imu_driver,Current time 1681490286 341107130,driver.py,driver,56,"['/imu', '/rosout']"
1681490286.3677044,58492,1681490286,367072343,,2,/imu_driver,Current time 1681490286 366009235,driver.py,driver,56,"['/imu', '/rosout']"
1681490286.3935788,58493,1681490286,392970561,,2,/imu_driver,Current time 1681490286 391669511,driver.py,driver,56,"['/imu', '/rosout']"
1681490286.4172843,58494,1681490286,416987180,,2,/imu_driver,Current time 1681490286 416043519,driver.py,driver,56,"['/imu', '/rosout']"
1681490286.4422178,58495,1681490286,441992521,,2,/imu_driver,Current time 1681490286 440899372,driver.py,driver,56,"['/imu', '/rosout']"
1681490286.4680653,58496,1681490286,467003107,,2,/imu_driver,Current time 1681490286 465981245,driver.py,driver,56,"['/imu', '/rosout']"
1681490286.4927187,58497,1681490286,491921901,,2,/imu_driver,Current time 1681490286 490909337,driver.py,driver,56,"['/imu', '/rosout']"
1681490286.5181952,58498,1681490286,517386198,,2,/imu_driver,Current time 1681490286 516070365,driver.py,driver,56,"['/imu', '/rosout']"
1681490286.5432453,58499,1681490286,542497396,,2,/imu_driver,Current time 1681490286 540931701,driver.py,driver,56,"['/imu', '/rosout']"
1681490286.5675933,58500,1681490286,567002296,,2,/imu_driver,Current time 1681490286 565864086,driver.py,driver,56,"['/imu', '/rosout']"
1681490286.5925767,58501,1681490286,591901540,,2,/imu_driver,Current time 1681490286 590953826,driver.py,driver,56,"['/imu', '/rosout']"
1681490286.6180377,58502,1681490286,617136478,,2,/imu_driver,Current time 1681490286 615883588,driver.py,driver,56,"['/imu', '/rosout']"
1681490286.6430907,58503,1681490286,642500162,,2,/imu_driver,Current time 1681490286 640982627,driver.py,driver,56,"['/imu', '/rosout']"
1681490286.667763,58504,1681490286,667029142,,2,/imu_driver,Current time 1681490286 665839195,driver.py,driver,56,"['/imu', '/rosout']"
1681490286.693161,58505,1681490286,692453861,,2,/imu_driver,Current time 1681490286 690812826,driver.py,driver,56,"['/imu', '/rosout']"
1681490286.7169218,58506,1681490286,716724395,,2,/imu_driver,Current time 1681490286 715726613,driver.py,driver,56,"['/imu', '/rosout']"
1681490286.742132,58507,1681490286,741939544,,2,/imu_driver,Current time 1681490286 740900516,driver.py,driver,56,"['/imu', '/rosout']"
1681490286.7668734,58508,1681490286,766721963,,2,/imu_driver,Current time 1681490286 765721797,driver.py,driver,56,"['/imu', '/rosout']"
1681490286.792503,58509,1681490286,792278766,,2,/imu_driver,Current time 1681490286 790657043,driver.py,driver,56,"['/imu', '/rosout']"
1681490286.8172138,58510,1681490286,816896677,,2,/imu_driver,Current time 1681490286 815711259,driver.py,driver,56,"['/imu', '/rosout']"
1681490286.8422961,58511,1681490286,842077255,,2,/imu_driver,Current time 1681490286 840649127,driver.py,driver,56,"['/imu', '/rosout']"
1681490286.867165,58512,1681490286,866829633,,2,/imu_driver,Current time 1681490286 865639209,driver.py,driver,56,"['/imu', '/rosout']"
1681490286.9024231,58513,1681490286,898794889,,2,/imu_driver,Current time 1681490286 897500276,driver.py,driver,56,"['/imu', '/rosout']"
1681490286.917952,58514,1681490286,917106628,,2,/imu_driver,Current time 1681490286 915665388,driver.py,driver,56,"['/imu', '/rosout']"
1681490286.9459546,58515,1681490286,945280075,,2,/imu_driver,Current time 1681490286 943860769,driver.py,driver,56,"['/imu', '/rosout']"
1681490286.967614,58516,1681490286,966932058,,2,/imu_driver,Current time 1681490286 965741634,driver.py,driver,56,"['/imu', '/rosout']"
1681490286.9925907,58517,1681490286,991847991,,2,/imu_driver,Current time 1681490286 990612030,driver.py,driver,56,"['/imu', '/rosout']"
1681490287.0174346,58518,1681490287,16762971,,2,/imu_driver,Current time 1681490287 15615463,driver.py,driver,56,"['/imu', '/rosout']"
1681490287.0435586,58519,1681490287,42741537,,2,/imu_driver,Current time 1681490287 40827989,driver.py,driver,56,"['/imu', '/rosout']"
1681490287.067525,58520,1681490287,66773653,,2,/imu_driver,Current time 1681490287 65592527,driver.py,driver,56,"['/imu', '/rosout']"
1681490287.0927594,58521,1681490287,91773271,,2,/imu_driver,Current time 1681490287 90653896,driver.py,driver,56,"['/imu', '/rosout']"
1681490287.1176856,58522,1681490287,116932868,,2,/imu_driver,Current time 1681490287 115604877,driver.py,driver,56,"['/imu', '/rosout']"
1681490287.1424162,58523,1681490287,141685485,,2,/imu_driver,Current time 1681490287 140659093,driver.py,driver,56,"['/imu', '/rosout']"
1681490287.1674817,58524,1681490287,166582107,,2,/imu_driver,Current time 1681490287 165513277,driver.py,driver,56,"['/imu', '/rosout']"
1681490287.1934123,58525,1681490287,192932605,,2,/imu_driver,Current time 1681490287 191461086,driver.py,driver,56,"['/imu', '/rosout']"
1681490287.218398,58526,1681490287,217687606,,2,/imu_driver,Current time 1681490287 216488599,driver.py,driver,56,"['/imu', '/rosout']"
1681490287.2423904,58527,1681490287,241595745,,2,/imu_driver,Current time 1681490287 240406513,driver.py,driver,56,"['/imu', '/rosout']"
1681490287.2682626,58528,1681490287,267567157,,2,/imu_driver,Current time 1681490287 266512393,driver.py,driver,56,"['/imu', '/rosout']"
1681490287.293581,58529,1681490287,292106151,,2,/imu_driver,Current time 1681490287 290663957,driver.py,driver,56,"['/imu', '/rosout']"
1681490287.3182108,58530,1681490287,317416667,,2,/imu_driver,Current time 1681490287 316405296,driver.py,driver,56,"['/imu', '/rosout']"
1681490287.3443472,58531,1681490287,343683242,,2,/imu_driver,Current time 1681490287 342289447,driver.py,driver,56,"['/imu', '/rosout']"
1681490287.367951,58532,1681490287,367335796,,2,/imu_driver,Current time 1681490287 366372346,driver.py,driver,56,"['/imu', '/rosout']"
1681490287.3915806,58533,1681490287,391274452,,2,/imu_driver,Current time 1681490287 390223264,driver.py,driver,56,"['/imu', '/rosout']"
1681490287.4175777,58534,1681490287,417185544,,2,/imu_driver,Current time 1681490287 416212320,driver.py,driver,56,"['/imu', '/rosout']"
1681490287.4432511,58535,1681490287,442662000,,2,/imu_driver,Current time 1681490287 441302776,driver.py,driver,56,"['/imu', '/rosout']"
1681490287.468198,58536,1681490287,467530488,,2,/imu_driver,Current time 1681490287 466228008,driver.py,driver,56,"['/imu', '/rosout']"
1681490287.49213,58537,1681490287,491459369,,2,/imu_driver,Current time 1681490287 490392923,driver.py,driver,56,"['/imu', '/rosout']"
1681490287.5177624,58538,1681490287,517373323,,2,/imu_driver,Current time 1681490287 516245841,driver.py,driver,56,"['/imu', '/rosout']"
1681490287.5470943,58539,1681490287,546426534,,2,/imu_driver,Current time 1681490287 544253349,driver.py,driver,56,"['/imu', '/rosout']"
1681490287.567994,58540,1681490287,567310571,,2,/imu_driver,Current time 1681490287 566198348,driver.py,driver,56,"['/imu', '/rosout']"
1681490287.5936956,58541,1681490287,592646121,,2,/imu_driver,Current time 1681490287 591294527,driver.py,driver,56,"['/imu', '/rosout']"
1681490287.6175742,58542,1681490287,617272615,,2,/imu_driver,Current time 1681490287 616219997,driver.py,driver,56,"['/imu', '/rosout']"
1681490287.6423817,58543,1681490287,642018556,,2,/imu_driver,Current time 1681490287 641046047,driver.py,driver,56,"['/imu', '/rosout']"
1681490287.6673884,58544,1681490287,666990280,,2,/imu_driver,Current time 1681490287 666000366,driver.py,driver,56,"['/imu', '/rosout']"
1681490287.6938345,58545,1681490287,693416595,,2,/imu_driver,Current time 1681490287 692063808,driver.py,driver,56,"['/imu', '/rosout']"
1681490287.7180674,58546,1681490287,717357635,,2,/imu_driver,Current time 1681490287 716030836,driver.py,driver,56,"['/imu', '/rosout']"
1681490287.7429514,58547,1681490287,742549657,,2,/imu_driver,Current time 1681490287 741294860,driver.py,driver,56,"['/imu', '/rosout']"
1681490287.7677596,58548,1681490287,767079114,,2,/imu_driver,Current time 1681490287 765994310,driver.py,driver,56,"['/imu', '/rosout']"
1681490287.793394,58549,1681490287,792695283,,2,/imu_driver,Current time 1681490287 791186332,driver.py,driver,56,"['/imu', '/rosout']"
1681490287.8175898,58550,1681490287,817146301,,2,/imu_driver,Current time 1681490287 816005229,driver.py,driver,56,"['/imu', '/rosout']"
1681490287.8448186,58551,1681490287,844053030,,2,/imu_driver,Current time 1681490287 841225624,driver.py,driver,56,"['/imu', '/rosout']"
1681490287.8671215,58552,1681490287,866895198,,2,/imu_driver,Current time 1681490287 865887641,driver.py,driver,56,"['/imu', '/rosout']"
1681490287.892865,58553,1681490287,891942977,,2,/imu_driver,Current time 1681490287 890918254,driver.py,driver,56,"['/imu', '/rosout']"
1681490287.9179082,58554,1681490287,917278528,,2,/imu_driver,Current time 1681490287 916066884,driver.py,driver,56,"['/imu', '/rosout']"
1681490287.9433582,58555,1681490287,942949771,,2,/imu_driver,Current time 1681490287 941340684,driver.py,driver,56,"['/imu', '/rosout']"
1681490287.967672,58556,1681490287,967173337,,2,/imu_driver,Current time 1681490287 965950727,driver.py,driver,56,"['/imu', '/rosout']"
1681490287.9923942,58557,1681490287,991954088,,2,/imu_driver,Current time 1681490287 990883111,driver.py,driver,56,"['/imu', '/rosout']"
1681490288.0174994,58558,1681490288,17044305,,2,/imu_driver,Current time 1681490288 15791177,driver.py,driver,56,"['/imu', '/rosout']"
1681490288.0430157,58559,1681490288,42427539,,2,/imu_driver,Current time 1681490288 40912628,driver.py,driver,56,"['/imu', '/rosout']"
1681490288.0682342,58560,1681490288,67368745,,2,/imu_driver,Current time 1681490288 65839052,driver.py,driver,56,"['/imu', '/rosout']"
1681490288.0960338,58561,1681490288,95559597,,2,/imu_driver,Current time 1681490288 91095209,driver.py,driver,56,"['/imu', '/rosout']"
1681490288.1181092,58562,1681490288,117434978,,2,/imu_driver,Current time 1681490288 115836143,driver.py,driver,56,"['/imu', '/rosout']"
1681490288.1422994,58563,1681490288,142024278,,2,/imu_driver,Current time 1681490288 140832662,driver.py,driver,56,"['/imu', '/rosout']"
1681490288.1672454,58564,1681490288,167055606,,2,/imu_driver,Current time 1681490288 165862321,driver.py,driver,56,"['/imu', '/rosout']"
1681490288.1926017,58565,1681490288,192136764,,2,/imu_driver,Current time 1681490288 190718889,driver.py,driver,56,"['/imu', '/rosout']"
1681490288.2171233,58566,1681490288,216938734,,2,/imu_driver,Current time 1681490288 215838193,driver.py,driver,56,"['/imu', '/rosout']"
1681490288.2420576,58567,1681490288,241740226,,2,/imu_driver,Current time 1681490288 240651369,driver.py,driver,56,"['/imu', '/rosout']"
1681490288.2672927,58568,1681490288,266958475,,2,/imu_driver,Current time 1681490288 265789031,driver.py,driver,56,"['/imu', '/rosout']"
1681490288.2917717,58569,1681490288,291582345,,2,/imu_driver,Current time 1681490288 290621280,driver.py,driver,56,"['/imu', '/rosout']"
1681490288.3170857,58570,1681490288,316883563,,2,/imu_driver,Current time 1681490288 315835237,driver.py,driver,56,"['/imu', '/rosout']"
1681490288.3434768,58571,1681490288,343221187,,2,/imu_driver,Current time 1681490288 340567350,driver.py,driver,56,"['/imu', '/rosout']"
1681490288.3666997,58572,1681490288,366478681,,2,/imu_driver,Current time 1681490288 365559339,driver.py,driver,56,"['/imu', '/rosout']"
1681490288.3920417,58573,1681490288,391756772,,2,/imu_driver,Current time 1681490288 390693187,driver.py,driver,56,"['/imu', '/rosout']"
1681490288.4169102,58574,1681490288,416732072,,2,/imu_driver,Current time 1681490288 415633916,driver.py,driver,56,"['/imu', '/rosout']"
1681490288.4428015,58575,1681490288,442587137,,2,/imu_driver,Current time 1681490288 441016912,driver.py,driver,56,"['/imu', '/rosout']"
1681490288.4674587,58576,1681490288,467183589,,2,/imu_driver,Current time 1681490288 465821027,driver.py,driver,56,"['/imu', '/rosout']"
1681490288.49183,58577,1681490288,491400003,,2,/imu_driver,Current time 1681490288 490440368,driver.py,driver,56,"['/imu', '/rosout']"
1681490288.5170648,58578,1681490288,516703605,,2,/imu_driver,Current time 1681490288 515489816,driver.py,driver,56,"['/imu', '/rosout']"
1681490288.542291,58579,1681490288,541705369,,2,/imu_driver,Current time 1681490288 540635347,driver.py,driver,56,"['/imu', '/rosout']"
1681490288.5678027,58580,1681490288,567091941,,2,/imu_driver,Current time 1681490288 565689802,driver.py,driver,56,"['/imu', '/rosout']"
1681490288.5931578,58581,1681490288,592444896,,2,/imu_driver,Current time 1681490288 590944290,driver.py,driver,56,"['/imu', '/rosout']"
1681490288.6167533,58582,1681490288,616509437,,2,/imu_driver,Current time 1681490288 615411996,driver.py,driver,56,"['/imu', '/rosout']"
1681490288.6417828,58583,1681490288,641461133,,2,/imu_driver,Current time 1681490288 640387058,driver.py,driver,56,"['/imu', '/rosout']"
1681490288.6678457,58584,1681490288,667461633,,2,/imu_driver,Current time 1681490288 666315793,driver.py,driver,56,"['/imu', '/rosout']"
1681490288.692982,58585,1681490288,692402124,,2,/imu_driver,Current time 1681490288 690865516,driver.py,driver,56,"['/imu', '/rosout']"
1681490288.7177496,58586,1681490288,717280149,,2,/imu_driver,Current time 1681490288 716195106,driver.py,driver,56,"['/imu', '/rosout']"
1681490288.7427974,58587,1681490288,742547273,,2,/imu_driver,Current time 1681490288 741387367,driver.py,driver,56,"['/imu', '/rosout']"
1681490288.767481,58588,1681490288,767175674,,2,/imu_driver,Current time 1681490288 766181707,driver.py,driver,56,"['/imu', '/rosout']"
1681490288.7928255,58589,1681490288,792274475,,2,/imu_driver,Current time 1681490288 791216135,driver.py,driver,56,"['/imu', '/rosout']"
1681490288.8182802,58590,1681490288,817594051,,2,/imu_driver,Current time 1681490288 816198825,driver.py,driver,56,"['/imu', '/rosout']"
1681490288.8429267,58591,1681490288,842637538,,2,/imu_driver,Current time 1681490288 841307640,driver.py,driver,56,"['/imu', '/rosout']"
1681490288.8681839,58592,1681490288,867511749,,2,/imu_driver,Current time 1681490288 866299152,driver.py,driver,56,"['/imu', '/rosout']"
1681490288.892491,58593,1681490288,892214536,,2,/imu_driver,Current time 1681490288 891233205,driver.py,driver,56,"['/imu', '/rosout']"
1681490288.9178197,58594,1681490288,917195320,,2,/imu_driver,Current time 1681490288 916031122,driver.py,driver,56,"['/imu', '/rosout']"
1681490288.944782,58595,1681490288,944087982,,2,/imu_driver,Current time 1681490288 942770719,driver.py,driver,56,"['/imu', '/rosout']"
1681490288.9676414,58596,1681490288,967111587,,2,/imu_driver,Current time 1681490288 966007232,driver.py,driver,56,"['/imu', '/rosout']"
1681490288.992372,58597,1681490288,992164134,,2,/imu_driver,Current time 1681490288 991050481,driver.py,driver,56,"['/imu', '/rosout']"
1681490289.0176682,58598,1681490289,17010927,,2,/imu_driver,Current time 1681490289 15967369,driver.py,driver,56,"['/imu', '/rosout']"
1681490289.0434163,58599,1681490289,42218923,,2,/imu_driver,Current time 1681490289 41121006,driver.py,driver,56,"['/imu', '/rosout']"
1681490289.0679586,58600,1681490289,67174434,,2,/imu_driver,Current time 1681490289 66051006,driver.py,driver,56,"['/imu', '/rosout']"
1681490289.0930302,58601,1681490289,92701196,,2,/imu_driver,Current time 1681490289 90966463,driver.py,driver,56,"['/imu', '/rosout']"
1681490289.117467,58602,1681490289,117304801,,2,/imu_driver,Current time 1681490289 115972757,driver.py,driver,56,"['/imu', '/rosout']"
1681490289.142159,58603,1681490289,141993284,,2,/imu_driver,Current time 1681490289 140984773,driver.py,driver,56,"['/imu', '/rosout']"
1681490289.1676269,58604,1681490289,167363643,,2,/imu_driver,Current time 1681490289 165983438,driver.py,driver,56,"['/imu', '/rosout']"
1681490289.19371,58605,1681490289,192699909,,2,/imu_driver,Current time 1681490289 190951347,driver.py,driver,56,"['/imu', '/rosout']"
1681490289.2187731,58606,1681490289,218103885,,2,/imu_driver,Current time 1681490289 216663837,driver.py,driver,56,"['/imu', '/rosout']"
1681490289.2430024,58607,1681490289,242293596,,2,/imu_driver,Current time 1681490289 240937232,driver.py,driver,56,"['/imu', '/rosout']"
1681490289.2682965,58608,1681490289,267436981,,2,/imu_driver,Current time 1681490289 266035795,driver.py,driver,56,"['/imu', '/rosout']"
1681490289.2927165,58609,1681490289,292043924,,2,/imu_driver,Current time 1681490289 291030168,driver.py,driver,56,"['/imu', '/rosout']"
1681490289.317431,58610,1681490289,316913366,,2,/imu_driver,Current time 1681490289 315889596,driver.py,driver,56,"['/imu', '/rosout']"
1681490289.3425949,58611,1681490289,342352628,,2,/imu_driver,Current time 1681490289 340945959,driver.py,driver,56,"['/imu', '/rosout']"
1681490289.3677843,58612,1681490289,367117404,,2,/imu_driver,Current time 1681490289 365994215,driver.py,driver,56,"['/imu', '/rosout']"
1681490289.39214,58613,1681490289,391975641,,2,/imu_driver,Current time 1681490289 390941143,driver.py,driver,56,"['/imu', '/rosout']"
1681490289.417377,58614,1681490289,417132616,,2,/imu_driver,Current time 1681490289 415909051,driver.py,driver,56,"['/imu', '/rosout']"
1681490289.4422734,58615,1681490289,442042589,,2,/imu_driver,Current time 1681490289 440788269,driver.py,driver,56,"['/imu', '/rosout']"
1681490289.4673388,58616,1681490289,467081785,,2,/imu_driver,Current time 1681490289 465905666,driver.py,driver,56,"['/imu', '/rosout']"
1681490289.4923937,58617,1681490289,492094039,,2,/imu_driver,Current time 1681490289 490728855,driver.py,driver,56,"['/imu', '/rosout']"
1681490289.516891,58618,1681490289,516708135,,2,/imu_driver,Current time 1681490289 515704154,driver.py,driver,56,"['/imu', '/rosout']"
1681490289.5422657,58619,1681490289,542057991,,2,/imu_driver,Current time 1681490289 540833950,driver.py,driver,56,"['/imu', '/rosout']"
1681490289.566891,58620,1681490289,566679000,,2,/imu_driver,Current time 1681490289 565655708,driver.py,driver,56,"['/imu', '/rosout']"
1681490289.592398,58621,1681490289,592015504,,2,/imu_driver,Current time 1681490289 590631723,driver.py,driver,56,"['/imu', '/rosout']"
1681490289.6169991,58622,1681490289,616829395,,2,/imu_driver,Current time 1681490289 615679025,driver.py,driver,56,"['/imu', '/rosout']"
1681490289.6417449,58623,1681490289,641582012,,2,/imu_driver,Current time 1681490289 640561580,driver.py,driver,56,"['/imu', '/rosout']"
1681490289.6670587,58624,1681490289,666845321,,2,/imu_driver,Current time 1681490289 665749311,driver.py,driver,56,"['/imu', '/rosout']"
1681490289.6919794,58625,1681490289,691772699,,2,/imu_driver,Current time 1681490289 690617084,driver.py,driver,56,"['/imu', '/rosout']"
1681490289.716917,58626,1681490289,716736078,,2,/imu_driver,Current time 1681490289 715608835,driver.py,driver,56,"['/imu', '/rosout']"
1681490289.742292,58627,1681490289,742061853,,2,/imu_driver,Current time 1681490289 740539789,driver.py,driver,56,"['/imu', '/rosout']"
1681490289.7670436,58628,1681490289,766827344,,2,/imu_driver,Current time 1681490289 765707492,driver.py,driver,56,"['/imu', '/rosout']"
1681490289.7918434,58629,1681490289,791647911,,2,/imu_driver,Current time 1681490289 790557146,driver.py,driver,56,"['/imu', '/rosout']"
1681490289.8168697,58630,1681490289,816598892,,2,/imu_driver,Current time 1681490289 815412521,driver.py,driver,56,"['/imu', '/rosout']"
1681490289.8427289,58631,1681490289,842103004,,2,/imu_driver,Current time 1681490289 840534448,driver.py,driver,56,"['/imu', '/rosout']"
1681490289.8684635,58632,1681490289,867326498,,2,/imu_driver,Current time 1681490289 866199016,driver.py,driver,56,"['/imu', '/rosout']"
1681490289.8924022,58633,1681490289,891407251,,2,/imu_driver,Current time 1681490289 890354633,driver.py,driver,56,"['/imu', '/rosout']"
1681490289.917224,58634,1681490289,916528224,,2,/imu_driver,Current time 1681490289 915568828,driver.py,driver,56,"['/imu', '/rosout']"
1681490289.943102,58635,1681490289,942434549,,2,/imu_driver,Current time 1681490289 941332578,driver.py,driver,56,"['/imu', '/rosout']"
1681490289.968002,58636,1681490289,967386960,,2,/imu_driver,Current time 1681490289 966289758,driver.py,driver,56,"['/imu', '/rosout']"
1681490289.99488,58637,1681490289,992072105,,2,/imu_driver,Current time 1681490289 990688085,driver.py,driver,56,"['/imu', '/rosout']"
1681490290.0178418,58638,1681490290,17596721,,2,/imu_driver,Current time 1681490290 16528606,driver.py,driver,56,"['/imu', '/rosout']"
1681490290.0420825,58639,1681490290,41349172,,2,/imu_driver,Current time 1681490290 40364980,driver.py,driver,56,"['/imu', '/rosout']"
1681490290.0677655,58640,1681490290,67333459,,2,/imu_driver,Current time 1681490290 66401243,driver.py,driver,56,"['/imu', '/rosout']"
1681490290.0937746,58641,1681490290,92793941,,2,/imu_driver,Current time 1681490290 91244459,driver.py,driver,56,"['/imu', '/rosout']"
1681490290.1179264,58642,1681490290,117264270,,2,/imu_driver,Current time 1681490290 116295576,driver.py,driver,56,"['/imu', '/rosout']"
1681490290.143938,58643,1681490290,143365621,,2,/imu_driver,Current time 1681490290 141366243,driver.py,driver,56,"['/imu', '/rosout']"
1681490290.167729,58644,1681490290,167426347,,2,/imu_driver,Current time 1681490290 166294336,driver.py,driver,56,"['/imu', '/rosout']"
1681490290.1930008,58645,1681490290,192460298,,2,/imu_driver,Current time 1681490290 191347122,driver.py,driver,56,"['/imu', '/rosout']"
1681490290.2177758,58646,1681490290,217151165,,2,/imu_driver,Current time 1681490290 216119050,driver.py,driver,56,"['/imu', '/rosout']"
1681490290.2431202,58647,1681490290,242814064,,2,/imu_driver,Current time 1681490290 241259813,driver.py,driver,56,"['/imu', '/rosout']"
1681490290.26763,58648,1681490290,267288684,,2,/imu_driver,Current time 1681490290 266189336,driver.py,driver,56,"['/imu', '/rosout']"
1681490290.2925642,58649,1681490290,292288780,,2,/imu_driver,Current time 1681490290 291218280,driver.py,driver,56,"['/imu', '/rosout']"
1681490290.3177834,58650,1681490290,317403316,,2,/imu_driver,Current time 1681490290 316251039,driver.py,driver,56,"['/imu', '/rosout']"
1681490290.343154,58651,1681490290,342444181,,2,/imu_driver,Current time 1681490290 341062307,driver.py,driver,56,"['/imu', '/rosout']"
1681490290.3678246,58652,1681490290,367262601,,2,/imu_driver,Current time 1681490290 366076469,driver.py,driver,56,"['/imu', '/rosout']"
1681490290.3930767,58653,1681490290,392377853,,2,/imu_driver,Current time 1681490290 390960454,driver.py,driver,56,"['/imu', '/rosout']"
1681490290.4182546,58654,1681490290,417348861,,2,/imu_driver,Current time 1681490290 416045665,driver.py,driver,56,"['/imu', '/rosout']"
1681490290.442392,58655,1681490290,442222833,,2,/imu_driver,Current time 1681490290 441107511,driver.py,driver,56,"['/imu', '/rosout']"
1681490290.4672525,58656,1681490290,466908216,,2,/imu_driver,Current time 1681490290 465927600,driver.py,driver,56,"['/imu', '/rosout']"
1681490290.495512,58657,1681490290,495157718,,2,/imu_driver,Current time 1681490290 490948677,driver.py,driver,56,"['/imu', '/rosout']"
1681490290.5171711,58658,1681490290,516920804,,2,/imu_driver,Current time 1681490290 515956640,driver.py,driver,56,"['/imu', '/rosout']"
1681490290.542412,58659,1681490290,542165517,,2,/imu_driver,Current time 1681490290 541144847,driver.py,driver,56,"['/imu', '/rosout']"
1681490290.5671835,58660,1681490290,566939115,,2,/imu_driver,Current time 1681490290 565932035,driver.py,driver,56,"['/imu', '/rosout']"
1681490290.5927289,58661,1681490290,592358112,,2,/imu_driver,Current time 1681490290 590956449,driver.py,driver,56,"['/imu', '/rosout']"
1681490290.6174226,58662,1681490290,617121934,,2,/imu_driver,Current time 1681490290 615981817,driver.py,driver,56,"['/imu', '/rosout']"
1681490290.6426342,58663,1681490290,642329454,,2,/imu_driver,Current time 1681490290 640851974,driver.py,driver,56,"['/imu', '/rosout']"
1681490290.6672997,58664,1681490290,667049646,,2,/imu_driver,Current time 1681490290 665852308,driver.py,driver,56,"['/imu', '/rosout']"
1681490290.6931305,58665,1681490290,692317962,,2,/imu_driver,Current time 1681490290 690865755,driver.py,driver,56,"['/imu', '/rosout']"
1681490290.7176952,58666,1681490290,717054128,,2,/imu_driver,Current time 1681490290 715853452,driver.py,driver,56,"['/imu', '/rosout']"
1681490290.7427711,58667,1681490290,742210388,,2,/imu_driver,Current time 1681490290 740822792,driver.py,driver,56,"['/imu', '/rosout']"
1681490290.7675183,58668,1681490290,766958236,,2,/imu_driver,Current time 1681490290 765839099,driver.py,driver,56,"['/imu', '/rosout']"
1681490290.7927852,58669,1681490290,791908025,,2,/imu_driver,Current time 1681490290 790971755,driver.py,driver,56,"['/imu', '/rosout']"
1681490290.8173249,58670,1681490290,816967487,,2,/imu_driver,Current time 1681490290 815926551,driver.py,driver,56,"['/imu', '/rosout']"
1681490290.8434217,58671,1681490290,842172861,,2,/imu_driver,Current time 1681490290 840769290,driver.py,driver,56,"['/imu', '/rosout']"
1681490290.8670862,58672,1681490290,866850137,,2,/imu_driver,Current time 1681490290 865683794,driver.py,driver,56,"['/imu', '/rosout']"
1681490290.892929,58673,1681490290,892031192,,2,/imu_driver,Current time 1681490290 890846014,driver.py,driver,56,"['/imu', '/rosout']"
1681490290.917741,58674,1681490290,916908025,,2,/imu_driver,Current time 1681490290 915874719,driver.py,driver,56,"['/imu', '/rosout']"
1681490290.9423518,58675,1681490290,941723585,,2,/imu_driver,Current time 1681490290 940788745,driver.py,driver,56,"['/imu', '/rosout']"
1681490290.9674685,58676,1681490290,966812610,,2,/imu_driver,Current time 1681490290 965839624,driver.py,driver,56,"['/imu', '/rosout']"
1681490290.9939759,58677,1681490290,993019104,,2,/imu_driver,Current time 1681490290 991445064,driver.py,driver,56,"['/imu', '/rosout']"
1681490291.0170887,58678,1681490291,16781330,,2,/imu_driver,Current time 1681490291 15752792,driver.py,driver,56,"['/imu', '/rosout']"
1681490291.0419445,58679,1681490291,41745185,,2,/imu_driver,Current time 1681490291 40729284,driver.py,driver,56,"['/imu', '/rosout']"
1681490291.0671518,58680,1681490291,66823244,,2,/imu_driver,Current time 1681490291 65694093,driver.py,driver,56,"['/imu', '/rosout']"
1681490291.0930848,58681,1681490291,92044353,,2,/imu_driver,Current time 1681490291 90554714,driver.py,driver,56,"['/imu', '/rosout']"
1681490291.1171198,58682,1681490291,116812705,,2,/imu_driver,Current time 1681490291 115637540,driver.py,driver,56,"['/imu', '/rosout']"
1681490291.1421924,58683,1681490291,141668081,,2,/imu_driver,Current time 1681490291 140459299,driver.py,driver,56,"['/imu', '/rosout']"
1681490291.1672103,58684,1681490291,166589021,,2,/imu_driver,Current time 1681490291 165557622,driver.py,driver,56,"['/imu', '/rosout']"
1681490291.1921673,58685,1681490291,191604375,,2,/imu_driver,Current time 1681490291 190586090,driver.py,driver,56,"['/imu', '/rosout']"
1681490291.21839,58686,1681490291,217683315,,2,/imu_driver,Current time 1681490291 216625928,driver.py,driver,56,"['/imu', '/rosout']"
1681490291.243729,58687,1681490291,242766380,,2,/imu_driver,Current time 1681490291 241358041,driver.py,driver,56,"['/imu', '/rosout']"
1681490291.2685065,58688,1681490291,267673492,,2,/imu_driver,Current time 1681490291 266560792,driver.py,driver,56,"['/imu', '/rosout']"
1681490291.2922332,58689,1681490291,291673183,,2,/imu_driver,Current time 1681490291 290611743,driver.py,driver,56,"['/imu', '/rosout']"
1681490291.3180976,58690,1681490291,317677497,,2,/imu_driver,Current time 1681490291 316599845,driver.py,driver,56,"['/imu', '/rosout']"
1681490291.3432162,58691,1681490291,342804193,,2,/imu_driver,Current time 1681490291 341508388,driver.py,driver,56,"['/imu', '/rosout']"
1681490291.3684049,58692,1681490291,367522954,,2,/imu_driver,Current time 1681490291 366417884,driver.py,driver,56,"['/imu', '/rosout']"
1681490291.3929267,58693,1681490291,392416238,,2,/imu_driver,Current time 1681490291 391453504,driver.py,driver,56,"['/imu', '/rosout']"
1681490291.4179914,58694,1681490291,417391300,,2,/imu_driver,Current time 1681490291 416408538,driver.py,driver,56,"['/imu', '/rosout']"
1681490291.4458718,58695,1681490291,445273637,,2,/imu_driver,Current time 1681490291 443602323,driver.py,driver,56,"['/imu', '/rosout']"
1681490291.46824,58696,1681490291,467462539,,2,/imu_driver,Current time 1681490291 466281175,driver.py,driver,56,"['/imu', '/rosout']"
1681490291.4958026,58697,1681490291,492884159,,2,/imu_driver,Current time 1681490291 491279125,driver.py,driver,56,"['/imu', '/rosout']"
1681490291.5180426,58698,1681490291,517445325,,2,/imu_driver,Current time 1681490291 516229152,driver.py,driver,56,"['/imu', '/rosout']"
1681490291.5428176,58699,1681490291,542442798,,2,/imu_driver,Current time 1681490291 541131496,driver.py,driver,56,"['/imu', '/rosout']"
1681490291.568418,58700,1681490291,567591428,,2,/imu_driver,Current time 1681490291 566188335,driver.py,driver,56,"['/imu', '/rosout']"
1681490291.608428,58701,1681490291,607715129,,2,/imu_driver,Current time 1681490291 591176033,driver.py,driver,56,"['/imu', '/rosout']"
1681490291.6185582,58702,1681490291,617878675,,2,/imu_driver,Current time 1681490291 616657972,driver.py,driver,56,"['/imu', '/rosout']"
1681490291.6426027,58703,1681490291,642323017,,2,/imu_driver,Current time 1681490291 641271591,driver.py,driver,56,"['/imu', '/rosout']"
1681490291.6678119,58704,1681490291,667185306,,2,/imu_driver,Current time 1681490291 666134834,driver.py,driver,56,"['/imu', '/rosout']"
1681490291.6933498,58705,1681490291,692675828,,2,/imu_driver,Current time 1681490291 691257238,driver.py,driver,56,"['/imu', '/rosout']"
1681490291.7178972,58706,1681490291,717283010,,2,/imu_driver,Current time 1681490291 716160058,driver.py,driver,56,"['/imu', '/rosout']"
1681490291.7427697,58707,1681490291,742074728,,2,/imu_driver,Current time 1681490291 741120100,driver.py,driver,56,"['/imu', '/rosout']"
1681490291.7678707,58708,1681490291,767263650,,2,/imu_driver,Current time 1681490291 766197204,driver.py,driver,56,"['/imu', '/rosout']"
1681490291.793904,58709,1681490291,792936801,,2,/imu_driver,Current time 1681490291 791381835,driver.py,driver,56,"['/imu', '/rosout']"
1681490291.8176355,58710,1681490291,817378520,,2,/imu_driver,Current time 1681490291 816283226,driver.py,driver,56,"['/imu', '/rosout']"
1681490291.8426042,58711,1681490291,842219352,,2,/imu_driver,Current time 1681490291 841011524,driver.py,driver,56,"['/imu', '/rosout']"
1681490291.8677886,58712,1681490291,867139816,,2,/imu_driver,Current time 1681490291 865957975,driver.py,driver,56,"['/imu', '/rosout']"
1681490291.8926942,58713,1681490291,891967058,,2,/imu_driver,Current time 1681490291 890874862,driver.py,driver,56,"['/imu', '/rosout']"
1681490291.917745,58714,1681490291,917359352,,2,/imu_driver,Current time 1681490291 916156053,driver.py,driver,56,"['/imu', '/rosout']"
1681490291.9428551,58715,1681490291,942441940,,2,/imu_driver,Current time 1681490291 941141605,driver.py,driver,56,"['/imu', '/rosout']"
1681490291.9676726,58716,1681490291,966936111,,2,/imu_driver,Current time 1681490291 965836524,driver.py,driver,56,"['/imu', '/rosout']"
1681490291.9930205,58717,1681490291,992376089,,2,/imu_driver,Current time 1681490291 991031646,driver.py,driver,56,"['/imu', '/rosout']"
1681490292.0176103,58718,1681490292,17059326,,2,/imu_driver,Current time 1681490292 15971422,driver.py,driver,56,"['/imu', '/rosout']"
1681490292.0423138,58719,1681490292,41731834,,2,/imu_driver,Current time 1681490292 40770769,driver.py,driver,56,"['/imu', '/rosout']"
1681490292.0674043,58720,1681490292,66903591,,2,/imu_driver,Current time 1681490292 65890073,driver.py,driver,56,"['/imu', '/rosout']"
1681490292.093371,58721,1681490292,92503547,,2,/imu_driver,Current time 1681490292 91142654,driver.py,driver,56,"['/imu', '/rosout']"
1681490292.1177423,58722,1681490292,117296695,,2,/imu_driver,Current time 1681490292 115925788,driver.py,driver,56,"['/imu', '/rosout']"
1681490292.1432354,58723,1681490292,142411708,,2,/imu_driver,Current time 1681490292 141190290,driver.py,driver,56,"['/imu', '/rosout']"
1681490292.1675692,58724,1681490292,166902542,,2,/imu_driver,Current time 1681490292 165775537,driver.py,driver,56,"['/imu', '/rosout']"
1681490292.192788,58725,1681490292,192023038,,2,/imu_driver,Current time 1681490292 190697193,driver.py,driver,56,"['/imu', '/rosout']"
1681490292.2173877,58726,1681490292,216901779,,2,/imu_driver,Current time 1681490292 215686798,driver.py,driver,56,"['/imu', '/rosout']"
1681490292.242304,58727,1681490292,241836309,,2,/imu_driver,Current time 1681490292 240756034,driver.py,driver,56,"['/imu', '/rosout']"
1681490292.2674878,58728,1681490292,266771316,,2,/imu_driver,Current time 1681490292 265819072,driver.py,driver,56,"['/imu', '/rosout']"
1681490292.2926478,58729,1681490292,291896820,,2,/imu_driver,Current time 1681490292 290698051,driver.py,driver,56,"['/imu', '/rosout']"
1681490292.3175983,58730,1681490292,316858768,,2,/imu_driver,Current time 1681490292 315767288,driver.py,driver,56,"['/imu', '/rosout']"
1681490292.3447223,58731,1681490292,344142436,,2,/imu_driver,Current time 1681490292 342980861,driver.py,driver,56,"['/imu', '/rosout']"
1681490292.3670251,58732,1681490292,366709709,,2,/imu_driver,Current time 1681490292 365760087,driver.py,driver,56,"['/imu', '/rosout']"
1681490292.392621,58733,1681490292,391803026,,2,/imu_driver,Current time 1681490292 390778779,driver.py,driver,56,"['/imu', '/rosout']"
1681490292.4174383,58734,1681490292,416721820,,2,/imu_driver,Current time 1681490292 415677547,driver.py,driver,56,"['/imu', '/rosout']"
1681490292.4423125,58735,1681490292,441702365,,2,/imu_driver,Current time 1681490292 440684318,driver.py,driver,56,"['/imu', '/rosout']"
1681490292.466646,58736,1681490292,466443777,,2,/imu_driver,Current time 1681490292 465508937,driver.py,driver,56,"['/imu', '/rosout']"
1681490292.4926486,58737,1681490292,491875410,,2,/imu_driver,Current time 1681490292 490564107,driver.py,driver,56,"['/imu', '/rosout']"
1681490292.5169768,58738,1681490292,516569375,,2,/imu_driver,Current time 1681490292 515569210,driver.py,driver,56,"['/imu', '/rosout']"
1681490292.5424478,58739,1681490292,541680335,,2,/imu_driver,Current time 1681490292 540655851,driver.py,driver,56,"['/imu', '/rosout']"
1681490292.567689,58740,1681490292,566704750,,2,/imu_driver,Current time 1681490292 565464019,driver.py,driver,56,"['/imu', '/rosout']"
1681490292.5920773,58741,1681490292,591778039,,2,/imu_driver,Current time 1681490292 590528011,driver.py,driver,56,"['/imu', '/rosout']"
1681490292.618584,58742,1681490292,617781877,,2,/imu_driver,Current time 1681490292 616648435,driver.py,driver,56,"['/imu', '/rosout']"
1681490292.6436253,58743,1681490292,641787290,,2,/imu_driver,Current time 1681490292 640562057,driver.py,driver,56,"['/imu', '/rosout']"
1681490292.6683593,58744,1681490292,667645931,,2,/imu_driver,Current time 1681490292 666475772,driver.py,driver,56,"['/imu', '/rosout']"
1681490292.692731,58745,1681490292,691669702,,2,/imu_driver,Current time 1681490292 690435886,driver.py,driver,56,"['/imu', '/rosout']"
1681490292.7187185,58746,1681490292,717868089,,2,/imu_driver,Current time 1681490292 716688156,driver.py,driver,56,"['/imu', '/rosout']"
1681490292.7446213,58747,1681490292,743899822,,2,/imu_driver,Current time 1681490292 742567539,driver.py,driver,56,"['/imu', '/rosout']"
1681490292.7684484,58748,1681490292,767598867,,2,/imu_driver,Current time 1681490292 766382217,driver.py,driver,56,"['/imu', '/rosout']"
1681490292.7924407,58749,1681490292,791607379,,2,/imu_driver,Current time 1681490292 790514469,driver.py,driver,56,"['/imu', '/rosout']"
1681490292.8182096,58750,1681490292,817623138,,2,/imu_driver,Current time 1681490292 816369771,driver.py,driver,56,"['/imu', '/rosout']"
1681490292.8438337,58751,1681490292,842956066,,2,/imu_driver,Current time 1681490292 841513395,driver.py,driver,56,"['/imu', '/rosout']"
1681490292.8681602,58752,1681490292,867439508,,2,/imu_driver,Current time 1681490292 866343498,driver.py,driver,56,"['/imu', '/rosout']"
1681490292.894422,58753,1681490292,893350124,,2,/imu_driver,Current time 1681490292 891198635,driver.py,driver,56,"['/imu', '/rosout']"
1681490292.9178562,58754,1681490292,917237758,,2,/imu_driver,Current time 1681490292 916184425,driver.py,driver,56,"['/imu', '/rosout']"
1681490292.9427533,58755,1681490292,942366361,,2,/imu_driver,Current time 1681490292 941267490,driver.py,driver,56,"['/imu', '/rosout']"
1681490292.9680145,58756,1681490292,967407703,,2,/imu_driver,Current time 1681490292 966331958,driver.py,driver,56,"['/imu', '/rosout']"
1681490292.9954598,58757,1681490292,994803428,,2,/imu_driver,Current time 1681490292 993676900,driver.py,driver,56,"['/imu', '/rosout']"
1681490293.017434,58758,1681490293,17097473,,2,/imu_driver,Current time 1681490293 16146898,driver.py,driver,56,"['/imu', '/rosout']"
1681490293.042836,58759,1681490293,42082309,,2,/imu_driver,Current time 1681490293 41131258,driver.py,driver,56,"['/imu', '/rosout']"
1681490293.0681672,58760,1681490293,67325353,,2,/imu_driver,Current time 1681490293 66225051,driver.py,driver,56,"['/imu', '/rosout']"
1681490293.093591,58761,1681490293,92861413,,2,/imu_driver,Current time 1681490293 91314315,driver.py,driver,56,"['/imu', '/rosout']"
1681490293.1177177,58762,1681490293,117337226,,2,/imu_driver,Current time 1681490293 116236686,driver.py,driver,56,"['/imu', '/rosout']"
1681490293.1438906,58763,1681490293,142378807,,2,/imu_driver,Current time 1681490293 141273498,driver.py,driver,56,"['/imu', '/rosout']"
1681490293.1678753,58764,1681490293,167217254,,2,/imu_driver,Current time 1681490293 166093587,driver.py,driver,56,"['/imu', '/rosout']"
1681490293.1926987,58765,1681490293,192095041,,2,/imu_driver,Current time 1681490293 191077709,driver.py,driver,56,"['/imu', '/rosout']"
1681490293.2180336,58766,1681490293,217252492,,2,/imu_driver,Current time 1681490293 216140747,driver.py,driver,56,"['/imu', '/rosout']"
1681490293.245634,58767,1681490293,245105981,,2,/imu_driver,Current time 1681490293 241259574,driver.py,driver,56,"['/imu', '/rosout']"
1681490293.2687027,58768,1681490293,268420934,,2,/imu_driver,Current time 1681490293 266372680,driver.py,driver,56,"['/imu', '/rosout']"
1681490293.2929657,58769,1681490293,292401552,,2,/imu_driver,Current time 1681490293 291137456,driver.py,driver,56,"['/imu', '/rosout']"
1681490293.3177588,58770,1681490293,317294597,,2,/imu_driver,Current time 1681490293 316170692,driver.py,driver,56,"['/imu', '/rosout']"
1681490293.343214,58771,1681490293,342951774,,2,/imu_driver,Current time 1681490293 341727256,driver.py,driver,56,"['/imu', '/rosout']"
1681490293.3681052,58772,1681490293,367725610,,2,/imu_driver,Current time 1681490293 366300106,driver.py,driver,56,"['/imu', '/rosout']"
1681490293.3924468,58773,1681490293,392096281,,2,/imu_driver,Current time 1681490293 391092538,driver.py,driver,56,"['/imu', '/rosout']"
1681490293.4182694,58774,1681490293,417450189,,2,/imu_driver,Current time 1681490293 416044950,driver.py,driver,56,"['/imu', '/rosout']"
1681490293.4422371,58775,1681490293,441972255,,2,/imu_driver,Current time 1681490293 440990686,driver.py,driver,56,"['/imu', '/rosout']"
1681490293.4673424,58776,1681490293,466966390,,2,/imu_driver,Current time 1681490293 465868473,driver.py,driver,56,"['/imu', '/rosout']"
1681490293.4929879,58777,1681490293,492321968,,2,/imu_driver,Current time 1681490293 490852832,driver.py,driver,56,"['/imu', '/rosout']"
1681490293.5184922,58778,1681490293,517819643,,2,/imu_driver,Current time 1681490293 516020536,driver.py,driver,56,"['/imu', '/rosout']"
1681490293.5424552,58779,1681490293,542200803,,2,/imu_driver,Current time 1681490293 540993213,driver.py,driver,56,"['/imu', '/rosout']"
1681490293.5676246,58780,1681490293,567049026,,2,/imu_driver,Current time 1681490293 565850019,driver.py,driver,56,"['/imu', '/rosout']"
1681490293.5923834,58781,1681490293,592111349,,2,/imu_driver,Current time 1681490293 590774536,driver.py,driver,56,"['/imu', '/rosout']"
1681490293.6176302,58782,1681490293,617038965,,2,/imu_driver,Current time 1681490293 615900754,driver.py,driver,56,"['/imu', '/rosout']"
1681490293.6426275,58783,1681490293,641805648,,2,/imu_driver,Current time 1681490293 640788078,driver.py,driver,56,"['/imu', '/rosout']"
1681490293.667524,58784,1681490293,666982889,,2,/imu_driver,Current time 1681490293 665722846,driver.py,driver,56,"['/imu', '/rosout']"
1681490293.6922784,58785,1681490293,691796302,,2,/imu_driver,Current time 1681490293 690767526,driver.py,driver,56,"['/imu', '/rosout']"
1681490293.7178633,58786,1681490293,717134475,,2,/imu_driver,Current time 1681490293 715834140,driver.py,driver,56,"['/imu', '/rosout']"
1681490293.7430503,58787,1681490293,742295980,,2,/imu_driver,Current time 1681490293 740640401,driver.py,driver,56,"['/imu', '/rosout']"
1681490293.7673223,58788,1681490293,767001628,,2,/imu_driver,Current time 1681490293 765638351,driver.py,driver,56,"['/imu', '/rosout']"
1681490293.7926507,58789,1681490293,792003870,,2,/imu_driver,Current time 1681490293 790816545,driver.py,driver,56,"['/imu', '/rosout']"
1681490293.8173213,58790,1681490293,817034959,,2,/imu_driver,Current time 1681490293 815718173,driver.py,driver,56,"['/imu', '/rosout']"
1681490293.8438492,58791,1681490293,842631816,,2,/imu_driver,Current time 1681490293 841024160,driver.py,driver,56,"['/imu', '/rosout']"
1681490293.8676183,58792,1681490293,866619586,,2,/imu_driver,Current time 1681490293 865633249,driver.py,driver,56,"['/imu', '/rosout']"
1681490293.892193,58793,1681490293,891839504,,2,/imu_driver,Current time 1681490293 890560150,driver.py,driver,56,"['/imu', '/rosout']"
1681490293.916899,58794,1681490293,916607856,,2,/imu_driver,Current time 1681490293 915538072,driver.py,driver,56,"['/imu', '/rosout']"
1681490293.9431968,58795,1681490293,942515373,,2,/imu_driver,Current time 1681490293 941596508,driver.py,driver,56,"['/imu', '/rosout']"
1681490293.9679177,58796,1681490293,967677593,,2,/imu_driver,Current time 1681490293 966590166,driver.py,driver,56,"['/imu', '/rosout']"
1681490293.9930277,58797,1681490293,992197036,,2,/imu_driver,Current time 1681490293 990698099,driver.py,driver,56,"['/imu', '/rosout']"
1681490294.0187588,58798,1681490294,17961263,,2,/imu_driver,Current time 1681490294 16758203,driver.py,driver,56,"['/imu', '/rosout']"
1681490294.0421748,58799,1681490294,41507482,,2,/imu_driver,Current time 1681490294 40447950,driver.py,driver,56,"['/imu', '/rosout']"
1681490294.0681794,58800,1681490294,67514896,,2,/imu_driver,Current time 1681490294 66412448,driver.py,driver,56,"['/imu', '/rosout']"
1681490294.0931423,58801,1681490294,92862129,,2,/imu_driver,Current time 1681490294 90747594,driver.py,driver,56,"['/imu', '/rosout']"
1681490294.1181316,58802,1681490294,117581844,,2,/imu_driver,Current time 1681490294 116444110,driver.py,driver,56,"['/imu', '/rosout']"
1681490294.1433432,58803,1681490294,142744302,,2,/imu_driver,Current time 1681490294 141680955,driver.py,driver,56,"['/imu', '/rosout']"
1681490294.1678054,58804,1681490294,167250633,,2,/imu_driver,Current time 1681490294 166239976,driver.py,driver,56,"['/imu', '/rosout']"
1681490294.192805,58805,1681490294,192297458,,2,/imu_driver,Current time 1681490294 191270589,driver.py,driver,56,"['/imu', '/rosout']"
1681490294.217818,58806,1681490294,217256784,,2,/imu_driver,Current time 1681490294 216191768,driver.py,driver,56,"['/imu', '/rosout']"
1681490294.2435052,58807,1681490294,242508172,,2,/imu_driver,Current time 1681490294 241230487,driver.py,driver,56,"['/imu', '/rosout']"
1681490294.2679868,58808,1681490294,267363786,,2,/imu_driver,Current time 1681490294 266250610,driver.py,driver,56,"['/imu', '/rosout']"
1681490294.2928753,58809,1681490294,292249441,,2,/imu_driver,Current time 1681490294 291209459,driver.py,driver,56,"['/imu', '/rosout']"
1681490294.3177085,58810,1681490294,317348003,,2,/imu_driver,Current time 1681490294 316190481,driver.py,driver,56,"['/imu', '/rosout']"
1681490294.3467345,58811,1681490294,345312595,,2,/imu_driver,Current time 1681490294 344167470,driver.py,driver,56,"['/imu', '/rosout']"
1681490294.3675992,58812,1681490294,367268085,,2,/imu_driver,Current time 1681490294 366190910,driver.py,driver,56,"['/imu', '/rosout']"
1681490294.392732,58813,1681490294,392344713,,2,/imu_driver,Current time 1681490294 391152620,driver.py,driver,56,"['/imu', '/rosout']"
1681490294.4178474,58814,1681490294,417210578,,2,/imu_driver,Current time 1681490294 416178703,driver.py,driver,56,"['/imu', '/rosout']"
1681490294.4424555,58815,1681490294,442205905,,2,/imu_driver,Current time 1681490294 441240310,driver.py,driver,56,"['/imu', '/rosout']"
1681490294.4685,58816,1681490294,467455148,,2,/imu_driver,Current time 1681490294 466273546,driver.py,driver,56,"['/imu', '/rosout']"
1681490294.4935596,58817,1681490294,492763757,,2,/imu_driver,Current time 1681490294 491390705,driver.py,driver,56,"['/imu', '/rosout']"
1681490294.5185626,58818,1681490294,517727851,,2,/imu_driver,Current time 1681490294 516467809,driver.py,driver,56,"['/imu', '/rosout']"
1681490294.5421844,58819,1681490294,541979551,,2,/imu_driver,Current time 1681490294 540965080,driver.py,driver,56,"['/imu', '/rosout']"
1681490294.5676022,58820,1681490294,566926479,,2,/imu_driver,Current time 1681490294 565988302,driver.py,driver,56,"['/imu', '/rosout']"
1681490294.595516,58821,1681490294,595015048,,2,/imu_driver,Current time 1681490294 593222379,driver.py,driver,56,"['/imu', '/rosout']"
1681490294.6176925,58822,1681490294,617241621,,2,/imu_driver,Current time 1681490294 615844011,driver.py,driver,56,"['/imu', '/rosout']"
1681490294.6427305,58823,1681490294,642038822,,2,/imu_driver,Current time 1681490294 640865802,driver.py,driver,56,"['/imu', '/rosout']"
1681490294.6671593,58824,1681490294,666905641,,2,/imu_driver,Current time 1681490294 665895938,driver.py,driver,56,"['/imu', '/rosout']"
1681490294.69294,58825,1681490294,691845655,,2,/imu_driver,Current time 1681490294 690929889,driver.py,driver,56,"['/imu', '/rosout']"
1681490294.7176204,58826,1681490294,717290639,,2,/imu_driver,Current time 1681490294 715957403,driver.py,driver,56,"['/imu', '/rosout']"
1681490294.7455482,58827,1681490294,745150566,,2,/imu_driver,Current time 1681490294 741544961,driver.py,driver,56,"['/imu', '/rosout']"
1681490294.7687912,58828,1681490294,768476486,,2,/imu_driver,Current time 1681490294 765949487,driver.py,driver,56,"['/imu', '/rosout']"
1681490294.7920198,58829,1681490294,791782140,,2,/imu_driver,Current time 1681490294 790822029,driver.py,driver,56,"['/imu', '/rosout']"
1681490294.8174787,58830,1681490294,816946029,,2,/imu_driver,Current time 1681490294 815918922,driver.py,driver,56,"['/imu', '/rosout']"
1681490294.845501,58831,1681490294,844560861,,2,/imu_driver,Current time 1681490294 843289852,driver.py,driver,56,"['/imu', '/rosout']"
1681490294.8679385,58832,1681490294,867194890,,2,/imu_driver,Current time 1681490294 865880727,driver.py,driver,56,"['/imu', '/rosout']"
1681490294.8930395,58833,1681490294,892568826,,2,/imu_driver,Current time 1681490294 890985250,driver.py,driver,56,"['/imu', '/rosout']"
1681490294.9184544,58834,1681490294,917362451,,2,/imu_driver,Current time 1681490294 915856361,driver.py,driver,56,"['/imu', '/rosout']"
1681490294.9421782,58835,1681490294,941774845,,2,/imu_driver,Current time 1681490294 940727710,driver.py,driver,56,"['/imu', '/rosout']"
1681490294.967767,58836,1681490294,966966867,,2,/imu_driver,Current time 1681490294 965764045,driver.py,driver,56,"['/imu', '/rosout']"
1681490294.9939578,58837,1681490294,992859840,,2,/imu_driver,Current time 1681490294 990901708,driver.py,driver,56,"['/imu', '/rosout']"
1681490295.0172577,58838,1681490295,17024517,,2,/imu_driver,Current time 1681490295 15737533,driver.py,driver,56,"['/imu', '/rosout']"
1681490295.042372,58839,1681490295,41869878,,2,/imu_driver,Current time 1681490295 40832757,driver.py,driver,56,"['/imu', '/rosout']"
1681490295.0672154,58840,1681490295,66704273,,2,/imu_driver,Current time 1681490295 65664768,driver.py,driver,56,"['/imu', '/rosout']"
1681490295.0927393,58841,1681490295,92439889,,2,/imu_driver,Current time 1681490295 90845584,driver.py,driver,56,"['/imu', '/rosout']"
1681490295.1174483,58842,1681490295,116636276,,2,/imu_driver,Current time 1681490295 115560531,driver.py,driver,56,"['/imu', '/rosout']"
1681490295.1434798,58843,1681490295,142774820,,2,/imu_driver,Current time 1681490295 140748977,driver.py,driver,56,"['/imu', '/rosout']"
1681490295.1675904,58844,1681490295,166742801,,2,/imu_driver,Current time 1681490295 165689945,driver.py,driver,56,"['/imu', '/rosout']"
1681490295.1920588,58845,1681490295,191675662,,2,/imu_driver,Current time 1681490295 190667867,driver.py,driver,56,"['/imu', '/rosout']"
1681490295.218132,58846,1681490295,217777490,,2,/imu_driver,Current time 1681490295 216594696,driver.py,driver,56,"['/imu', '/rosout']"
1681490295.2434597,58847,1681490295,242619276,,2,/imu_driver,Current time 1681490295 241079807,driver.py,driver,56,"['/imu', '/rosout']"
1681490295.2680676,58848,1681490295,267417430,,2,/imu_driver,Current time 1681490295 266386508,driver.py,driver,56,"['/imu', '/rosout']"
1681490295.2917898,58849,1681490295,291453599,,2,/imu_driver,Current time 1681490295 290539026,driver.py,driver,56,"['/imu', '/rosout']"
1681490295.3183508,58850,1681490295,317643165,,2,/imu_driver,Current time 1681490295 316374301,driver.py,driver,56,"['/imu', '/rosout']"
1681490295.345779,58851,1681490295,344960212,,2,/imu_driver,Current time 1681490295 343704223,driver.py,driver,56,"['/imu', '/rosout']"
1681490295.3688192,58852,1681490295,367827653,,2,/imu_driver,Current time 1681490295 366518259,driver.py,driver,56,"['/imu', '/rosout']"
1681490295.3970702,58853,1681490295,396348714,,2,/imu_driver,Current time 1681490295 391715288,driver.py,driver,56,"['/imu', '/rosout']"
1681490295.417861,58854,1681490295,417257070,,2,/imu_driver,Current time 1681490295 416385173,driver.py,driver,56,"['/imu', '/rosout']"
1681490295.4427924,58855,1681490295,442398548,,2,/imu_driver,Current time 1681490295 441389322,driver.py,driver,56,"['/imu', '/rosout']"
1681490295.467781,58856,1681490295,467172145,,2,/imu_driver,Current time 1681490295 466191291,driver.py,driver,56,"['/imu', '/rosout']"
1681490295.495384,58857,1681490295,494781970,,2,/imu_driver,Current time 1681490295 493564605,driver.py,driver,56,"['/imu', '/rosout']"
1681490295.5177233,58858,1681490295,517310142,,2,/imu_driver,Current time 1681490295 516231060,driver.py,driver,56,"['/imu', '/rosout']"
1681490295.5431433,58859,1681490295,542361259,,2,/imu_driver,Current time 1681490295 541182994,driver.py,driver,56,"['/imu', '/rosout']"
1681490295.568154,58860,1681490295,567441940,,2,/imu_driver,Current time 1681490295 566195249,driver.py,driver,56,"['/imu', '/rosout']"
1681490295.593219,58861,1681490295,592591047,,2,/imu_driver,Current time 1681490295 591244459,driver.py,driver,56,"['/imu', '/rosout']"
1681490295.6176543,58862,1681490295,617292881,,2,/imu_driver,Current time 1681490295 616163730,driver.py,driver,56,"['/imu', '/rosout']"
1681490295.6446722,58863,1681490295,643607616,,2,/imu_driver,Current time 1681490295 641128540,driver.py,driver,56,"['/imu', '/rosout']"
1681490295.6678112,58864,1681490295,667207002,,2,/imu_driver,Current time 1681490295 666189908,driver.py,driver,56,"['/imu', '/rosout']"
1681490295.6926894,58865,1681490295,692109346,,2,/imu_driver,Current time 1681490295 691102743,driver.py,driver,56,"['/imu', '/rosout']"
1681490295.7176883,58866,1681490295,717434644,,2,/imu_driver,Current time 1681490295 716077327,driver.py,driver,56,"['/imu', '/rosout']"
1681490295.746083,58867,1681490295,745626926,,2,/imu_driver,Current time 1681490295 743887424,driver.py,driver,56,"['/imu', '/rosout']"
1681490295.7680402,58868,1681490295,767234802,,2,/imu_driver,Current time 1681490295 766221523,driver.py,driver,56,"['/imu', '/rosout']"
1681490295.7934015,58869,1681490295,792178153,,2,/imu_driver,Current time 1681490295 791194438,driver.py,driver,56,"['/imu', '/rosout']"
1681490295.817531,58870,1681490295,817049264,,2,/imu_driver,Current time 1681490295 815994262,driver.py,driver,56,"['/imu', '/rosout']"
1681490295.8426428,58871,1681490295,842431783,,2,/imu_driver,Current time 1681490295 841096878,driver.py,driver,56,"['/imu', '/rosout']"
1681490295.8681583,58872,1681490295,867087364,,2,/imu_driver,Current time 1681490295 866012573,driver.py,driver,56,"['/imu', '/rosout']"
1681490295.8951747,58873,1681490295,893684625,,2,/imu_driver,Current time 1681490295 891940832,driver.py,driver,56,"['/imu', '/rosout']"
1681490295.91791,58874,1681490295,917283296,,2,/imu_driver,Current time 1681490295 916185379,driver.py,driver,56,"['/imu', '/rosout']"
1681490295.9427416,58875,1681490295,942150592,,2,/imu_driver,Current time 1681490295 940907478,driver.py,driver,56,"['/imu', '/rosout']"
1681490295.9674137,58876,1681490295,966965913,,2,/imu_driver,Current time 1681490295 965828418,driver.py,driver,56,"['/imu', '/rosout']"
1681490295.993164,58877,1681490295,992325305,,2,/imu_driver,Current time 1681490295 990890502,driver.py,driver,56,"['/imu', '/rosout']"
1681490296.017611,58878,1681490296,16976833,,2,/imu_driver,Current time 1681490296 15877008,driver.py,driver,56,"['/imu', '/rosout']"
1681490296.0427682,58879,1681490296,42176485,,2,/imu_driver,Current time 1681490296 41061162,driver.py,driver,56,"['/imu', '/rosout']"
1681490296.069077,58880,1681490296,67778587,,2,/imu_driver,Current time 1681490296 66056728,driver.py,driver,56,"['/imu', '/rosout']"
1681490296.097344,58881,1681490296,96579074,,2,/imu_driver,Current time 1681490296 91310024,driver.py,driver,56,"['/imu', '/rosout']"
1681490296.1182394,58882,1681490296,117616415,,2,/imu_driver,Current time 1681490296 115834712,driver.py,driver,56,"['/imu', '/rosout']"
1681490296.1438057,58883,1681490296,142488002,,2,/imu_driver,Current time 1681490296 140748023,driver.py,driver,56,"['/imu', '/rosout']"
1681490296.1672795,58884,1681490296,166983604,,2,/imu_driver,Current time 1681490296 165818214,driver.py,driver,56,"['/imu', '/rosout']"
1681490296.1922276,58885,1681490296,191633462,,2,/imu_driver,Current time 1681490296 190629959,driver.py,driver,56,"['/imu', '/rosout']"
1681490296.2174513,58886,1681490296,216930627,,2,/imu_driver,Current time 1681490296 215785026,driver.py,driver,56,"['/imu', '/rosout']"
1681490296.24246,58887,1681490296,242180347,,2,/imu_driver,Current time 1681490296 240814924,driver.py,driver,56,"['/imu', '/rosout']"
1681490296.2672315,58888,1681490296,266987323,,2,/imu_driver,Current time 1681490296 265810251,driver.py,driver,56,"['/imu', '/rosout']"
1681490296.2924294,58889,1681490296,291850566,,2,/imu_driver,Current time 1681490296 290852785,driver.py,driver,56,"['/imu', '/rosout']"
1681490296.3173873,58890,1681490296,316884756,,2,/imu_driver,Current time 1681490296 315716028,driver.py,driver,56,"['/imu', '/rosout']"
1681490296.3429978,58891,1681490296,342491865,,2,/imu_driver,Current time 1681490296 341179847,driver.py,driver,56,"['/imu', '/rosout']"
1681490296.3674574,58892,1681490296,366818904,,2,/imu_driver,Current time 1681490296 365693330,driver.py,driver,56,"['/imu', '/rosout']"
1681490296.3930724,58893,1681490296,392295837,,2,/imu_driver,Current time 1681490296 390693902,driver.py,driver,56,"['/imu', '/rosout']"
1681490296.4171286,58894,1681490296,416620016,,2,/imu_driver,Current time 1681490296 415691852,driver.py,driver,56,"['/imu', '/rosout']"
1681490296.44191,58895,1681490296,441645622,,2,/imu_driver,Current time 1681490296 440573215,driver.py,driver,56,"['/imu', '/rosout']"
1681490296.4674048,58896,1681490296,466781139,,2,/imu_driver,Current time 1681490296 465689897,driver.py,driver,56,"['/imu', '/rosout']"
1681490296.493418,58897,1681490296,492680311,,2,/imu_driver,Current time 1681490296 491101264,driver.py,driver,56,"['/imu', '/rosout']"
1681490296.5188851,58898,1681490296,518219232,,2,/imu_driver,Current time 1681490296 516964673,driver.py,driver,56,"['/imu', '/rosout']"
1681490296.5429018,58899,1681490296,542644739,,2,/imu_driver,Current time 1681490296 541581153,driver.py,driver,56,"['/imu', '/rosout']"
1681490296.567915,58900,1681490296,567431211,,2,/imu_driver,Current time 1681490296 566411972,driver.py,driver,56,"['/imu', '/rosout']"
1681490296.591882,58901,1681490296,591499805,,2,/imu_driver,Current time 1681490296 590532779,driver.py,driver,56,"['/imu', '/rosout']"
1681490296.618022,58902,1681490296,617508888,,2,/imu_driver,Current time 1681490296 616494178,driver.py,driver,56,"['/imu', '/rosout']"
1681490296.6428246,58903,1681490296,641813516,,2,/imu_driver,Current time 1681490296 640436649,driver.py,driver,56,"['/imu', '/rosout']"
1681490296.6679664,58904,1681490296,667468786,,2,/imu_driver,Current time 1681490296 666354417,driver.py,driver,56,"['/imu', '/rosout']"
1681490296.693259,58905,1681490296,692619323,,2,/imu_driver,Current time 1681490296 691503524,driver.py,driver,56,"['/imu', '/rosout']"
1681490296.7178507,58906,1681490296,717645883,,2,/imu_driver,Current time 1681490296 716449022,driver.py,driver,56,"['/imu', '/rosout']"
1681490296.7442622,58907,1681490296,742627382,,2,/imu_driver,Current time 1681490296 741416931,driver.py,driver,56,"['/imu', '/rosout']"
1681490296.7736788,58908,1681490296,770960330,,2,/imu_driver,Current time 1681490296 766761541,driver.py,driver,56,"['/imu', '/rosout']"
1681490296.8017213,58909,1681490296,799995183,,2,/imu_driver,Current time 1681490296 795099496,driver.py,driver,56,"['/imu', '/rosout']"
1681490296.8231592,58910,1681490296,821849346,,2,/imu_driver,Current time 1681490296 820199728,driver.py,driver,56,"['/imu', '/rosout']"
1681490296.8425424,58911,1681490296,842314481,,2,/imu_driver,Current time 1681490296 841309547,driver.py,driver,56,"['/imu', '/rosout']"
1681490296.8678045,58912,1681490296,867299556,,2,/imu_driver,Current time 1681490296 866176843,driver.py,driver,56,"['/imu', '/rosout']"
1681490296.8934412,58913,1681490296,892982244,,2,/imu_driver,Current time 1681490296 891192674,driver.py,driver,56,"['/imu', '/rosout']"
1681490296.9183874,58914,1681490296,918008089,,2,/imu_driver,Current time 1681490296 916334867,driver.py,driver,56,"['/imu', '/rosout']"
1681490296.9423769,58915,1681490296,942185163,,2,/imu_driver,Current time 1681490296 941140174,driver.py,driver,56,"['/imu', '/rosout']"
1681490296.967318,58916,1681490296,967135190,,2,/imu_driver,Current time 1681490296 966053962,driver.py,driver,56,"['/imu', '/rosout']"
1681490296.9953341,58917,1681490296,995142221,,2,/imu_driver,Current time 1681490296 993868589,driver.py,driver,56,"['/imu', '/rosout']"
1681490297.0179694,58918,1681490297,17298936,,2,/imu_driver,Current time 1681490297 16179800,driver.py,driver,56,"['/imu', '/rosout']"
1681490297.043047,58919,1681490297,42193651,,2,/imu_driver,Current time 1681490297 41156291,driver.py,driver,56,"['/imu', '/rosout']"
1681490297.067845,58920,1681490297,67230463,,2,/imu_driver,Current time 1681490297 66168308,driver.py,driver,56,"['/imu', '/rosout']"
1681490297.092786,58921,1681490297,92370271,,2,/imu_driver,Current time 1681490297 91062307,driver.py,driver,56,"['/imu', '/rosout']"
1681490297.117851,58922,1681490297,117182016,,2,/imu_driver,Current time 1681490297 116079092,driver.py,driver,56,"['/imu', '/rosout']"
1681490297.1432729,58923,1681490297,142496824,,2,/imu_driver,Current time 1681490297 141020298,driver.py,driver,56,"['/imu', '/rosout']"
1681490297.1679282,58924,1681490297,167245864,,2,/imu_driver,Current time 1681490297 165958404,driver.py,driver,56,"['/imu', '/rosout']"
1681490297.1928327,58925,1681490297,192137956,,2,/imu_driver,Current time 1681490297 191061496,driver.py,driver,56,"['/imu', '/rosout']"
1681490297.218111,58926,1681490297,217322349,,2,/imu_driver,Current time 1681490297 216213703,driver.py,driver,56,"['/imu', '/rosout']"
1681490297.2440436,58927,1681490297,243169069,,2,/imu_driver,Current time 1681490297 241590023,driver.py,driver,56,"['/imu', '/rosout']"
1681490297.2677672,58928,1681490297,267100811,,2,/imu_driver,Current time 1681490297 265993118,driver.py,driver,56,"['/imu', '/rosout']"
1681490297.2930975,58929,1681490297,292324542,,2,/imu_driver,Current time 1681490297 291051864,driver.py,driver,56,"['/imu', '/rosout']"
1681490297.31735,58930,1681490297,317111253,,2,/imu_driver,Current time 1681490297 316011667,driver.py,driver,56,"['/imu', '/rosout']"
1681490297.3424737,58931,1681490297,342228889,,2,/imu_driver,Current time 1681490297 341044664,driver.py,driver,56,"['/imu', '/rosout']"
1681490297.3671527,58932,1681490297,366870164,,2,/imu_driver,Current time 1681490297 365815401,driver.py,driver,56,"['/imu', '/rosout']"
1681490297.3924248,58933,1681490297,392117977,,2,/imu_driver,Current time 1681490297 390808343,driver.py,driver,56,"['/imu', '/rosout']"
1681490297.417141,58934,1681490297,416934728,,2,/imu_driver,Current time 1681490297 415869712,driver.py,driver,56,"['/imu', '/rosout']"
1681490297.4421592,58935,1681490297,441933631,,2,/imu_driver,Current time 1681490297 440878868,driver.py,driver,56,"['/imu', '/rosout']"
1681490297.4670935,58936,1681490297,466860055,,2,/imu_driver,Current time 1681490297 465808629,driver.py,driver,56,"['/imu', '/rosout']"
1681490297.4944115,58937,1681490297,492657899,,2,/imu_driver,Current time 1681490297 491356849,driver.py,driver,56,"['/imu', '/rosout']"
1681490297.5170317,58938,1681490297,516817808,,2,/imu_driver,Current time 1681490297 515638351,driver.py,driver,56,"['/imu', '/rosout']"
1681490297.5439973,58939,1681490297,543256521,,2,/imu_driver,Current time 1681490297 541642665,driver.py,driver,56,"['/imu', '/rosout']"
1681490297.5671082,58940,1681490297,566714763,,2,/imu_driver,Current time 1681490297 565762281,driver.py,driver,56,"['/imu', '/rosout']"
1681490297.591812,58941,1681490297,591448307,,2,/imu_driver,Current time 1681490297 590524911,driver.py,driver,56,"['/imu', '/rosout']"
1681490297.6176283,58942,1681490297,616756200,,2,/imu_driver,Current time 1681490297 615607976,driver.py,driver,56,"['/imu', '/rosout']"
1681490297.642775,58943,1681490297,642238378,,2,/imu_driver,Current time 1681490297 640716552,driver.py,driver,56,"['/imu', '/rosout']"
1681490297.6684635,58944,1681490297,667712211,,2,/imu_driver,Current time 1681490297 666552782,driver.py,driver,56,"['/imu', '/rosout']"
1681490297.6922526,58945,1681490297,691661834,,2,/imu_driver,Current time 1681490297 690640449,driver.py,driver,56,"['/imu', '/rosout']"
1681490297.7168894,58946,1681490297,716651678,,2,/imu_driver,Current time 1681490297 715545177,driver.py,driver,56,"['/imu', '/rosout']"
1681490297.7427049,58947,1681490297,742278337,,2,/imu_driver,Current time 1681490297 740715503,driver.py,driver,56,"['/imu', '/rosout']"
1681490297.767343,58948,1681490297,766558170,,2,/imu_driver,Current time 1681490297 765527248,driver.py,driver,56,"['/imu', '/rosout']"
1681490297.7942686,58949,1681490297,793041706,,2,/imu_driver,Current time 1681490297 790600299,driver.py,driver,56,"['/imu', '/rosout']"
1681490297.8190382,58950,1681490297,817474126,,2,/imu_driver,Current time 1681490297 816529512,driver.py,driver,56,"['/imu', '/rosout']"
1681490297.8420532,58951,1681490297,841684818,,2,/imu_driver,Current time 1681490297 840646028,driver.py,driver,56,"['/imu', '/rosout']"
1681490297.8676465,58952,1681490297,867459058,,2,/imu_driver,Current time 1681490297 866387128,driver.py,driver,56,"['/imu', '/rosout']"
1681490297.893221,58953,1681490297,892397403,,2,/imu_driver,Current time 1681490297 890616893,driver.py,driver,56,"['/imu', '/rosout']"
1681490297.9179313,58954,1681490297,917368412,,2,/imu_driver,Current time 1681490297 916346311,driver.py,driver,56,"['/imu', '/rosout']"
1681490297.943771,58955,1681490297,942329883,,2,/imu_driver,Current time 1681490297 941282510,driver.py,driver,56,"['/imu', '/rosout']"
1681490297.9680147,58956,1681490297,967396497,,2,/imu_driver,Current time 1681490297 966413497,driver.py,driver,56,"['/imu', '/rosout']"
1681490297.992801,58957,1681490297,992474317,,2,/imu_driver,Current time 1681490297 991427898,driver.py,driver,56,"['/imu', '/rosout']"
1681490298.0184183,58958,1681490298,17759323,,2,/imu_driver,Current time 1681490298 16630887,driver.py,driver,56,"['/imu', '/rosout']"
1681490298.0432653,58959,1681490298,42568206,,2,/imu_driver,Current time 1681490298 41338443,driver.py,driver,56,"['/imu', '/rosout']"
1681490298.0684125,58960,1681490298,67435503,,2,/imu_driver,Current time 1681490298 66386461,driver.py,driver,56,"['/imu', '/rosout']"
1681490298.092953,58961,1681490298,92329502,,2,/imu_driver,Current time 1681490298 91273069,driver.py,driver,56,"['/imu', '/rosout']"
1681490298.1176329,58962,1681490298,117256641,,2,/imu_driver,Current time 1681490298 116270065,driver.py,driver,56,"['/imu', '/rosout']"
1681490298.1441333,58963,1681490298,143481254,,2,/imu_driver,Current time 1681490298 142165184,driver.py,driver,56,"['/imu', '/rosout']"
1681490298.1673849,58964,1681490298,167067766,,2,/imu_driver,Current time 1681490298 166128873,driver.py,driver,56,"['/imu', '/rosout']"
1681490298.1936057,58965,1681490298,193315982,,2,/imu_driver,Current time 1681490298 191377162,driver.py,driver,56,"['/imu', '/rosout']"
1681490298.2177975,58966,1681490298,217308044,,2,/imu_driver,Current time 1681490298 216261148,driver.py,driver,56,"['/imu', '/rosout']"
1681490298.2425942,58967,1681490298,242156982,,2,/imu_driver,Current time 1681490298 241267204,driver.py,driver,56,"['/imu', '/rosout']"
1681490298.2675223,58968,1681490298,267328023,,2,/imu_driver,Current time 1681490298 266297340,driver.py,driver,56,"['/imu', '/rosout']"
1681490298.2931917,58969,1681490298,292856931,,2,/imu_driver,Current time 1681490298 291335105,driver.py,driver,56,"['/imu', '/rosout']"
1681490298.3408382,58970,1681490298,335610628,,2,/imu_driver,Current time 1681490298 316242694,driver.py,driver,56,"['/imu', '/rosout']"
1681490298.347424,58971,1681490298,346708774,,2,/imu_driver,Current time 1681490298 345101833,driver.py,driver,56,"['/imu', '/rosout']"
1681490298.3681712,58972,1681490298,367454290,,2,/imu_driver,Current time 1681490298 366156816,driver.py,driver,56,"['/imu', '/rosout']"
1681490298.3934827,58973,1681490298,392658710,,2,/imu_driver,Current time 1681490298 391106367,driver.py,driver,56,"['/imu', '/rosout']"
1681490298.4177988,58974,1681490298,417222976,,2,/imu_driver,Current time 1681490298 416088581,driver.py,driver,56,"['/imu', '/rosout']"
1681490298.418023,7,1681490298,417972052,,4,/record_1681490238361869733,Less than 5 x 1G of space free on disk with '2023-04-14-12-37-18.bag.active'.,/tmp/binarydeb/ros-noetic-rosbag-1.15.15/src/recorder.cpp,Recorder::checkDisk,771,['/rosout']
1681490298.4427574,58975,1681490298,442380905,,2,/imu_driver,Current time 1681490298 441075563,driver.py,driver,56,"['/imu', '/rosout']"
1681490298.4678,58976,1681490298,467422246,,2,/imu_driver,Current time 1681490298 466095209,driver.py,driver,56,"['/imu', '/rosout']"
1681490298.4924715,58977,1681490298,491914510,,2,/imu_driver,Current time 1681490298 490951538,driver.py,driver,56,"['/imu', '/rosout']"
1681490298.5172095,58978,1681490298,516854047,,2,/imu_driver,Current time 1681490298 515872240,driver.py,driver,56,"['/imu', '/rosout']"
1681490298.5450478,58979,1681490298,542339563,,2,/imu_driver,Current time 1681490298 540993452,driver.py,driver,56,"['/imu', '/rosout']"
1681490298.568465,58980,1681490298,568199634,,2,/imu_driver,Current time 1681490298 566195726,driver.py,driver,56,"['/imu', '/rosout']"
1681490298.5924678,58981,1681490298,591846466,,2,/imu_driver,Current time 1681490298 590792894,driver.py,driver,56,"['/imu', '/rosout']"
1681490298.6176429,58982,1681490298,617050170,,2,/imu_driver,Current time 1681490298 615953683,driver.py,driver,56,"['/imu', '/rosout']"
1681490298.6431446,58983,1681490298,642482519,,2,/imu_driver,Current time 1681490298 641075611,driver.py,driver,56,"['/imu', '/rosout']"
1681490298.667593,58984,1681490298,667081117,,2,/imu_driver,Current time 1681490298 665987253,driver.py,driver,56,"['/imu', '/rosout']"
1681490298.6934931,58985,1681490298,692108631,,2,/imu_driver,Current time 1681490298 690906286,driver.py,driver,56,"['/imu', '/rosout']"
1681490298.717315,58986,1681490298,716711282,,2,/imu_driver,Current time 1681490298 715736389,driver.py,driver,56,"['/imu', '/rosout']"
1681490298.7423966,58987,1681490298,741765022,,2,/imu_driver,Current time 1681490298 740738153,driver.py,driver,56,"['/imu', '/rosout']"
1681490298.7675316,58988,1681490298,766842603,,2,/imu_driver,Current time 1681490298 765867948,driver.py,driver,56,"['/imu', '/rosout']"
1681490298.7953796,58989,1681490298,794687509,,2,/imu_driver,Current time 1681490298 793067693,driver.py,driver,56,"['/imu', '/rosout']"
1681490298.8183982,58990,1681490298,817000627,,2,/imu_driver,Current time 1681490298 815839529,driver.py,driver,56,"['/imu', '/rosout']"
1681490298.8421867,58991,1681490298,841714382,,2,/imu_driver,Current time 1681490298 840652227,driver.py,driver,56,"['/imu', '/rosout']"
1681490298.8675916,58992,1681490298,866989374,,2,/imu_driver,Current time 1681490298 865829944,driver.py,driver,56,"['/imu', '/rosout']"
1681490298.8943806,58993,1681490298,893733024,,2,/imu_driver,Current time 1681490298 890781879,driver.py,driver,56,"['/imu', '/rosout']"
1681490298.9174917,58994,1681490298,916830301,,2,/imu_driver,Current time 1681490298 915783882,driver.py,driver,56,"['/imu', '/rosout']"
1681490298.9426517,58995,1681490298,941825389,,2,/imu_driver,Current time 1681490298 940665483,driver.py,driver,56,"['/imu', '/rosout']"
1681490298.967276,58996,1681490298,966673851,,2,/imu_driver,Current time 1681490298 965651035,driver.py,driver,56,"['/imu', '/rosout']"
1681490298.9925838,58997,1681490298,991733074,,2,/imu_driver,Current time 1681490298 990734100,driver.py,driver,56,"['/imu', '/rosout']"
1681490299.0175548,58998,1681490299,16923427,,2,/imu_driver,Current time 1681490299 15733718,driver.py,driver,56,"['/imu', '/rosout']"
1681490299.0428236,58999,1681490299,42016744,,2,/imu_driver,Current time 1681490299 40688276,driver.py,driver,56,"['/imu', '/rosout']"
1681490299.0688052,59000,1681490299,68253040,,2,/imu_driver,Current time 1681490299 67120790,driver.py,driver,56,"['/imu', '/rosout']"
1681490299.0920296,59001,1681490299,91609001,,2,/imu_driver,Current time 1681490299 90586662,driver.py,driver,56,"['/imu', '/rosout']"
1681490299.1183262,59002,1681490299,117513418,,2,/imu_driver,Current time 1681490299 116506099,driver.py,driver,56,"['/imu', '/rosout']"
1681490299.143293,59003,1681490299,142840385,,2,/imu_driver,Current time 1681490299 141482353,driver.py,driver,56,"['/imu', '/rosout']"
1681490299.1684241,59004,1681490299,167613983,,2,/imu_driver,Current time 1681490299 166540622,driver.py,driver,56,"['/imu', '/rosout']"
1681490299.2003043,59005,1681490299,197193622,,2,/imu_driver,Current time 1681490299 193310737,driver.py,driver,56,"['/imu', '/rosout']"
1681490299.222223,59006,1681490299,221226692,,2,/imu_driver,Current time 1681490299 217043399,driver.py,driver,56,"['/imu', '/rosout']"
1681490299.2450137,59007,1681490299,244404554,,2,/imu_driver,Current time 1681490299 242437839,driver.py,driver,56,"['/imu', '/rosout']"
1681490299.267987,59008,1681490299,267715930,,2,/imu_driver,Current time 1681490299 266579866,driver.py,driver,56,"['/imu', '/rosout']"
1681490299.296511,59009,1681490299,296131372,,2,/imu_driver,Current time 1681490299 291631937,driver.py,driver,56,"['/imu', '/rosout']"
1681490299.3186405,59010,1681490299,317933082,,2,/imu_driver,Current time 1681490299 316506385,driver.py,driver,56,"['/imu', '/rosout']"
1681490299.3429995,59011,1681490299,342509031,,2,/imu_driver,Current time 1681490299 341436862,driver.py,driver,56,"['/imu', '/rosout']"
1681490299.3679547,59012,1681490299,367684602,,2,/imu_driver,Current time 1681490299 366431474,driver.py,driver,56,"['/imu', '/rosout']"
1681490299.393681,59013,1681490299,393460035,,2,/imu_driver,Current time 1681490299 392140626,driver.py,driver,56,"['/imu', '/rosout']"
1681490299.4175467,59014,1681490299,417244195,,2,/imu_driver,Current time 1681490299 416275262,driver.py,driver,56,"['/imu', '/rosout']"
1681490299.4437468,59015,1681490299,443441390,,2,/imu_driver,Current time 1681490299 441945314,driver.py,driver,56,"['/imu', '/rosout']"
1681490299.4701807,59016,1681490299,468755483,,2,/imu_driver,Current time 1681490299 466667413,driver.py,driver,56,"['/imu', '/rosout']"
1681490299.496748,59017,1681490299,495929718,,2,/imu_driver,Current time 1681490299 494463205,driver.py,driver,56,"['/imu', '/rosout']"
1681490299.518345,59018,1681490299,517617702,,2,/imu_driver,Current time 1681490299 516280651,driver.py,driver,56,"['/imu', '/rosout']"
1681490299.5444899,59019,1681490299,543836593,,2,/imu_driver,Current time 1681490299 541451930,driver.py,driver,56,"['/imu', '/rosout']"
1681490299.5684388,59020,1681490299,567584037,,2,/imu_driver,Current time 1681490299 566333770,driver.py,driver,56,"['/imu', '/rosout']"
1681490299.5935738,59021,1681490299,592458724,,2,/imu_driver,Current time 1681490299 591239690,driver.py,driver,56,"['/imu', '/rosout']"
1681490299.6179693,59022,1681490299,617325544,,2,/imu_driver,Current time 1681490299 616225957,driver.py,driver,56,"['/imu', '/rosout']"
1681490299.6435518,59023,1681490299,642722845,,2,/imu_driver,Current time 1681490299 641165733,driver.py,driver,56,"['/imu', '/rosout']"
1681490299.6682158,59024,1681490299,667277097,,2,/imu_driver,Current time 1681490299 666177034,driver.py,driver,56,"['/imu', '/rosout']"
1681490299.6933446,59025,1681490299,692410945,,2,/imu_driver,Current time 1681490299 691123723,driver.py,driver,56,"['/imu', '/rosout']"
1681490299.7232778,59026,1681490299,722267627,,2,/imu_driver,Current time 1681490299 716902256,driver.py,driver,56,"['/imu', '/rosout']"
1681490299.7456696,59027,1681490299,744515657,,2,/imu_driver,Current time 1681490299 741222381,driver.py,driver,56,"['/imu', '/rosout']"
1681490299.7678392,59028,1681490299,767349004,,2,/imu_driver,Current time 1681490299 765998363,driver.py,driver,56,"['/imu', '/rosout']"
1681490299.7941017,59029,1681490299,793696403,,2,/imu_driver,Current time 1681490299 792362451,driver.py,driver,56,"['/imu', '/rosout']"
1681490299.8174205,59030,1681490299,817098140,,2,/imu_driver,Current time 1681490299 816159248,driver.py,driver,56,"['/imu', '/rosout']"
1681490299.842609,59031,1681490299,842235088,,2,/imu_driver,Current time 1681490299 841160774,driver.py,driver,56,"['/imu', '/rosout']"
1681490299.8672767,59032,1681490299,866970539,,2,/imu_driver,Current time 1681490299 865951538,driver.py,driver,56,"['/imu', '/rosout']"
1681490299.8974786,59033,1681490299,897044897,,2,/imu_driver,Current time 1681490299 891139745,driver.py,driver,56,"['/imu', '/rosout']"
1681490299.9173307,59034,1681490299,916949033,,2,/imu_driver,Current time 1681490299 915919542,driver.py,driver,56,"['/imu', '/rosout']"
1681490299.9422112,59035,1681490299,941857814,,2,/imu_driver,Current time 1681490299 940933227,driver.py,driver,56,"['/imu', '/rosout']"
1681490299.9672241,59036,1681490299,966974258,,2,/imu_driver,Current time 1681490299 965949296,driver.py,driver,56,"['/imu', '/rosout']"
1681490299.9924495,59037,1681490299,991761207,,2,/imu_driver,Current time 1681490299 990795612,driver.py,driver,56,"['/imu', '/rosout']"
1681490300.017125,59038,1681490300,16872167,,2,/imu_driver,Current time 1681490300 15779495,driver.py,driver,56,"['/imu', '/rosout']"
1681490300.0426896,59039,1681490300,42223930,,2,/imu_driver,Current time 1681490300 40839433,driver.py,driver,56,"['/imu', '/rosout']"
1681490300.0679212,59040,1681490300,67724466,,2,/imu_driver,Current time 1681490300 65974235,driver.py,driver,56,"['/imu', '/rosout']"
1681490300.0920699,59041,1681490300,91848850,,2,/imu_driver,Current time 1681490300 90737104,driver.py,driver,56,"['/imu', '/rosout']"
1681490300.1173263,59042,1681490300,117106199,,2,/imu_driver,Current time 1681490300 116006851,driver.py,driver,56,"['/imu', '/rosout']"
1681490300.142798,59043,1681490300,142559051,,2,/imu_driver,Current time 1681490300 141050577,driver.py,driver,56,"['/imu', '/rosout']"
1681490300.1670432,59044,1681490300,166851043,,2,/imu_driver,Current time 1681490300 165758609,driver.py,driver,56,"['/imu', '/rosout']"
1681490300.1929817,59045,1681490300,192701101,,2,/imu_driver,Current time 1681490300 191123485,driver.py,driver,56,"['/imu', '/rosout']"
1681490300.2171392,59046,1681490300,216788530,,2,/imu_driver,Current time 1681490300 215807914,driver.py,driver,56,"['/imu', '/rosout']"
1681490300.2423866,59047,1681490300,241777896,,2,/imu_driver,Current time 1681490300 240818977,driver.py,driver,56,"['/imu', '/rosout']"
1681490300.2677803,59048,1681490300,266886234,,2,/imu_driver,Current time 1681490300 265784740,driver.py,driver,56,"['/imu', '/rosout']"
1681490300.2921228,59049,1681490300,291858673,,2,/imu_driver,Current time 1681490300 290600299,driver.py,driver,56,"['/imu', '/rosout']"
1681490300.3172216,59050,1681490300,316952228,,2,/imu_driver,Current time 1681490300 315716028,driver.py,driver,56,"['/imu', '/rosout']"
1681490300.342972,59051,1681490300,342566728,,2,/imu_driver,Current time 1681490300 341110467,driver.py,driver,56,"['/imu', '/rosout']"
1681490300.3669958,59052,1681490300,366757392,,2,/imu_driver,Current time 1681490300 365626811,driver.py,driver,56,"['/imu', '/rosout']"
1681490300.3929884,59053,1681490300,392721414,,2,/imu_driver,Current time 1681490300 391275882,driver.py,driver,56,"['/imu', '/rosout']"
1681490300.4177577,59054,1681490300,417495489,,2,/imu_driver,Current time 1681490300 416472673,driver.py,driver,56,"['/imu', '/rosout']"
1681490300.4420624,59055,1681490300,441762924,,2,/imu_driver,Current time 1681490300 440585136,driver.py,driver,56,"['/imu', '/rosout']"
1681490300.4677417,59056,1681490300,467495918,,2,/imu_driver,Current time 1681490300 466535568,driver.py,driver,56,"['/imu', '/rosout']"
1681490300.491879,59057,1681490300,491659879,,2,/imu_driver,Current time 1681490300 490645170,driver.py,driver,56,"['/imu', '/rosout']"
1681490300.51815,59058,1681490300,517705678,,2,/imu_driver,Current time 1681490300 516535758,driver.py,driver,56,"['/imu', '/rosout']"
1681490300.5437732,59059,1681490300,542880058,,2,/imu_driver,Current time 1681490300 541456222,driver.py,driver,56,"['/imu', '/rosout']"
1681490300.5682173,59060,1681490300,567576169,,2,/imu_driver,Current time 1681490300 566524982,driver.py,driver,56,"['/imu', '/rosout']"
1681490300.593209,59061,1681490300,592529296,,2,/imu_driver,Current time 1681490300 591532945,driver.py,driver,56,"['/imu', '/rosout']"
1681490300.6176233,59062,1681490300,617442369,,2,/imu_driver,Current time 1681490300 616462707,driver.py,driver,56,"['/imu', '/rosout']"
1681490300.6428308,59063,1681490300,642574787,,2,/imu_driver,Current time 1681490300 641376495,driver.py,driver,56,"['/imu', '/rosout']"
1681490300.6679366,59064,1681490300,667651653,,2,/imu_driver,Current time 1681490300 666422367,driver.py,driver,56,"['/imu', '/rosout']"
1681490300.6934593,59065,1681490300,693046092,,2,/imu_driver,Current time 1681490300 691450834,driver.py,driver,56,"['/imu', '/rosout']"
1681490300.719027,59066,1681490300,717571496,,2,/imu_driver,Current time 1681490300 716434001,driver.py,driver,56,"['/imu', '/rosout']"
1681490300.7434971,59067,1681490300,742487668,,2,/imu_driver,Current time 1681490300 741318225,driver.py,driver,56,"['/imu', '/rosout']"
1681490300.767514,59068,1681490300,767284154,,2,/imu_driver,Current time 1681490300 766363859,driver.py,driver,56,"['/imu', '/rosout']"
1681490300.7953358,59069,1681490300,795072555,,2,/imu_driver,Current time 1681490300 793817281,driver.py,driver,56,"['/imu', '/rosout']"
1681490300.8174202,59070,1681490300,817265033,,2,/imu_driver,Current time 1681490300 816296100,driver.py,driver,56,"['/imu', '/rosout']"
1681490300.8425193,59071,1681490300,842275142,,2,/imu_driver,Current time 1681490300 841308593,driver.py,driver,56,"['/imu', '/rosout']"
1681490300.867454,59072,1681490300,867274761,,2,/imu_driver,Current time 1681490300 866258382,driver.py,driver,56,"['/imu', '/rosout']"
1681490300.8924434,59073,1681490300,892319679,,2,/imu_driver,Current time 1681490300 891363382,driver.py,driver,56,"['/imu', '/rosout']"
1681490300.9175265,59074,1681490300,917216300,,2,/imu_driver,Current time 1681490300 916198253,driver.py,driver,56,"['/imu', '/rosout']"
1681490300.9426894,59075,1681490300,942487955,,2,/imu_driver,Current time 1681490300 941199779,driver.py,driver,56,"['/imu', '/rosout']"
1681490300.9672966,59076,1681490300,967066049,,2,/imu_driver,Current time 1681490300 966170787,driver.py,driver,56,"['/imu', '/rosout']"
1681490300.9923005,59077,1681490300,992117643,,2,/imu_driver,Current time 1681490300 991128206,driver.py,driver,56,"['/imu', '/rosout']"
1681490301.017608,59078,1681490301,17372131,,2,/imu_driver,Current time 1681490301 16281127,driver.py,driver,56,"['/imu', '/rosout']"
1681490301.0452862,59079,1681490301,44473171,,2,/imu_driver,Current time 1681490301 43293714,driver.py,driver,56,"['/imu', '/rosout']"
1681490301.0674882,59080,1681490301,67267179,,2,/imu_driver,Current time 1681490301 66279649,driver.py,driver,56,"['/imu', '/rosout']"
1681490301.0922525,59081,1681490301,91986894,,2,/imu_driver,Current time 1681490301 91043949,driver.py,driver,56,"['/imu', '/rosout']"
1681490301.117269,59082,1681490301,117046833,,2,/imu_driver,Current time 1681490301 115982055,driver.py,driver,56,"['/imu', '/rosout']"
1681490301.142415,59083,1681490301,142109632,,2,/imu_driver,Current time 1681490301 141157627,driver.py,driver,56,"['/imu', '/rosout']"
1681490301.1679804,59084,1681490301,167225122,,2,/imu_driver,Current time 1681490301 166108131,driver.py,driver,56,"['/imu', '/rosout']"
1681490301.1932852,59085,1681490301,192945003,,2,/imu_driver,Current time 1681490301 191258907,driver.py,driver,56,"['/imu', '/rosout']"
1681490301.2171636,59086,1681490301,217012643,,2,/imu_driver,Current time 1681490301 216101646,driver.py,driver,56,"['/imu', '/rosout']"
1681490301.2425134,59087,1681490301,241796255,,2,/imu_driver,Current time 1681490301 240894794,driver.py,driver,56,"['/imu', '/rosout']"
1681490301.2670696,59088,1681490301,266801118,,2,/imu_driver,Current time 1681490301 265854120,driver.py,driver,56,"['/imu', '/rosout']"
1681490301.2934606,59089,1681490301,292452335,,2,/imu_driver,Current time 1681490301 290981769,driver.py,driver,56,"['/imu', '/rosout']"
1681490301.318197,59090,1681490301,317085504,,2,/imu_driver,Current time 1681490301 316002845,driver.py,driver,56,"['/imu', '/rosout']"
1681490301.3428166,59091,1681490301,342170715,,2,/imu_driver,Current time 1681490301 340872049,driver.py,driver,56,"['/imu', '/rosout']"
1681490301.3705723,59092,1681490301,368427038,,2,/imu_driver,Current time 1681490301 366208553,driver.py,driver,56,"['/imu', '/rosout']"
1681490301.392399,59093,1681490301,391949653,,2,/imu_driver,Current time 1681490301 390940189,driver.py,driver,56,"['/imu', '/rosout']"
1681490301.4175897,59094,1681490301,416997432,,2,/imu_driver,Current time 1681490301 415946722,driver.py,driver,56,"['/imu', '/rosout']"
1681490301.4424846,59095,1681490301,442183971,,2,/imu_driver,Current time 1681490301 440856695,driver.py,driver,56,"['/imu', '/rosout']"
1681490301.468183,59096,1681490301,467322349,,2,/imu_driver,Current time 1681490301 465918779,driver.py,driver,56,"['/imu', '/rosout']"
1681490301.4924948,59097,1681490301,491914987,,2,/imu_driver,Current time 1681490301 490826606,driver.py,driver,56,"['/imu', '/rosout']"
1681490301.5177517,59098,1681490301,517120361,,2,/imu_driver,Current time 1681490301 516009330,driver.py,driver,56,"['/imu', '/rosout']"
1681490301.545067,59099,1681490301,542128086,,2,/imu_driver,Current time 1681490301 540772199,driver.py,driver,56,"['/imu', '/rosout']"
1681490301.5671477,59100,1681490301,566855430,,2,/imu_driver,Current time 1681490301 565874576,driver.py,driver,56,"['/imu', '/rosout']"
1681490301.5919247,59101,1681490301,591684341,,2,/imu_driver,Current time 1681490301 590710163,driver.py,driver,56,"['/imu', '/rosout']"
1681490301.6178286,59102,1681490301,617651700,,2,/imu_driver,Current time 1681490301 616644382,driver.py,driver,56,"['/imu', '/rosout']"
1681490301.6416655,59103,1681490301,641518592,,2,/imu_driver,Current time 1681490301 640583515,driver.py,driver,56,"['/imu', '/rosout']"
1681490301.6685915,59104,1681490301,667721033,,2,/imu_driver,Current time 1681490301 666568756,driver.py,driver,56,"['/imu', '/rosout']"
1681490301.6919677,59105,1681490301,691709995,,2,/imu_driver,Current time 1681490301 690563678,driver.py,driver,56,"['/imu', '/rosout']"
1681490301.717014,59106,1681490301,716794729,,2,/imu_driver,Current time 1681490301 715630054,driver.py,driver,56,"['/imu', '/rosout']"
1681490301.7427218,59107,1681490301,742524862,,2,/imu_driver,Current time 1681490301 741609334,driver.py,driver,56,"['/imu', '/rosout']"
1681490301.7675493,59108,1681490301,767352104,,2,/imu_driver,Current time 1681490301 766389846,driver.py,driver,56,"['/imu', '/rosout']"
1681490301.792417,59109,1681490301,791911125,,2,/imu_driver,Current time 1681490301 790626049,driver.py,driver,56,"['/imu', '/rosout']"
1681490301.8184087,59110,1681490301,817523241,,2,/imu_driver,Current time 1681490301 815950870,driver.py,driver,56,"['/imu', '/rosout']"
1681490301.8454351,59111,1681490301,845176935,,2,/imu_driver,Current time 1681490301 841784000,driver.py,driver,56,"['/imu', '/rosout']"
1681490301.8679147,59112,1681490301,867639780,,2,/imu_driver,Current time 1681490301 866449832,driver.py,driver,56,"['/imu', '/rosout']"
1681490301.8928084,59113,1681490301,892593383,,2,/imu_driver,Current time 1681490301 891443967,driver.py,driver,56,"['/imu', '/rosout']"
1681490301.9178185,59114,1681490301,917646408,,2,/imu_driver,Current time 1681490301 916533946,driver.py,driver,56,"['/imu', '/rosout']"
1681490301.943879,59115,1681490301,943058013,,2,/imu_driver,Current time 1681490301 941498517,driver.py,driver,56,"['/imu', '/rosout']"
1681490301.9683554,59116,1681490301,967628002,,2,/imu_driver,Current time 1681490301 966445684,driver.py,driver,56,"['/imu', '/rosout']"
1681490301.992863,59117,1681490301,992418766,,2,/imu_driver,Current time 1681490301 991414785,driver.py,driver,56,"['/imu', '/rosout']"
1681490302.0180438,59118,1681490302,17365932,,2,/imu_driver,Current time 1681490302 16245365,driver.py,driver,56,"['/imu', '/rosout']"
1681490302.0427604,59119,1681490302,42540073,,2,/imu_driver,Current time 1681490302 41467905,driver.py,driver,56,"['/imu', '/rosout']"
1681490302.0681155,59120,1681490302,67400455,,2,/imu_driver,Current time 1681490302 66363096,driver.py,driver,56,"['/imu', '/rosout']"
1681490302.0933237,59121,1681490302,92401266,,2,/imu_driver,Current time 1681490302 91246366,driver.py,driver,56,"['/imu', '/rosout']"
1681490302.117925,59122,1681490302,117329120,,2,/imu_driver,Current time 1681490302 116208791,driver.py,driver,56,"['/imu', '/rosout']"
1681490302.142817,59123,1681490302,142341375,,2,/imu_driver,Current time 1681490302 141284942,driver.py,driver,56,"['/imu', '/rosout']"
1681490302.168033,59124,1681490302,167279720,,2,/imu_driver,Current time 1681490302 166084527,driver.py,driver,56,"['/imu', '/rosout']"
1681490302.1933024,59125,1681490302,192557811,,2,/imu_driver,Current time 1681490302 191155433,driver.py,driver,56,"['/imu', '/rosout']"
1681490302.2174556,59126,1681490302,217302560,,2,/imu_driver,Current time 1681490302 216222286,driver.py,driver,56,"['/imu', '/rosout']"
1681490302.242229,59127,1681490302,242065906,,2,/imu_driver,Current time 1681490302 241048097,driver.py,driver,56,"['/imu', '/rosout']"
1681490302.267535,59128,1681490302,267276763,,2,/imu_driver,Current time 1681490302 266251564,driver.py,driver,56,"['/imu', '/rosout']"
1681490302.2930355,59129,1681490302,292850255,,2,/imu_driver,Current time 1681490302 291468620,driver.py,driver,56,"['/imu', '/rosout']"
1681490302.317465,59130,1681490302,317250728,,2,/imu_driver,Current time 1681490302 316195249,driver.py,driver,56,"['/imu', '/rosout']"
1681490302.344097,59131,1681490302,343891859,,2,/imu_driver,Current time 1681490302 341200113,driver.py,driver,56,"['/imu', '/rosout']"
1681490302.3671484,59132,1681490302,367020606,,2,/imu_driver,Current time 1681490302 366053819,driver.py,driver,56,"['/imu', '/rosout']"
1681490302.3926013,59133,1681490302,392418861,,2,/imu_driver,Current time 1681490302 391129970,driver.py,driver,56,"['/imu', '/rosout']"
1681490302.4171548,59134,1681490302,416936635,,2,/imu_driver,Current time 1681490302 415964365,driver.py,driver,56,"['/imu', '/rosout']"
1681490302.4430428,59135,1681490302,442512273,,2,/imu_driver,Current time 1681490302 440992116,driver.py,driver,56,"['/imu', '/rosout']"
1681490302.4676392,59136,1681490302,467113971,,2,/imu_driver,Current time 1681490302 466063976,driver.py,driver,56,"['/imu', '/rosout']"
1681490302.4925106,59137,1681490302,491971254,,2,/imu_driver,Current time 1681490302 490978240,driver.py,driver,56,"['/imu', '/rosout']"
1681490302.5178866,59138,1681490302,517062664,,2,/imu_driver,Current time 1681490302 515994548,driver.py,driver,56,"['/imu', '/rosout']"
1681490302.5431004,59139,1681490302,542257308,,2,/imu_driver,Current time 1681490302 540873050,driver.py,driver,56,"['/imu', '/rosout']"
1681490302.56745,59140,1681490302,567201137,,2,/imu_driver,Current time 1681490302 565900802,driver.py,driver,56,"['/imu', '/rosout']"
1681490302.5939133,59141,1681490302,593662738,,2,/imu_driver,Current time 1681490302 590818405,driver.py,driver,56,"['/imu', '/rosout']"
1681490302.6171882,59142,1681490302,617012500,,2,/imu_driver,Current time 1681490302 615936517,driver.py,driver,56,"['/imu', '/rosout']"
1681490302.6421204,59143,1681490302,641942262,,2,/imu_driver,Current time 1681490302 640970706,driver.py,driver,56,"['/imu', '/rosout']"
1681490302.6674767,59144,1681490302,666850328,,2,/imu_driver,Current time 1681490302 665768384,driver.py,driver,56,"['/imu', '/rosout']"
1681490302.6934054,59145,1681490302,692328214,,2,/imu_driver,Current time 1681490302 690750360,driver.py,driver,56,"['/imu', '/rosout']"
1681490302.7178621,59146,1681490302,716966867,,2,/imu_driver,Current time 1681490302 715653419,driver.py,driver,56,"['/imu', '/rosout']"
1681490302.7422712,59147,1681490302,741816282,,2,/imu_driver,Current time 1681490302 740793943,driver.py,driver,56,"['/imu', '/rosout']"
1681490302.7668931,59148,1681490302,766682863,,2,/imu_driver,Current time 1681490302 765658855,driver.py,driver,56,"['/imu', '/rosout']"
1681490302.795278,59149,1681490302,792559623,,2,/imu_driver,Current time 1681490302 791225910,driver.py,driver,56,"['/imu', '/rosout']"
1681490302.8182142,59150,1681490302,817789554,,2,/imu_driver,Current time 1681490302 816660404,driver.py,driver,56,"['/imu', '/rosout']"
1681490302.8453202,59151,1681490302,841861486,,2,/imu_driver,Current time 1681490302 840721368,driver.py,driver,56,"['/imu', '/rosout']"
1681490302.867815,59152,1681490302,867563486,,2,/imu_driver,Current time 1681490302 866615295,driver.py,driver,56,"['/imu', '/rosout']"
1681490302.8922312,59153,1681490302,891610383,,2,/imu_driver,Current time 1681490302 890689373,driver.py,driver,56,"['/imu', '/rosout']"
1681490302.9187686,59154,1681490302,917953729,,2,/imu_driver,Current time 1681490302 916587352,driver.py,driver,56,"['/imu', '/rosout']"
1681490302.9467754,59155,1681490302,946277618,,2,/imu_driver,Current time 1681490302 944757699,driver.py,driver,56,"['/imu', '/rosout']"
1681490302.9684212,59156,1681490302,967745304,,2,/imu_driver,Current time 1681490302 966549158,driver.py,driver,56,"['/imu', '/rosout']"
1681490302.9932458,59157,1681490302,992731571,,2,/imu_driver,Current time 1681490302 991492271,driver.py,driver,56,"['/imu', '/rosout']"
1681490303.0182583,59158,1681490303,17575740,,2,/imu_driver,Current time 1681490303 16561269,driver.py,driver,56,"['/imu', '/rosout']"
1681490303.04322,59159,1681490303,42849779,,2,/imu_driver,Current time 1681490303 41481971,driver.py,driver,56,"['/imu', '/rosout']"
1681490303.0679536,59160,1681490303,67606925,,2,/imu_driver,Current time 1681490303 66516160,driver.py,driver,56,"['/imu', '/rosout']"
1681490303.0928073,59161,1681490303,92487335,,2,/imu_driver,Current time 1681490303 91393947,driver.py,driver,56,"['/imu', '/rosout']"
1681490303.1181428,59162,1681490303,117692232,,2,/imu_driver,Current time 1681490303 116479635,driver.py,driver,56,"['/imu', '/rosout']"
1681490303.1428587,59163,1681490303,142544984,,2,/imu_driver,Current time 1681490303 141494035,driver.py,driver,56,"['/imu', '/rosout']"
1681490303.16807,59164,1681490303,167440176,,2,/imu_driver,Current time 1681490303 166288137,driver.py,driver,56,"['/imu', '/rosout']"
1681490303.1934755,59165,1681490303,193105936,,2,/imu_driver,Current time 1681490303 191714763,driver.py,driver,56,"['/imu', '/rosout']"
1681490303.2180533,59166,1681490303,217492580,,2,/imu_driver,Current time 1681490303 216356515,driver.py,driver,56,"['/imu', '/rosout']"
1681490303.2429583,59167,1681490303,242321491,,2,/imu_driver,Current time 1681490303 241365432,driver.py,driver,56,"['/imu', '/rosout']"
1681490303.2676466,59168,1681490303,267373085,,2,/imu_driver,Current time 1681490303 266303300,driver.py,driver,56,"['/imu', '/rosout']"
1681490303.2925606,59169,1681490303,292385816,,2,/imu_driver,Current time 1681490303 291191577,driver.py,driver,56,"['/imu', '/rosout']"
1681490303.3175714,59170,1681490303,317366123,,2,/imu_driver,Current time 1681490303 316287279,driver.py,driver,56,"['/imu', '/rosout']"
1681490303.3428757,59171,1681490303,342601776,,2,/imu_driver,Current time 1681490303 341355562,driver.py,driver,56,"['/imu', '/rosout']"
1681490303.3692837,59172,1681490303,368013381,,2,/imu_driver,Current time 1681490303 366248130,driver.py,driver,56,"['/imu', '/rosout']"
1681490303.393523,59173,1681490303,392926931,,2,/imu_driver,Current time 1681490303 391401767,driver.py,driver,56,"['/imu', '/rosout']"
1681490303.417685,59174,1681490303,417092084,,2,/imu_driver,Current time 1681490303 416164398,driver.py,driver,56,"['/imu', '/rosout']"
1681490303.4442143,59175,1681490303,443899393,,2,/imu_driver,Current time 1681490303 441210269,driver.py,driver,56,"['/imu', '/rosout']"
1681490303.4673443,59176,1681490303,467129945,,2,/imu_driver,Current time 1681490303 466126918,driver.py,driver,56,"['/imu', '/rosout']"
1681490303.4926097,59177,1681490303,492189168,,2,/imu_driver,Current time 1681490303 491051673,driver.py,driver,56,"['/imu', '/rosout']"
1681490303.5174482,59178,1681490303,517234325,,2,/imu_driver,Current time 1681490303 516216278,driver.py,driver,56,"['/imu', '/rosout']"
1681490303.542684,59179,1681490303,542138099,,2,/imu_driver,Current time 1681490303 541054010,driver.py,driver,56,"['/imu', '/rosout']"
1681490303.5674999,59180,1681490303,567316055,,2,/imu_driver,Current time 1681490303 566175699,driver.py,driver,56,"['/imu', '/rosout']"
1681490303.5942144,59181,1681490303,592727899,,2,/imu_driver,Current time 1681490303 591058969,driver.py,driver,56,"['/imu', '/rosout']"
1681490303.6181984,59182,1681490303,617559432,,2,/imu_driver,Current time 1681490303 616106033,driver.py,driver,56,"['/imu', '/rosout']"
1681490303.643178,59183,1681490303,642323017,,2,/imu_driver,Current time 1681490303 641189336,driver.py,driver,56,"['/imu', '/rosout']"
1681490303.6675785,59184,1681490303,666935205,,2,/imu_driver,Current time 1681490303 665894031,driver.py,driver,56,"['/imu', '/rosout']"
1681490303.6948304,59185,1681490303,693307399,,2,/imu_driver,Current time 1681490303 691835880,driver.py,driver,56,"['/imu', '/rosout']"
1681490303.7174318,59186,1681490303,717070102,,2,/imu_driver,Current time 1681490303 715943336,driver.py,driver,56,"['/imu', '/rosout']"
1681490303.7433822,59187,1681490303,742955207,,2,/imu_driver,Current time 1681490303 741246223,driver.py,driver,56,"['/imu', '/rosout']"
1681490303.767288,59188,1681490303,766924858,,2,/imu_driver,Current time 1681490303 765862464,driver.py,driver,56,"['/imu', '/rosout']"
1681490303.79248,59189,1681490303,792112588,,2,/imu_driver,Current time 1681490303 790935516,driver.py,driver,56,"['/imu', '/rosout']"
1681490303.817586,59190,1681490303,817195892,,2,/imu_driver,Current time 1681490303 815961360,driver.py,driver,56,"['/imu', '/rosout']"
1681490303.8455157,59191,1681490303,845217466,,2,/imu_driver,Current time 1681490303 843940258,driver.py,driver,56,"['/imu', '/rosout']"
1681490303.8677385,59192,1681490303,866915702,,2,/imu_driver,Current time 1681490303 865730524,driver.py,driver,56,"['/imu', '/rosout']"
1681490303.8921652,59193,1681490303,891854763,,2,/imu_driver,Current time 1681490303 890934467,driver.py,driver,56,"['/imu', '/rosout']"
1681490303.917432,59194,1681490303,916929721,,2,/imu_driver,Current time 1681490303 915875434,driver.py,driver,56,"['/imu', '/rosout']"
1681490303.9439955,59195,1681490303,942271232,,2,/imu_driver,Current time 1681490303 940702915,driver.py,driver,56,"['/imu', '/rosout']"
1681490303.9727187,59196,1681490303,969211816,,2,/imu_driver,Current time 1681490303 966250181,driver.py,driver,56,"['/imu', '/rosout']"
1681490303.992945,59197,1681490303,992299556,,2,/imu_driver,Current time 1681490303 991095066,driver.py,driver,56,"['/imu', '/rosout']"
1681490304.0181184,59198,1681490304,17748117,,2,/imu_driver,Current time 1681490304 16733884,driver.py,driver,56,"['/imu', '/rosout']"
1681490304.0421205,59199,1681490304,41810035,,2,/imu_driver,Current time 1681490304 40756702,driver.py,driver,56,"['/imu', '/rosout']"
1681490304.0758147,59200,1681490304,74765920,,2,/imu_driver,Current time 1681490304 67825078,driver.py,driver,56,"['/imu', '/rosout']"
1681490304.0932798,59201,1681490304,92521190,,2,/imu_driver,Current time 1681490304 90978384,driver.py,driver,56,"['/imu', '/rosout']"
1681490304.1188083,59202,1681490304,118117809,,2,/imu_driver,Current time 1681490304 116969108,driver.py,driver,56,"['/imu', '/rosout']"
1681490304.143628,59203,1681490304,142723321,,2,/imu_driver,Current time 1681490304 141663074,driver.py,driver,56,"['/imu', '/rosout']"
1681490304.1686172,59204,1681490304,167971372,,2,/imu_driver,Current time 1681490304 166789531,driver.py,driver,56,"['/imu', '/rosout']"
1681490304.1936054,59205,1681490304,192974090,,2,/imu_driver,Current time 1681490304 191636562,driver.py,driver,56,"['/imu', '/rosout']"
1681490304.2181752,59206,1681490304,217628240,,2,/imu_driver,Current time 1681490304 216596364,driver.py,driver,56,"['/imu', '/rosout']"
1681490304.2431936,59207,1681490304,242536544,,2,/imu_driver,Current time 1681490304 241527318,driver.py,driver,56,"['/imu', '/rosout']"
1681490304.2683768,59208,1681490304,267932653,,2,/imu_driver,Current time 1681490304 266613245,driver.py,driver,56,"['/imu', '/rosout']"
1681490304.2930503,59209,1681490304,292680501,,2,/imu_driver,Current time 1681490304 291557550,driver.py,driver,56,"['/imu', '/rosout']"
1681490304.3179634,59210,1681490304,317600250,,2,/imu_driver,Current time 1681490304 316498756,driver.py,driver,56,"['/imu', '/rosout']"
1681490304.3436944,59211,1681490304,342938184,,2,/imu_driver,Current time 1681490304 341487407,driver.py,driver,56,"['/imu', '/rosout']"
1681490304.3679216,59212,1681490304,367596387,,2,/imu_driver,Current time 1681490304 366495132,driver.py,driver,56,"['/imu', '/rosout']"
1681490304.3929973,59213,1681490304,392639398,,2,/imu_driver,Current time 1681490304 391447305,driver.py,driver,56,"['/imu', '/rosout']"
1681490304.4202507,59214,1681490304,417582988,,2,/imu_driver,Current time 1681490304 416394710,driver.py,driver,56,"['/imu', '/rosout']"
1681490304.443244,59215,1681490304,442764520,,2,/imu_driver,Current time 1681490304 441378831,driver.py,driver,56,"['/imu', '/rosout']"
1681490304.467904,59216,1681490304,467411518,,2,/imu_driver,Current time 1681490304 466320276,driver.py,driver,56,"['/imu', '/rosout']"
1681490304.4931338,59217,1681490304,492668390,,2,/imu_driver,Current time 1681490304 491496086,driver.py,driver,56,"['/imu', '/rosout']"
1681490304.5178883,59218,1681490304,517379999,,2,/imu_driver,Current time 1681490304 516247510,driver.py,driver,56,"['/imu', '/rosout']"
1681490304.5429838,59219,1681490304,542456626,,2,/imu_driver,Current time 1681490304 541452646,driver.py,driver,56,"['/imu', '/rosout']"
1681490304.568341,59220,1681490304,567355394,,2,/imu_driver,Current time 1681490304 566161394,driver.py,driver,56,"['/imu', '/rosout']"
1681490304.593732,59221,1681490304,593026876,,2,/imu_driver,Current time 1681490304 591511726,driver.py,driver,56,"['/imu', '/rosout']"
1681490304.617928,59222,1681490304,617525100,,2,/imu_driver,Current time 1681490304 616219997,driver.py,driver,56,"['/imu', '/rosout']"
1681490304.642731,59223,1681490304,642406463,,2,/imu_driver,Current time 1681490304 641273498,driver.py,driver,56,"['/imu', '/rosout']"
1681490304.6677737,59224,1681490304,667300939,,2,/imu_driver,Current time 1681490304 666179895,driver.py,driver,56,"['/imu', '/rosout']"
1681490304.6931505,59225,1681490304,692755699,,2,/imu_driver,Current time 1681490304 691168308,driver.py,driver,56,"['/imu', '/rosout']"
1681490304.717974,59226,1681490304,717347145,,2,/imu_driver,Current time 1681490304 716164350,driver.py,driver,56,"['/imu', '/rosout']"
1681490304.7434566,59227,1681490304,742469310,,2,/imu_driver,Current time 1681490304 741228580,driver.py,driver,56,"['/imu', '/rosout']"
1681490304.7684531,59228,1681490304,767711400,,2,/imu_driver,Current time 1681490304 766560316,driver.py,driver,56,"['/imu', '/rosout']"
1681490304.7927783,59229,1681490304,792341232,,2,/imu_driver,Current time 1681490304 791281938,driver.py,driver,56,"['/imu', '/rosout']"
1681490304.8180504,59230,1681490304,817262649,,2,/imu_driver,Current time 1681490304 816131591,driver.py,driver,56,"['/imu', '/rosout']"
1681490304.8433964,59231,1681490304,842509984,,2,/imu_driver,Current time 1681490304 841186046,driver.py,driver,56,"['/imu', '/rosout']"
1681490304.867386,59232,1681490304,867145299,,2,/imu_driver,Current time 1681490304 865993261,driver.py,driver,56,"['/imu', '/rosout']"
1681490304.8927622,59233,1681490304,892044305,,2,/imu_driver,Current time 1681490304 891089677,driver.py,driver,56,"['/imu', '/rosout']"
1681490304.918173,59234,1681490304,917234420,,2,/imu_driver,Current time 1681490304 916128396,driver.py,driver,56,"['/imu', '/rosout']"
1681490304.9465554,59235,1681490304,942610740,,2,/imu_driver,Current time 1681490304 941071033,driver.py,driver,56,"['/imu', '/rosout']"
1681490304.9673746,59236,1681490304,967107057,,2,/imu_driver,Current time 1681490304 966024637,driver.py,driver,56,"['/imu', '/rosout']"
1681490304.9929402,59237,1681490304,992238998,,2,/imu_driver,Current time 1681490304 991050004,driver.py,driver,56,"['/imu', '/rosout']"
1681490305.0173092,59238,1681490305,16995668,,2,/imu_driver,Current time 1681490305 16023159,driver.py,driver,56,"['/imu', '/rosout']"
1681490305.0423157,59239,1681490305,41821479,,2,/imu_driver,Current time 1681490305 40906906,driver.py,driver,56,"['/imu', '/rosout']"
1681490305.0675378,59240,1681490305,66939353,,2,/imu_driver,Current time 1681490305 65918207,driver.py,driver,56,"['/imu', '/rosout']"
1681490305.0929484,59241,1681490305,92210531,,2,/imu_driver,Current time 1681490305 90910911,driver.py,driver,56,"['/imu', '/rosout']"
1681490305.1180196,59242,1681490305,117301702,,2,/imu_driver,Current time 1681490305 115920305,driver.py,driver,56,"['/imu', '/rosout']"
1681490305.1426077,59243,1681490305,142130374,,2,/imu_driver,Current time 1681490305 141090631,driver.py,driver,56,"['/imu', '/rosout']"
1681490305.1677427,59244,1681490305,166854381,,2,/imu_driver,Current time 1681490305 165874004,driver.py,driver,56,"['/imu', '/rosout']"
1681490305.1941266,59245,1681490305,193182706,,2,/imu_driver,Current time 1681490305 191426753,driver.py,driver,56,"['/imu', '/rosout']"
1681490305.2177596,59246,1681490305,217170953,,2,/imu_driver,Current time 1681490305 215865612,driver.py,driver,56,"['/imu', '/rosout']"
1681490305.2429948,59247,1681490305,242252826,,2,/imu_driver,Current time 1681490305 240930318,driver.py,driver,56,"['/imu', '/rosout']"
1681490305.2676299,59248,1681490305,266952753,,2,/imu_driver,Current time 1681490305 265771150,driver.py,driver,56,"['/imu', '/rosout']"
1681490305.2926917,59249,1681490305,292029619,,2,/imu_driver,Current time 1681490305 290907382,driver.py,driver,56,"['/imu', '/rosout']"
1681490305.317834,59250,1681490305,317316293,,2,/imu_driver,Current time 1681490305 315999984,driver.py,driver,56,"['/imu', '/rosout']"
1681490305.345376,59251,1681490305,345070123,,2,/imu_driver,Current time 1681490305 343742609,driver.py,driver,56,"['/imu', '/rosout']"
1681490305.3672338,59252,1681490305,366931915,,2,/imu_driver,Current time 1681490305 365736484,driver.py,driver,56,"['/imu', '/rosout']"
1681490305.391952,59253,1681490305,391694307,,2,/imu_driver,Current time 1681490305 390757083,driver.py,driver,56,"['/imu', '/rosout']"
1681490305.4178588,59254,1681490305,417584419,,2,/imu_driver,Current time 1681490305 416654586,driver.py,driver,56,"['/imu', '/rosout']"
1681490305.442747,59255,1681490305,442324638,,2,/imu_driver,Current time 1681490305 440825939,driver.py,driver,56,"['/imu', '/rosout']"
1681490305.4678314,59256,1681490305,467560291,,2,/imu_driver,Current time 1681490305 466554880,driver.py,driver,56,"['/imu', '/rosout']"
1681490305.4931288,59257,1681490305,492757081,,2,/imu_driver,Current time 1681490305 490508556,driver.py,driver,56,"['/imu', '/rosout']"
1681490305.5182195,59258,1681490305,517520666,,2,/imu_driver,Current time 1681490305 516443252,driver.py,driver,56,"['/imu', '/rosout']"
1681490305.5432909,59259,1681490305,542629718,,2,/imu_driver,Current time 1681490305 541634321,driver.py,driver,56,"['/imu', '/rosout']"
1681490305.5677364,59260,1681490305,567476511,,2,/imu_driver,Current time 1681490305 566379070,driver.py,driver,56,"['/imu', '/rosout']"
1681490305.5939357,59261,1681490305,593508243,,2,/imu_driver,Current time 1681490305 591539382,driver.py,driver,56,"['/imu', '/rosout']"
1681490305.619248,59262,1681490305,618296861,,2,/imu_driver,Current time 1681490305 616573810,driver.py,driver,56,"['/imu', '/rosout']"
1681490305.6430378,59263,1681490305,642482280,,2,/imu_driver,Current time 1681490305 641506910,driver.py,driver,56,"['/imu', '/rosout']"
1681490305.667798,59264,1681490305,667525291,,2,/imu_driver,Current time 1681490305 666536331,driver.py,driver,56,"['/imu', '/rosout']"
1681490305.6928015,59265,1681490305,692563295,,2,/imu_driver,Current time 1681490305 691553831,driver.py,driver,56,"['/imu', '/rosout']"
1681490305.7178338,59266,1681490305,717565536,,2,/imu_driver,Current time 1681490305 716368198,driver.py,driver,56,"['/imu', '/rosout']"
1681490305.7437654,59267,1681490305,743021965,,2,/imu_driver,Current time 1681490305 741538047,driver.py,driver,56,"['/imu', '/rosout']"
1681490305.7683191,59268,1681490305,767597913,,2,/imu_driver,Current time 1681490305 766493082,driver.py,driver,56,"['/imu', '/rosout']"
1681490305.7928534,59269,1681490305,792369365,,2,/imu_driver,Current time 1681490305 791429996,driver.py,driver,56,"['/imu', '/rosout']"
1681490305.8177512,59270,1681490305,817321300,,2,/imu_driver,Current time 1681490305 816277503,driver.py,driver,56,"['/imu', '/rosout']"
1681490305.8432357,59271,1681490305,842632770,,2,/imu_driver,Current time 1681490305 841266155,driver.py,driver,56,"['/imu', '/rosout']"
1681490305.8676658,59272,1681490305,867268562,,2,/imu_driver,Current time 1681490305 866250514,driver.py,driver,56,"['/imu', '/rosout']"
1681490305.8927624,59273,1681490305,892533779,,2,/imu_driver,Current time 1681490305 891387939,driver.py,driver,56,"['/imu', '/rosout']"
1681490305.9179397,59274,1681490305,917430162,,2,/imu_driver,Current time 1681490305 916354656,driver.py,driver,56,"['/imu', '/rosout']"
1681490305.9423873,59275,1681490305,942199945,,2,/imu_driver,Current time 1681490305 941298484,driver.py,driver,56,"['/imu', '/rosout']"
1681490305.9679935,59276,1681490305,967514991,,2,/imu_driver,Current time 1681490305 966397523,driver.py,driver,56,"['/imu', '/rosout']"
1681490305.9931343,59277,1681490305,992877006,,2,/imu_driver,Current time 1681490305 991179943,driver.py,driver,56,"['/imu', '/rosout']"
1681490306.0176208,59278,1681490306,17404079,,2,/imu_driver,Current time 1681490306 16160726,driver.py,driver,56,"['/imu', '/rosout']"
1681490306.042713,59279,1681490306,42433261,,2,/imu_driver,Current time 1681490306 41315317,driver.py,driver,56,"['/imu', '/rosout']"
1681490306.0673454,59280,1681490306,67068338,,2,/imu_driver,Current time 1681490306 66099643,driver.py,driver,56,"['/imu', '/rosout']"
1681490306.092801,59281,1681490306,92538833,,2,/imu_driver,Current time 1681490306 91031074,driver.py,driver,56,"['/imu', '/rosout']"
1681490306.1178207,59282,1681490306,117328166,,2,/imu_driver,Current time 1681490306 116120338,driver.py,driver,56,"['/imu', '/rosout']"
1681490306.142494,59283,1681490306,142022848,,2,/imu_driver,Current time 1681490306 141009330,driver.py,driver,56,"['/imu', '/rosout']"
1681490306.1673927,59284,1681490306,167027950,,2,/imu_driver,Current time 1681490306 165989637,driver.py,driver,56,"['/imu', '/rosout']"
1681490306.1928134,59285,1681490306,192261695,,2,/imu_driver,Current time 1681490306 191185712,driver.py,driver,56,"['/imu', '/rosout']"
1681490306.2177303,59286,1681490306,217185258,,2,/imu_driver,Current time 1681490306 216044902,driver.py,driver,56,"['/imu', '/rosout']"
1681490306.245445,59287,1681490306,244858980,,2,/imu_driver,Current time 1681490306 241047143,driver.py,driver,56,"['/imu', '/rosout']"
1681490306.2675416,59288,1681490306,266995906,,2,/imu_driver,Current time 1681490306 265858411,driver.py,driver,56,"['/imu', '/rosout']"
1681490306.292718,59289,1681490306,292111158,,2,/imu_driver,Current time 1681490306 291062593,driver.py,driver,56,"['/imu', '/rosout']"
1681490306.3176835,59290,1681490306,317373275,,2,/imu_driver,Current time 1681490306 316092014,driver.py,driver,56,"['/imu', '/rosout']"
1681490306.3430662,59291,1681490306,342699289,,2,/imu_driver,Current time 1681490306 341206312,driver.py,driver,56,"['/imu', '/rosout']"
1681490306.368368,59292,1681490306,367676973,,2,/imu_driver,Current time 1681490306 366204738,driver.py,driver,56,"['/imu', '/rosout']"
1681490306.3932033,59293,1681490306,392480850,,2,/imu_driver,Current time 1681490306 391034841,driver.py,driver,56,"['/imu', '/rosout']"
1681490306.4176147,59294,1681490306,417292118,,2,/imu_driver,Current time 1681490306 415943861,driver.py,driver,56,"['/imu', '/rosout']"
1681490306.4420605,59295,1681490306,441832542,,2,/imu_driver,Current time 1681490306 440732955,driver.py,driver,56,"['/imu', '/rosout']"
1681490306.4672565,59296,1681490306,467000722,,2,/imu_driver,Current time 1681490306 465911626,driver.py,driver,56,"['/imu', '/rosout']"
1681490306.4922833,59297,1681490306,491999626,,2,/imu_driver,Current time 1681490306 490798950,driver.py,driver,56,"['/imu', '/rosout']"
1681490306.5179055,59298,1681490306,517665863,,2,/imu_driver,Current time 1681490306 516660213,driver.py,driver,56,"['/imu', '/rosout']"
1681490306.5429113,59299,1681490306,542716979,,2,/imu_driver,Current time 1681490306 541725873,driver.py,driver,56,"['/imu', '/rosout']"
1681490306.56813,59300,1681490306,567602396,,2,/imu_driver,Current time 1681490306 566598176,driver.py,driver,56,"['/imu', '/rosout']"
1681490306.5920079,59301,1681490306,591745615,,2,/imu_driver,Current time 1681490306 590749979,driver.py,driver,56,"['/imu', '/rosout']"
1681490306.6181607,59302,1681490306,617657899,,2,/imu_driver,Current time 1681490306 616581916,driver.py,driver,56,"['/imu', '/rosout']"
1681490306.6427867,59303,1681490306,642104864,,2,/imu_driver,Current time 1681490306 640582561,driver.py,driver,56,"['/imu', '/rosout']"
1681490306.6695406,59304,1681490306,668572902,,2,/imu_driver,Current time 1681490306 666892766,driver.py,driver,56,"['/imu', '/rosout']"
1681490306.6928957,59305,1681490306,692528486,,2,/imu_driver,Current time 1681490306 691450834,driver.py,driver,56,"['/imu', '/rosout']"
1681490306.717749,59306,1681490306,717610359,,2,/imu_driver,Current time 1681490306 716530323,driver.py,driver,56,"['/imu', '/rosout']"
1681490306.7435458,59307,1681490306,742923021,,2,/imu_driver,Current time 1681490306 741497278,driver.py,driver,56,"['/imu', '/rosout']"
1681490306.7683203,59308,1681490306,767410755,,2,/imu_driver,Current time 1681490306 766391038,driver.py,driver,56,"['/imu', '/rosout']"
1681490306.7931924,59309,1681490306,792634487,,2,/imu_driver,Current time 1681490306 791507244,driver.py,driver,56,"['/imu', '/rosout']"
1681490306.8179202,59310,1681490306,817426204,,2,/imu_driver,Current time 1681490306 816462516,driver.py,driver,56,"['/imu', '/rosout']"
1681490306.8428469,59311,1681490306,842423915,,2,/imu_driver,Current time 1681490306 841487646,driver.py,driver,56,"['/imu', '/rosout']"
1681490306.869179,59312,1681490306,868085622,,2,/imu_driver,Current time 1681490306 866572380,driver.py,driver,56,"['/imu', '/rosout']"
1681490306.8959923,59313,1681490306,895398855,,2,/imu_driver,Current time 1681490306 894181489,driver.py,driver,56,"['/imu', '/rosout']"
1681490306.917837,59314,1681490306,917386531,,2,/imu_driver,Current time 1681490306 916454315,driver.py,driver,56,"['/imu', '/rosout']"
1681490306.9430888,59315,1681490306,942566633,,2,/imu_driver,Current time 1681490306 941534519,driver.py,driver,56,"['/imu', '/rosout']"
1681490306.968186,59316,1681490306,967563867,,2,/imu_driver,Current time 1681490306 966446161,driver.py,driver,56,"['/imu', '/rosout']"
1681490306.9963868,59317,1681490306,995748281,,2,/imu_driver,Current time 1681490306 994456052,driver.py,driver,56,"['/imu', '/rosout']"
1681490307.0177941,59318,1681490307,17326116,,2,/imu_driver,Current time 1681490307 16373395,driver.py,driver,56,"['/imu', '/rosout']"
1681490307.0429404,59319,1681490307,42349100,,2,/imu_driver,Current time 1681490307 41330099,driver.py,driver,56,"['/imu', '/rosout']"
1681490307.0679753,59320,1681490307,67340373,,2,/imu_driver,Current time 1681490307 66266775,driver.py,driver,56,"['/imu', '/rosout']"
1681490307.092982,59321,1681490307,92351675,,2,/imu_driver,Current time 1681490307 91283798,driver.py,driver,56,"['/imu', '/rosout']"
1681490307.1182775,59322,1681490307,117733001,,2,/imu_driver,Current time 1681490307 116408348,driver.py,driver,56,"['/imu', '/rosout']"
1681490307.144225,59323,1681490307,143452167,,2,/imu_driver,Current time 1681490307 141973018,driver.py,driver,56,"['/imu', '/rosout']"
1681490307.1679785,59324,1681490307,167425632,,2,/imu_driver,Current time 1681490307 166316986,driver.py,driver,56,"['/imu', '/rosout']"
1681490307.1926243,59325,1681490307,192095756,,2,/imu_driver,Current time 1681490307 191114664,driver.py,driver,56,"['/imu', '/rosout']"
1681490307.217509,59326,1681490307,217305421,,2,/imu_driver,Current time 1681490307 216287851,driver.py,driver,56,"['/imu', '/rosout']"
1681490307.24258,59327,1681490307,242371559,,2,/imu_driver,Current time 1681490307 241167783,driver.py,driver,56,"['/imu', '/rosout']"
1681490307.2675035,59328,1681490307,267303705,,2,/imu_driver,Current time 1681490307 266217231,driver.py,driver,56,"['/imu', '/rosout']"
1681490307.297272,59329,1681490307,296796560,,2,/imu_driver,Current time 1681490307 291795253,driver.py,driver,56,"['/imu', '/rosout']"
1681490307.3174431,59330,1681490307,316834926,,2,/imu_driver,Current time 1681490307 315894126,driver.py,driver,56,"['/imu', '/rosout']"
1681490307.3448157,59331,1681490307,344656705,,2,/imu_driver,Current time 1681490307 343500137,driver.py,driver,56,"['/imu', '/rosout']"
1681490307.3676665,59332,1681490307,367106199,,2,/imu_driver,Current time 1681490307 366039752,driver.py,driver,56,"['/imu', '/rosout']"
1681490307.3937414,59333,1681490307,392073869,,2,/imu_driver,Current time 1681490307 390976905,driver.py,driver,56,"['/imu', '/rosout']"
1681490307.4195056,59334,1681490307,418356418,,2,/imu_driver,Current time 1681490307 416423320,driver.py,driver,56,"['/imu', '/rosout']"
1681490307.4432526,59335,1681490307,442118406,,2,/imu_driver,Current time 1681490307 440975666,driver.py,driver,56,"['/imu', '/rosout']"
1681490307.4676385,59336,1681490307,467145204,,2,/imu_driver,Current time 1681490307 466001749,driver.py,driver,56,"['/imu', '/rosout']"
1681490307.4939566,59337,1681490307,492594003,,2,/imu_driver,Current time 1681490307 491084814,driver.py,driver,56,"['/imu', '/rosout']"
1681490307.5184708,59338,1681490307,517387866,,2,/imu_driver,Current time 1681490307 515956640,driver.py,driver,56,"['/imu', '/rosout']"
1681490307.5427966,59339,1681490307,542197465,,2,/imu_driver,Current time 1681490307 540977001,driver.py,driver,56,"['/imu', '/rosout']"
1681490307.5678422,59340,1681490307,567084312,,2,/imu_driver,Current time 1681490307 565912485,driver.py,driver,56,"['/imu', '/rosout']"
1681490307.5951314,59341,1681490307,592816829,,2,/imu_driver,Current time 1681490307 591088533,driver.py,driver,56,"['/imu', '/rosout']"
1681490307.6178272,59342,1681490307,617020606,,2,/imu_driver,Current time 1681490307 615871906,driver.py,driver,56,"['/imu', '/rosout']"
1681490307.6427603,59343,1681490307,641977310,,2,/imu_driver,Current time 1681490307 640762805,driver.py,driver,56,"['/imu', '/rosout']"
1681490307.6674244,59344,1681490307,666857242,,2,/imu_driver,Current time 1681490307 665853500,driver.py,driver,56,"['/imu', '/rosout']"
1681490307.6921453,59345,1681490307,691729307,,2,/imu_driver,Current time 1681490307 690704345,driver.py,driver,56,"['/imu', '/rosout']"
1681490307.7170215,59346,1681490307,716817140,,2,/imu_driver,Current time 1681490307 715630769,driver.py,driver,56,"['/imu', '/rosout']"
1681490307.7463026,59347,1681490307,746135950,,2,/imu_driver,Current time 1681490307 743159055,driver.py,driver,56,"['/imu', '/rosout']"
1681490307.7680538,59348,1681490307,767669439,,2,/imu_driver,Current time 1681490307 766629934,driver.py,driver,56,"['/imu', '/rosout']"
1681490307.7929099,59349,1681490307,792738199,,2,/imu_driver,Current time 1681490307 791604280,driver.py,driver,56,"['/imu', '/rosout']"
1681490307.8185375,59350,1681490307,818284988,,2,/imu_driver,Current time 1681490307 816839456,driver.py,driver,56,"['/imu', '/rosout']"
1681490307.842309,59351,1681490307,842095613,,2,/imu_driver,Current time 1681490307 840657711,driver.py,driver,56,"['/imu', '/rosout']"
1681490307.8678207,59352,1681490307,867635726,,2,/imu_driver,Current time 1681490307 866486787,driver.py,driver,56,"['/imu', '/rosout']"
1681490307.8947651,59353,1681490307,893826007,,2,/imu_driver,Current time 1681490307 892473936,driver.py,driver,56,"['/imu', '/rosout']"
1681490307.9178336,59354,1681490307,917449235,,2,/imu_driver,Current time 1681490307 916447639,driver.py,driver,56,"['/imu', '/rosout']"
1681490307.9428566,59355,1681490307,942558765,,2,/imu_driver,Current time 1681490307 941580295,driver.py,driver,56,"['/imu', '/rosout']"
1681490307.968113,59356,1681490307,967475652,,2,/imu_driver,Current time 1681490307 966464042,driver.py,driver,56,"['/imu', '/rosout']"
1681490307.993119,59357,1681490307,992783308,,2,/imu_driver,Current time 1681490307 991457700,driver.py,driver,56,"['/imu', '/rosout']"
1681490308.0176673,59358,1681490308,17462491,,2,/imu_driver,Current time 1681490308 16457796,driver.py,driver,56,"['/imu', '/rosout']"
1681490308.0426233,59359,1681490308,42392492,,2,/imu_driver,Current time 1681490308 41455268,driver.py,driver,56,"['/imu', '/rosout']"
1681490308.0681102,59360,1681490308,67543029,,2,/imu_driver,Current time 1681490308 66546201,driver.py,driver,56,"['/imu', '/rosout']"
1681490308.093772,59361,1681490308,93002796,,2,/imu_driver,Current time 1681490308 91567516,driver.py,driver,56,"['/imu', '/rosout']"
1681490308.1181345,59362,1681490308,117515563,,2,/imu_driver,Current time 1681490308 116452455,driver.py,driver,56,"['/imu', '/rosout']"
1681490308.1441455,59363,1681490308,143759012,,2,/imu_driver,Current time 1681490308 142355442,driver.py,driver,56,"['/imu', '/rosout']"
1681490308.1677604,59364,1681490308,167474508,,2,/imu_driver,Current time 1681490308 166429758,driver.py,driver,56,"['/imu', '/rosout']"
1681490308.1928728,59365,1681490308,192395210,,2,/imu_driver,Current time 1681490308 191416978,driver.py,driver,56,"['/imu', '/rosout']"
1681490308.2273188,59366,1681490308,223054170,,2,/imu_driver,Current time 1681490308 219064950,driver.py,driver,56,"['/imu', '/rosout']"
1681490308.2433937,59367,1681490308,242793560,,2,/imu_driver,Current time 1681490308 241310834,driver.py,driver,56,"['/imu', '/rosout']"
1681490308.2677476,59368,1681490308,267391920,,2,/imu_driver,Current time 1681490308 266312599,driver.py,driver,56,"['/imu', '/rosout']"
1681490308.2927165,59369,1681490308,292189121,,2,/imu_driver,Current time 1681490308 291164636,driver.py,driver,56,"['/imu', '/rosout']"
1681490308.3179228,59370,1681490308,317109107,,2,/imu_driver,Current time 1681490308 316049337,driver.py,driver,56,"['/imu', '/rosout']"
1681490308.3427434,59371,1681490308,342474937,,2,/imu_driver,Current time 1681490308 341237545,driver.py,driver,56,"['/imu', '/rosout']"
1681490308.3674915,59372,1681490308,367350816,,2,/imu_driver,Current time 1681490308 366206407,driver.py,driver,56,"['/imu', '/rosout']"
1681490308.3925316,59373,1681490308,392356634,,2,/imu_driver,Current time 1681490308 391170501,driver.py,driver,56,"['/imu', '/rosout']"
1681490308.4173043,59374,1681490308,417174577,,2,/imu_driver,Current time 1681490308 416088581,driver.py,driver,56,"['/imu', '/rosout']"
1681490308.4427361,59375,1681490308,442506313,,2,/imu_driver,Current time 1681490308 441197156,driver.py,driver,56,"['/imu', '/rosout']"
1681490308.4680278,59376,1681490308,467360258,,2,/imu_driver,Current time 1681490308 466192245,driver.py,driver,56,"['/imu', '/rosout']"
1681490308.4956315,59377,1681490308,495436906,,2,/imu_driver,Current time 1681490308 494145631,driver.py,driver,56,"['/imu', '/rosout']"
1681490308.517548,59378,1681490308,517351388,,2,/imu_driver,Current time 1681490308 516082286,driver.py,driver,56,"['/imu', '/rosout']"
1681490308.542221,59379,1681490308,542073249,,2,/imu_driver,Current time 1681490308 541002750,driver.py,driver,56,"['/imu', '/rosout']"
1681490308.5676332,59380,1681490308,567268133,,2,/imu_driver,Current time 1681490308 566165685,driver.py,driver,56,"['/imu', '/rosout']"
1681490308.5930767,59381,1681490308,592515945,,2,/imu_driver,Current time 1681490308 591091632,driver.py,driver,56,"['/imu', '/rosout']"
1681490308.6183484,59382,1681490308,617754936,,2,/imu_driver,Current time 1681490308 616301298,driver.py,driver,56,"['/imu', '/rosout']"
1681490308.6436746,59383,1681490308,642396926,,2,/imu_driver,Current time 1681490308 641058921,driver.py,driver,56,"['/imu', '/rosout']"
1681490308.6685262,59384,1681490308,667648553,,2,/imu_driver,Current time 1681490308 666136264,driver.py,driver,56,"['/imu', '/rosout']"
1681490308.6929874,59385,1681490308,692461252,,2,/imu_driver,Current time 1681490308 691207170,driver.py,driver,56,"['/imu', '/rosout']"
1681490308.717942,59386,1681490308,717279434,,2,/imu_driver,Current time 1681490308 715888977,driver.py,driver,56,"['/imu', '/rosout']"
1681490308.7430751,59387,1681490308,742401838,,2,/imu_driver,Current time 1681490308 741028785,driver.py,driver,56,"['/imu', '/rosout']"
1681490308.7674174,59388,1681490308,766994714,,2,/imu_driver,Current time 1681490308 765979766,driver.py,driver,56,"['/imu', '/rosout']"
1681490308.7921038,59389,1681490308,791637182,,2,/imu_driver,Current time 1681490308 790726184,driver.py,driver,56,"['/imu', '/rosout']"
1681490308.8174677,59390,1681490308,816819906,,2,/imu_driver,Current time 1681490308 815788030,driver.py,driver,56,"['/imu', '/rosout']"
1681490308.842098,59391,1681490308,841859340,,2,/imu_driver,Current time 1681490308 840933322,driver.py,driver,56,"['/imu', '/rosout']"
1681490308.8672783,59392,1681490308,866975069,,2,/imu_driver,Current time 1681490308 865858078,driver.py,driver,56,"['/imu', '/rosout']"
1681490308.8923502,59393,1681490308,892103672,,2,/imu_driver,Current time 1681490308 890826702,driver.py,driver,56,"['/imu', '/rosout']"
1681490308.9170566,59394,1681490308,916917800,,2,/imu_driver,Current time 1681490308 915811777,driver.py,driver,56,"['/imu', '/rosout']"
1681490308.9422138,59395,1681490308,942058563,,2,/imu_driver,Current time 1681490308 941034555,driver.py,driver,56,"['/imu', '/rosout']"
1681490308.9682055,59396,1681490308,967676162,,2,/imu_driver,Current time 1681490308 966647863,driver.py,driver,56,"['/imu', '/rosout']"
1681490308.9932275,59397,1681490308,992437601,,2,/imu_driver,Current time 1681490308 990818738,driver.py,driver,56,"['/imu', '/rosout']"
1681490309.0180125,59398,1681490309,17684459,,2,/imu_driver,Current time 1681490309 16605854,driver.py,driver,56,"['/imu', '/rosout']"
1681490309.0430548,59399,1681490309,42824268,,2,/imu_driver,Current time 1681490309 40606498,driver.py,driver,56,"['/imu', '/rosout']"
1681490309.0678477,59400,1681490309,67587375,,2,/imu_driver,Current time 1681490309 66560983,driver.py,driver,56,"['/imu', '/rosout']"
1681490309.0931067,59401,1681490309,92825412,,2,/imu_driver,Current time 1681490309 91610670,driver.py,driver,56,"['/imu', '/rosout']"
1681490309.1184952,59402,1681490309,118210792,,2,/imu_driver,Current time 1681490309 116836309,driver.py,driver,56,"['/imu', '/rosout']"
1681490309.1461487,59403,1681490309,145831584,,2,/imu_driver,Current time 1681490309 144632816,driver.py,driver,56,"['/imu', '/rosout']"
1681490309.1680503,59404,1681490309,167687416,,2,/imu_driver,Current time 1681490309 166474819,driver.py,driver,56,"['/imu', '/rosout']"
1681490309.192991,59405,1681490309,192453145,,2,/imu_driver,Current time 1681490309 191531419,driver.py,driver,56,"['/imu', '/rosout']"
1681490309.218301,59406,1681490309,217622518,,2,/imu_driver,Current time 1681490309 216565132,driver.py,driver,56,"['/imu', '/rosout']"
1681490309.2455292,59407,1681490309,245181322,,2,/imu_driver,Current time 1681490309 243929862,driver.py,driver,56,"['/imu', '/rosout']"
1681490309.2676482,59408,1681490309,267410516,,2,/imu_driver,Current time 1681490309 266395807,driver.py,driver,56,"['/imu', '/rosout']"
1681490309.2940412,59409,1681490309,293176651,,2,/imu_driver,Current time 1681490309 291472911,driver.py,driver,56,"['/imu', '/rosout']"
1681490309.3181443,59410,1681490309,317662715,,2,/imu_driver,Current time 1681490309 316605329,driver.py,driver,56,"['/imu', '/rosout']"
1681490309.3430529,59411,1681490309,342541933,,2,/imu_driver,Current time 1681490309 341532945,driver.py,driver,56,"['/imu', '/rosout']"
1681490309.3678942,59412,1681490309,367455005,,2,/imu_driver,Current time 1681490309 366488933,driver.py,driver,56,"['/imu', '/rosout']"
1681490309.3932319,59413,1681490309,392701864,,2,/imu_driver,Current time 1681490309 391371011,driver.py,driver,56,"['/imu', '/rosout']"
1681490309.4179242,59414,1681490309,417384624,,2,/imu_driver,Current time 1681490309 416327238,driver.py,driver,56,"['/imu', '/rosout']"
1681490309.4430273,59415,1681490309,442405700,,2,/imu_driver,Current time 1681490309 441255092,driver.py,driver,56,"['/imu', '/rosout']"
1681490309.4681203,59416,1681490309,467534542,,2,/imu_driver,Current time 1681490309 466349124,driver.py,driver,56,"['/imu', '/rosout']"
1681490309.4932923,59417,1681490309,492575883,,2,/imu_driver,Current time 1681490309 491245031,driver.py,driver,56,"['/imu', '/rosout']"
1681490309.5180044,59418,1681490309,517341852,,2,/imu_driver,Current time 1681490309 516246557,driver.py,driver,56,"['/imu', '/rosout']"
1681490309.5434892,59419,1681490309,542439937,,2,/imu_driver,Current time 1681490309 541284799,driver.py,driver,56,"['/imu', '/rosout']"
1681490309.56802,59420,1681490309,567490339,,2,/imu_driver,Current time 1681490309 566347599,driver.py,driver,56,"['/imu', '/rosout']"
1681490309.5925992,59421,1681490309,592354536,,2,/imu_driver,Current time 1681490309 591290473,driver.py,driver,56,"['/imu', '/rosout']"
1681490309.6182916,59422,1681490309,617508172,,2,/imu_driver,Current time 1681490309 616338968,driver.py,driver,56,"['/imu', '/rosout']"
1681490309.6437023,59423,1681490309,642854928,,2,/imu_driver,Current time 1681490309 641531705,driver.py,driver,56,"['/imu', '/rosout']"
1681490309.6681595,59424,1681490309,667237520,,2,/imu_driver,Current time 1681490309 666254997,driver.py,driver,56,"['/imu', '/rosout']"
1681490309.6925733,59425,1681490309,692277669,,2,/imu_driver,Current time 1681490309 691098690,driver.py,driver,56,"['/imu', '/rosout']"
1681490309.7177227,59426,1681490309,717224121,,2,/imu_driver,Current time 1681490309 716207981,driver.py,driver,56,"['/imu', '/rosout']"
1681490309.743125,59427,1681490309,742653846,,2,/imu_driver,Current time 1681490309 741270065,driver.py,driver,56,"['/imu', '/rosout']"
1681490309.7679627,59428,1681490309,767258882,,2,/imu_driver,Current time 1681490309 766185760,driver.py,driver,56,"['/imu', '/rosout']"
1681490309.7933345,59429,1681490309,792699813,,2,/imu_driver,Current time 1681490309 791247844,driver.py,driver,56,"['/imu', '/rosout']"
1681490309.8181949,59430,1681490309,817417144,,2,/imu_driver,Current time 1681490309 816088914,driver.py,driver,56,"['/imu', '/rosout']"
1681490309.8424845,59431,1681490309,842180967,,2,/imu_driver,Current time 1681490309 841079235,driver.py,driver,56,"['/imu', '/rosout']"
1681490309.868011,59432,1681490309,867306947,,2,/imu_driver,Current time 1681490309 866018533,driver.py,driver,56,"['/imu', '/rosout']"
1681490309.8945887,59433,1681490309,893467903,,2,/imu_driver,Current time 1681490309 891808509,driver.py,driver,56,"['/imu', '/rosout']"
1681490309.9181404,59434,1681490309,917399644,,2,/imu_driver,Current time 1681490309 916012525,driver.py,driver,56,"['/imu', '/rosout']"
1681490309.9422998,59435,1681490309,942011594,,2,/imu_driver,Current time 1681490309 941032648,driver.py,driver,56,"['/imu', '/rosout']"
1681490309.966951,59436,1681490309,966702938,,2,/imu_driver,Current time 1681490309 965809345,driver.py,driver,56,"['/imu', '/rosout']"
1681490309.9932911,59437,1681490309,992558956,,2,/imu_driver,Current time 1681490309 990912914,driver.py,driver,56,"['/imu', '/rosout']"
1681490310.0174975,59438,1681490310,17120361,,2,/imu_driver,Current time 1681490310 15982866,driver.py,driver,56,"['/imu', '/rosout']"
1681490310.0425653,59439,1681490310,41977405,,2,/imu_driver,Current time 1681490310 40795564,driver.py,driver,56,"['/imu', '/rosout']"
1681490310.0676067,59440,1681490310,66996812,,2,/imu_driver,Current time 1681490310 65976619,driver.py,driver,56,"['/imu', '/rosout']"
1681490310.0927827,59441,1681490310,91988801,,2,/imu_driver,Current time 1681490310 91021299,driver.py,driver,56,"['/imu', '/rosout']"
1681490310.117439,59442,1681490310,116993188,,2,/imu_driver,Current time 1681490310 115880012,driver.py,driver,56,"['/imu', '/rosout']"
1681490310.1429522,59443,1681490310,142432689,,2,/imu_driver,Current time 1681490310 140840053,driver.py,driver,56,"['/imu', '/rosout']"
1681490310.1675808,59444,1681490310,166996002,,2,/imu_driver,Current time 1681490310 165868520,driver.py,driver,56,"['/imu', '/rosout']"
1681490310.1923301,59445,1681490310,191869497,,2,/imu_driver,Current time 1681490310 190891742,driver.py,driver,56,"['/imu', '/rosout']"
1681490310.2183032,59446,1681490310,218002319,,2,/imu_driver,Current time 1681490310 216919898,driver.py,driver,56,"['/imu', '/rosout']"
1681490310.2425158,59447,1681490310,242185354,,2,/imu_driver,Current time 1681490310 240849494,driver.py,driver,56,"['/imu', '/rosout']"
1681490310.2681763,59448,1681490310,267737150,,2,/imu_driver,Current time 1681490310 266602516,driver.py,driver,56,"['/imu', '/rosout']"
1681490310.2923954,59449,1681490310,292068958,,2,/imu_driver,Current time 1681490310 290664196,driver.py,driver,56,"['/imu', '/rosout']"
1681490310.3183875,59450,1681490310,318094491,,2,/imu_driver,Current time 1681490310 316946744,driver.py,driver,56,"['/imu', '/rosout']"
1681490310.3431726,59451,1681490310,342790365,,2,/imu_driver,Current time 1681490310 341815471,driver.py,driver,56,"['/imu', '/rosout']"
1681490310.3683336,59452,1681490310,367579221,,2,/imu_driver,Current time 1681490310 366553544,driver.py,driver,56,"['/imu', '/rosout']"
1681490310.3935292,59453,1681490310,393212318,,2,/imu_driver,Current time 1681490310 391570091,driver.py,driver,56,"['/imu', '/rosout']"
1681490310.4185438,59454,1681490310,417663335,,2,/imu_driver,Current time 1681490310 416790723,driver.py,driver,56,"['/imu', '/rosout']"
1681490310.4444041,59455,1681490310,442897081,,2,/imu_driver,Current time 1681490310 441640377,driver.py,driver,56,"['/imu', '/rosout']"
1681490310.4680684,59456,1681490310,467672348,,2,/imu_driver,Current time 1681490310 466655492,driver.py,driver,56,"['/imu', '/rosout']"
1681490310.4929433,59457,1681490310,492613792,,2,/imu_driver,Current time 1681490310 491547822,driver.py,driver,56,"['/imu', '/rosout']"
1681490310.5179906,59458,1681490310,517676115,,2,/imu_driver,Current time 1681490310 516757249,driver.py,driver,56,"['/imu', '/rosout']"
1681490310.5457153,59459,1681490310,544967889,,2,/imu_driver,Current time 1681490310 543595314,driver.py,driver,56,"['/imu', '/rosout']"
1681490310.569831,59460,1681490310,567753553,,2,/imu_driver,Current time 1681490310 566589117,driver.py,driver,56,"['/imu', '/rosout']"
1681490310.5930207,59461,1681490310,592468738,,2,/imu_driver,Current time 1681490310 591392278,driver.py,driver,56,"['/imu', '/rosout']"
1681490310.6183937,59462,1681490310,617579936,,2,/imu_driver,Current time 1681490310 616548776,driver.py,driver,56,"['/imu', '/rosout']"
1681490310.643048,59463,1681490310,642837762,,2,/imu_driver,Current time 1681490310 641479492,driver.py,driver,56,"['/imu', '/rosout']"
1681490310.667681,59464,1681490310,667521238,,2,/imu_driver,Current time 1681490310 666491508,driver.py,driver,56,"['/imu', '/rosout']"
1681490310.6930597,59465,1681490310,692595958,,2,/imu_driver,Current time 1681490310 691268205,driver.py,driver,56,"['/imu', '/rosout']"
1681490310.7178006,59466,1681490310,717492818,,2,/imu_driver,Current time 1681490310 716365337,driver.py,driver,56,"['/imu', '/rosout']"
1681490310.7425778,59467,1681490310,742326736,,2,/imu_driver,Current time 1681490310 741369485,driver.py,driver,56,"['/imu', '/rosout']"
1681490310.7680578,59468,1681490310,767442226,,2,/imu_driver,Current time 1681490310 766321420,driver.py,driver,56,"['/imu', '/rosout']"
1681490310.795739,59469,1681490310,794327974,,2,/imu_driver,Current time 1681490310 793157815,driver.py,driver,56,"['/imu', '/rosout']"
1681490310.8179936,59470,1681490310,817613124,,2,/imu_driver,Current time 1681490310 816374063,driver.py,driver,56,"['/imu', '/rosout']"
1681490310.8426363,59471,1681490310,842359304,,2,/imu_driver,Current time 1681490310 841325044,driver.py,driver,56,"['/imu', '/rosout']"
1681490310.8679063,59472,1681490310,867239713,,2,/imu_driver,Current time 1681490310 866178274,driver.py,driver,56,"['/imu', '/rosout']"
1681490310.8935313,59473,1681490310,892861366,,2,/imu_driver,Current time 1681490310 891184806,driver.py,driver,56,"['/imu', '/rosout']"
1681490310.917534,59474,1681490310,917273283,,2,/imu_driver,Current time 1681490310 916129112,driver.py,driver,56,"['/imu', '/rosout']"
1681490310.944528,59475,1681490310,942550182,,2,/imu_driver,Current time 1681490310 941317796,driver.py,driver,56,"['/imu', '/rosout']"
1681490310.9681888,59476,1681490310,967314004,,2,/imu_driver,Current time 1681490310 966091871,driver.py,driver,56,"['/imu', '/rosout']"
1681490310.9931288,59477,1681490310,992748022,,2,/imu_driver,Current time 1681490310 991449832,driver.py,driver,56,"['/imu', '/rosout']"
1681490311.0177932,59478,1681490311,17603158,,2,/imu_driver,Current time 1681490311 16386985,driver.py,driver,56,"['/imu', '/rosout']"
1681490311.047274,59479,1681490311,46495199,,2,/imu_driver,Current time 1681490311 45090198,driver.py,driver,56,"['/imu', '/rosout']"
1681490311.0676894,59480,1681490311,67153453,,2,/imu_driver,Current time 1681490311 66126346,driver.py,driver,56,"['/imu', '/rosout']"
1681490311.0934815,59481,1681490311,92264175,,2,/imu_driver,Current time 1681490311 91136693,driver.py,driver,56,"['/imu', '/rosout']"
1681490311.1177728,59482,1681490311,117215633,,2,/imu_driver,Current time 1681490311 116155624,driver.py,driver,56,"['/imu', '/rosout']"
1681490311.145783,59483,1681490311,144654273,,2,/imu_driver,Current time 1681490311 143452167,driver.py,driver,56,"['/imu', '/rosout']"
1681490311.167526,59484,1681490311,167200565,,2,/imu_driver,Current time 1681490311 166138410,driver.py,driver,56,"['/imu', '/rosout']"
1681490311.193873,59485,1681490311,193524599,,2,/imu_driver,Current time 1681490311 192082643,driver.py,driver,56,"['/imu', '/rosout']"
1681490311.2175715,59486,1681490311,216965198,,2,/imu_driver,Current time 1681490311 215963840,driver.py,driver,56,"['/imu', '/rosout']"
1681490311.2422361,59487,1681490311,241890668,,2,/imu_driver,Current time 1681490311 240927457,driver.py,driver,56,"['/imu', '/rosout']"
1681490311.267249,59488,1681490311,266966104,,2,/imu_driver,Current time 1681490311 265933513,driver.py,driver,56,"['/imu', '/rosout']"
1681490311.293257,59489,1681490311,292548894,,2,/imu_driver,Current time 1681490311 290892362,driver.py,driver,56,"['/imu', '/rosout']"
1681490311.3176062,59490,1681490311,317109584,,2,/imu_driver,Current time 1681490311 315906286,driver.py,driver,56,"['/imu', '/rosout']"
1681490311.3431358,59491,1681490311,342027664,,2,/imu_driver,Current time 1681490311 341013193,driver.py,driver,56,"['/imu', '/rosout']"
1681490311.3677123,59492,1681490311,367159366,,2,/imu_driver,Current time 1681490311 365972280,driver.py,driver,56,"['/imu', '/rosout']"
1681490311.3925385,59493,1681490311,392045497,,2,/imu_driver,Current time 1681490311 391010999,driver.py,driver,56,"['/imu', '/rosout']"
1681490311.417336,59494,1681490311,417097330,,2,/imu_driver,Current time 1681490311 416070938,driver.py,driver,56,"['/imu', '/rosout']"
1681490311.443235,59495,1681490311,442351341,,2,/imu_driver,Current time 1681490311 441000223,driver.py,driver,56,"['/imu', '/rosout']"
1681490311.4678378,59496,1681490311,467026948,,2,/imu_driver,Current time 1681490311 465934991,driver.py,driver,56,"['/imu', '/rosout']"
1681490311.4926534,59497,1681490311,492024421,,2,/imu_driver,Current time 1681490311 491044521,driver.py,driver,56,"['/imu', '/rosout']"
1681490311.5180805,59498,1681490311,517004489,,2,/imu_driver,Current time 1681490311 515860557,driver.py,driver,56,"['/imu', '/rosout']"
1681490311.543143,59499,1681490311,542336702,,2,/imu_driver,Current time 1681490311 541104316,driver.py,driver,56,"['/imu', '/rosout']"
1681490311.567407,59500,1681490311,566816806,,2,/imu_driver,Current time 1681490311 565923690,driver.py,driver,56,"['/imu', '/rosout']"
1681490311.593942,59501,1681490311,593273878,,2,/imu_driver,Current time 1681490311 592047214,driver.py,driver,56,"['/imu', '/rosout']"
1681490311.6180587,59502,1681490311,617816925,,2,/imu_driver,Current time 1681490311 616856098,driver.py,driver,56,"['/imu', '/rosout']"
1681490311.6421793,59503,1681490311,641939401,,2,/imu_driver,Current time 1681490311 640926122,driver.py,driver,56,"['/imu', '/rosout']"
1681490311.667914,59504,1681490311,667709350,,2,/imu_driver,Current time 1681490311 666596651,driver.py,driver,56,"['/imu', '/rosout']"
1681490311.6939645,59505,1681490311,693338394,,2,/imu_driver,Current time 1681490311 691713094,driver.py,driver,56,"['/imu', '/rosout']"
1681490311.7189205,59506,1681490311,718336343,,2,/imu_driver,Current time 1681490311 716835021,driver.py,driver,56,"['/imu', '/rosout']"
1681490311.7433112,59507,1681490311,742652654,,2,/imu_driver,Current time 1681490311 741753578,driver.py,driver,56,"['/imu', '/rosout']"
1681490311.7677062,59508,1681490311,767457246,,2,/imu_driver,Current time 1681490311 766464233,driver.py,driver,56,"['/imu', '/rosout']"
1681490311.7961879,59509,1681490311,795801401,,2,/imu_driver,Current time 1681490311 794554948,driver.py,driver,56,"['/imu', '/rosout']"
1681490311.8178353,59510,1681490311,817593097,,2,/imu_driver,Current time 1681490311 816459417,driver.py,driver,56,"['/imu', '/rosout']"
1681490311.8440297,59511,1681490311,843788146,,2,/imu_driver,Current time 1681490311 841907501,driver.py,driver,56,"['/imu', '/rosout']"
1681490311.867898,59512,1681490311,867650747,,2,/imu_driver,Current time 1681490311 866683959,driver.py,driver,56,"['/imu', '/rosout']"
1681490311.8927548,59513,1681490311,892539739,,2,/imu_driver,Current time 1681490311 891542673,driver.py,driver,56,"['/imu', '/rosout']"
1681490311.9182684,59514,1681490311,917707920,,2,/imu_driver,Current time 1681490311 916694164,driver.py,driver,56,"['/imu', '/rosout']"
1681490311.9450564,59515,1681490311,944810867,,2,/imu_driver,Current time 1681490311 943511247,driver.py,driver,56,"['/imu', '/rosout']"
1681490311.9676883,59516,1681490311,967443466,,2,/imu_driver,Current time 1681490311 966335535,driver.py,driver,56,"['/imu', '/rosout']"
1681490311.9930413,59517,1681490311,992582082,,2,/imu_driver,Current time 1681490311 991484642,driver.py,driver,56,"['/imu', '/rosout']"
1681490312.017855,59518,1681490312,17622232,,2,/imu_driver,Current time 1681490312 16586303,driver.py,driver,56,"['/imu', '/rosout']"
1681490312.0442443,59519,1681490312,43351888,,2,/imu_driver,Current time 1681490312 42232751,driver.py,driver,56,"['/imu', '/rosout']"
1681490312.0680046,59520,1681490312,67686080,,2,/imu_driver,Current time 1681490312 66368818,driver.py,driver,56,"['/imu', '/rosout']"
1681490312.0935037,59521,1681490312,92823743,,2,/imu_driver,Current time 1681490312 91473102,driver.py,driver,56,"['/imu', '/rosout']"
1681490312.1177857,59522,1681490312,117514133,,2,/imu_driver,Current time 1681490312 116307258,driver.py,driver,56,"['/imu', '/rosout']"
1681490312.142585,59523,1681490312,142403125,,2,/imu_driver,Current time 1681490312 141302824,driver.py,driver,56,"['/imu', '/rosout']"
1681490312.1677463,59524,1681490312,167542457,,2,/imu_driver,Current time 1681490312 166292190,driver.py,driver,56,"['/imu', '/rosout']"
1681490312.1935835,59525,1681490312,193401098,,2,/imu_driver,Current time 1681490312 191925764,driver.py,driver,56,"['/imu', '/rosout']"
1681490312.2179632,59526,1681490312,217718362,,2,/imu_driver,Current time 1681490312 216342449,driver.py,driver,56,"['/imu', '/rosout']"
1681490312.2424893,59527,1681490312,242336511,,2,/imu_driver,Current time 1681490312 241303205,driver.py,driver,56,"['/imu', '/rosout']"
1681490312.267561,59528,1681490312,267382383,,2,/imu_driver,Current time 1681490312 266374111,driver.py,driver,56,"['/imu', '/rosout']"
1681490312.295312,59529,1681490312,294702768,,2,/imu_driver,Current time 1681490312 293339490,driver.py,driver,56,"['/imu', '/rosout']"
1681490312.3177743,59530,1681490312,317338943,,2,/imu_driver,Current time 1681490312 316332101,driver.py,driver,56,"['/imu', '/rosout']"
1681490312.3427687,59531,1681490312,342279911,,2,/imu_driver,Current time 1681490312 341182231,driver.py,driver,56,"['/imu', '/rosout']"
1681490312.367408,59532,1681490312,367228507,,2,/imu_driver,Current time 1681490312 366211891,driver.py,driver,56,"['/imu', '/rosout']"
1681490312.3929513,59533,1681490312,392199993,,2,/imu_driver,Current time 1681490312 391173362,driver.py,driver,56,"['/imu', '/rosout']"
1681490312.4177916,59534,1681490312,417191505,,2,/imu_driver,Current time 1681490312 416179418,driver.py,driver,56,"['/imu', '/rosout']"
1681490312.4438167,59535,1681490312,442944765,,2,/imu_driver,Current time 1681490312 441488981,driver.py,driver,56,"['/imu', '/rosout']"
1681490312.4677181,59536,1681490312,467458963,,2,/imu_driver,Current time 1681490312 466345548,driver.py,driver,56,"['/imu', '/rosout']"
1681490312.493472,59537,1681490312,492384672,,2,/imu_driver,Current time 1681490312 491093873,driver.py,driver,56,"['/imu', '/rosout']"
1681490312.518394,59538,1681490312,517400026,,2,/imu_driver,Current time 1681490312 516240835,driver.py,driver,56,"['/imu', '/rosout']"
1681490312.5431728,59539,1681490312,542600393,,2,/imu_driver,Current time 1681490312 541023015,driver.py,driver,56,"['/imu', '/rosout']"
1681490312.5679665,59540,1681490312,567268610,,2,/imu_driver,Current time 1681490312 566180944,driver.py,driver,56,"['/imu', '/rosout']"
1681490312.592937,59541,1681490312,592426061,,2,/imu_driver,Current time 1681490312 591096878,driver.py,driver,56,"['/imu', '/rosout']"
1681490312.6173487,59542,1681490312,617162466,,2,/imu_driver,Current time 1681490312 616104125,driver.py,driver,56,"['/imu', '/rosout']"
1681490312.642217,59543,1681490312,642013072,,2,/imu_driver,Current time 1681490312 641050100,driver.py,driver,56,"['/imu', '/rosout']"
1681490312.667196,59544,1681490312,666990518,,2,/imu_driver,Current time 1681490312 665916681,driver.py,driver,56,"['/imu', '/rosout']"
1681490312.6929371,59545,1681490312,692689895,,2,/imu_driver,Current time 1681490312 690912961,driver.py,driver,56,"['/imu', '/rosout']"
1681490312.7172732,59546,1681490312,717132329,,2,/imu_driver,Current time 1681490312 715939521,driver.py,driver,56,"['/imu', '/rosout']"
1681490312.7424724,59547,1681490312,742331027,,2,/imu_driver,Current time 1681490312 741261243,driver.py,driver,56,"['/imu', '/rosout']"
1681490312.7672758,59548,1681490312,767038106,,2,/imu_driver,Current time 1681490312 765978097,driver.py,driver,56,"['/imu', '/rosout']"
1681490312.7929478,59549,1681490312,792678117,,2,/imu_driver,Current time 1681490312 791210889,driver.py,driver,56,"['/imu', '/rosout']"
1681490312.817366,59550,1681490312,817078351,,2,/imu_driver,Current time 1681490312 815743684,driver.py,driver,56,"['/imu', '/rosout']"
1681490312.8430078,59551,1681490312,842356681,,2,/imu_driver,Current time 1681490312 840792655,driver.py,driver,56,"['/imu', '/rosout']"
1681490312.8687131,59552,1681490312,868251800,,2,/imu_driver,Current time 1681490312 867114305,driver.py,driver,56,"['/imu', '/rosout']"
1681490312.8922904,59553,1681490312,891822099,,2,/imu_driver,Current time 1681490312 890763282,driver.py,driver,56,"['/imu', '/rosout']"
1681490312.9182363,59554,1681490312,917813062,,2,/imu_driver,Current time 1681490312 916741847,driver.py,driver,56,"['/imu', '/rosout']"
1681490312.944362,59555,1681490312,943894624,,2,/imu_driver,Current time 1681490312 942559242,driver.py,driver,56,"['/imu', '/rosout']"
1681490312.968281,59556,1681490312,967717885,,2,/imu_driver,Current time 1681490312 966780424,driver.py,driver,56,"['/imu', '/rosout']"
1681490312.9943647,59557,1681490312,993015289,,2,/imu_driver,Current time 1681490312 991722583,driver.py,driver,56,"['/imu', '/rosout']"
1681490313.0185344,59558,1681490313,17813920,,2,/imu_driver,Current time 1681490313 16789436,driver.py,driver,56,"['/imu', '/rosout']"
1681490313.0431292,59559,1681490313,42914390,,2,/imu_driver,Current time 1681490313 41663408,driver.py,driver,56,"['/imu', '/rosout']"
1681490313.0679142,59560,1681490313,67767143,,2,/imu_driver,Current time 1681490313 66693305,driver.py,driver,56,"['/imu', '/rosout']"
1681490313.0934305,59561,1681490313,93251466,,2,/imu_driver,Current time 1681490313 91551065,driver.py,driver,56,"['/imu', '/rosout']"
1681490313.118569,59562,1681490313,118357896,,2,/imu_driver,Current time 1681490313 116578340,driver.py,driver,56,"['/imu', '/rosout']"
1681490313.1427333,59563,1681490313,142567396,,2,/imu_driver,Current time 1681490313 141592741,driver.py,driver,56,"['/imu', '/rosout']"
1681490313.167839,59564,1681490313,167651414,,2,/imu_driver,Current time 1681490313 166465759,driver.py,driver,56,"['/imu', '/rosout']"
1681490313.193737,59565,1681490313,193249225,,2,/imu_driver,Current time 1681490313 191512584,driver.py,driver,56,"['/imu', '/rosout']"
1681490313.217872,59566,1681490313,217619180,,2,/imu_driver,Current time 1681490313 216575145,driver.py,driver,56,"['/imu', '/rosout']"
1681490313.2454178,59567,1681490313,244752645,,2,/imu_driver,Current time 1681490313 243207693,driver.py,driver,56,"['/imu', '/rosout']"
1681490313.2683144,59568,1681490313,267731428,,2,/imu_driver,Current time 1681490313 266556978,driver.py,driver,56,"['/imu', '/rosout']"
1681490313.2933397,59569,1681490313,292637109,,2,/imu_driver,Current time 1681490313 291388988,driver.py,driver,56,"['/imu', '/rosout']"
1681490313.3182456,59570,1681490313,317663669,,2,/imu_driver,Current time 1681490313 316539049,driver.py,driver,56,"['/imu', '/rosout']"
1681490313.3433049,59571,1681490313,343070983,,2,/imu_driver,Current time 1681490313 341576337,driver.py,driver,56,"['/imu', '/rosout']"
1681490313.3683846,59572,1681490313,367289304,,2,/imu_driver,Current time 1681490313 366286516,driver.py,driver,56,"['/imu', '/rosout']"
1681490313.3928227,59573,1681490313,392462491,,2,/imu_driver,Current time 1681490313 391468763,driver.py,driver,56,"['/imu', '/rosout']"
1681490313.417765,59574,1681490313,417356729,,2,/imu_driver,Current time 1681490313 416441440,driver.py,driver,56,"['/imu', '/rosout']"
1681490313.443971,59575,1681490313,443269729,,2,/imu_driver,Current time 1681490313 441958189,driver.py,driver,56,"['/imu', '/rosout']"
1681490313.467885,59576,1681490313,467479705,,2,/imu_driver,Current time 1681490313 466527700,driver.py,driver,56,"['/imu', '/rosout']"
1681490313.4935572,59577,1681490313,492838144,,2,/imu_driver,Current time 1681490313 491281986,driver.py,driver,56,"['/imu', '/rosout']"
1681490313.5177732,59578,1681490313,517476797,,2,/imu_driver,Current time 1681490313 516477108,driver.py,driver,56,"['/imu', '/rosout']"
1681490313.5426786,59579,1681490313,542255878,,2,/imu_driver,Current time 1681490313 541262149,driver.py,driver,56,"['/imu', '/rosout']"
1681490313.5679476,59580,1681490313,567367315,,2,/imu_driver,Current time 1681490313 566323518,driver.py,driver,56,"['/imu', '/rosout']"
1681490313.592801,59581,1681490313,592354297,,2,/imu_driver,Current time 1681490313 591127634,driver.py,driver,56,"['/imu', '/rosout']"
1681490313.6177363,59582,1681490313,617504835,,2,/imu_driver,Current time 1681490313 616119861,driver.py,driver,56,"['/imu', '/rosout']"
1681490313.6424482,59583,1681490313,642233848,,2,/imu_driver,Current time 1681490313 641222476,driver.py,driver,56,"['/imu', '/rosout']"
1681490313.6677933,59584,1681490313,667343378,,2,/imu_driver,Current time 1681490313 666185379,driver.py,driver,56,"['/imu', '/rosout']"
1681490313.6939905,59585,1681490313,693612337,,2,/imu_driver,Current time 1681490313 691534757,driver.py,driver,56,"['/imu', '/rosout']"
1681490313.7175112,59586,1681490313,717266321,,2,/imu_driver,Current time 1681490313 716234922,driver.py,driver,56,"['/imu', '/rosout']"
1681490313.7434592,59587,1681490313,743183135,,2,/imu_driver,Current time 1681490313 741940021,driver.py,driver,56,"['/imu', '/rosout']"
1681490313.767563,59588,1681490313,767104148,,2,/imu_driver,Current time 1681490313 766106843,driver.py,driver,56,"['/imu', '/rosout']"
1681490313.7931223,59589,1681490313,792301893,,2,/imu_driver,Current time 1681490313 791163921,driver.py,driver,56,"['/imu', '/rosout']"
1681490313.817821,59590,1681490313,817479133,,2,/imu_driver,Current time 1681490313 816216230,driver.py,driver,56,"['/imu', '/rosout']"
1681490313.845636,59591,1681490313,845420360,,2,/imu_driver,Current time 1681490313 841443300,driver.py,driver,56,"['/imu', '/rosout']"
1681490313.8673916,59592,1681490313,867125749,,2,/imu_driver,Current time 1681490313 866000175,driver.py,driver,56,"['/imu', '/rosout']"
1681490313.89235,59593,1681490313,892085790,,2,/imu_driver,Current time 1681490313 891040325,driver.py,driver,56,"['/imu', '/rosout']"
1681490313.9176836,59594,1681490313,917158603,,2,/imu_driver,Current time 1681490313 916185855,driver.py,driver,56,"['/imu', '/rosout']"
1681490313.9440594,59595,1681490313,942116022,,2,/imu_driver,Current time 1681490313 940990447,driver.py,driver,56,"['/imu', '/rosout']"
1681490313.9672945,59596,1681490313,967125177,,2,/imu_driver,Current time 1681490313 966092109,driver.py,driver,56,"['/imu', '/rosout']"
1681490313.9922893,59597,1681490313,992047071,,2,/imu_driver,Current time 1681490313 991027355,driver.py,driver,56,"['/imu', '/rosout']"
1681490314.0172844,59598,1681490314,17010211,,2,/imu_driver,Current time 1681490314 15929698,driver.py,driver,56,"['/imu', '/rosout']"
1681490314.0422826,59599,1681490314,41992187,,2,/imu_driver,Current time 1681490314 40955305,driver.py,driver,56,"['/imu', '/rosout']"
1681490314.0673022,59600,1681490314,67049980,,2,/imu_driver,Current time 1681490314 65977334,driver.py,driver,56,"['/imu', '/rosout']"
1681490314.092992,59601,1681490314,92739582,,2,/imu_driver,Current time 1681490314 91178178,driver.py,driver,56,"['/imu', '/rosout']"
1681490314.1172981,59602,1681490314,117040634,,2,/imu_driver,Current time 1681490314 115884304,driver.py,driver,56,"['/imu', '/rosout']"
1681490314.142069,59603,1681490314,141812801,,2,/imu_driver,Current time 1681490314 140918731,driver.py,driver,56,"['/imu', '/rosout']"
1681490314.1670742,59604,1681490314,166838169,,2,/imu_driver,Current time 1681490314 165941953,driver.py,driver,56,"['/imu', '/rosout']"
1681490314.1925054,59605,1681490314,192244768,,2,/imu_driver,Current time 1681490314 191019773,driver.py,driver,56,"['/imu', '/rosout']"
1681490314.218138,59606,1681490314,217961788,,2,/imu_driver,Current time 1681490314 216934204,driver.py,driver,56,"['/imu', '/rosout']"
1681490314.2419121,59607,1681490314,241717576,,2,/imu_driver,Current time 1681490314 240829706,driver.py,driver,56,"['/imu', '/rosout']"
1681490314.2680151,59608,1681490314,267803192,,2,/imu_driver,Current time 1681490314 266749858,driver.py,driver,56,"['/imu', '/rosout']"
1681490314.2921414,59609,1681490314,291835308,,2,/imu_driver,Current time 1681490314 290953397,driver.py,driver,56,"['/imu', '/rosout']"
1681490314.3180392,59610,1681490314,317665815,,2,/imu_driver,Current time 1681490314 316686153,driver.py,driver,56,"['/imu', '/rosout']"
1681490314.3430986,59611,1681490314,342937231,,2,/imu_driver,Current time 1681490314 341755628,driver.py,driver,56,"['/imu', '/rosout']"
1681490314.3678055,59612,1681490314,367622137,,2,/imu_driver,Current time 1681490314 366623640,driver.py,driver,56,"['/imu', '/rosout']"
1681490314.3930435,59613,1681490314,392780303,,2,/imu_driver,Current time 1681490314 391662359,driver.py,driver,56,"['/imu', '/rosout']"
1681490314.417924,59614,1681490314,417702913,,2,/imu_driver,Current time 1681490314 416586637,driver.py,driver,56,"['/imu', '/rosout']"
1681490314.4435222,59615,1681490314,443259716,,2,/imu_driver,Current time 1681490314 441782474,driver.py,driver,56,"['/imu', '/rosout']"
1681490314.4680483,59616,1681490314,467801332,,2,/imu_driver,Current time 1681490314 466691493,driver.py,driver,56,"['/imu', '/rosout']"
1681490314.4930365,59617,1681490314,492732048,,2,/imu_driver,Current time 1681490314 491575241,driver.py,driver,56,"['/imu', '/rosout']"
1681490314.5182197,59618,1681490314,518007993,,2,/imu_driver,Current time 1681490314 516864776,driver.py,driver,56,"['/imu', '/rosout']"
1681490314.542725,59619,1681490314,542556524,,2,/imu_driver,Current time 1681490314 541641473,driver.py,driver,56,"['/imu', '/rosout']"
1681490314.5676098,59620,1681490314,567372322,,2,/imu_driver,Current time 1681490314 566395282,driver.py,driver,56,"['/imu', '/rosout']"
1681490314.5948489,59621,1681490314,594403982,,2,/imu_driver,Current time 1681490314 593146562,driver.py,driver,56,"['/imu', '/rosout']"
1681490314.6184092,59622,1681490314,617640972,,2,/imu_driver,Current time 1681490314 616539239,driver.py,driver,56,"['/imu', '/rosout']"
1681490314.642799,59623,1681490314,642417192,,2,/imu_driver,Current time 1681490314 641470432,driver.py,driver,56,"['/imu', '/rosout']"
1681490314.6680818,59624,1681490314,667502641,,2,/imu_driver,Current time 1681490314 666527986,driver.py,driver,56,"['/imu', '/rosout']"
1681490314.6930606,59625,1681490314,692771434,,2,/imu_driver,Current time 1681490314 691425323,driver.py,driver,56,"['/imu', '/rosout']"
1681490314.717982,59626,1681490314,717502355,,2,/imu_driver,Current time 1681490314 716542959,driver.py,driver,56,"['/imu', '/rosout']"
1681490314.7435257,59627,1681490314,742488861,,2,/imu_driver,Current time 1681490314 741345167,driver.py,driver,56,"['/imu', '/rosout']"
1681490314.7679548,59628,1681490314,767419099,,2,/imu_driver,Current time 1681490314 766470432,driver.py,driver,56,"['/imu', '/rosout']"
1681490314.7929392,59629,1681490314,792491436,,2,/imu_driver,Current time 1681490314 791491985,driver.py,driver,56,"['/imu', '/rosout']"
1681490314.8180966,59630,1681490314,817463636,,2,/imu_driver,Current time 1681490314 816380262,driver.py,driver,56,"['/imu', '/rosout']"
1681490314.8461301,59631,1681490314,845593452,,2,/imu_driver,Current time 1681490314 844387292,driver.py,driver,56,"['/imu', '/rosout']"
1681490314.8680384,59632,1681490314,867400407,,2,/imu_driver,Current time 1681490314 866250514,driver.py,driver,56,"['/imu', '/rosout']"
1681490314.8928878,59633,1681490314,892333030,,2,/imu_driver,Current time 1681490314 891378402,driver.py,driver,56,"['/imu', '/rosout']"
1681490314.9177654,59634,1681490314,917428016,,2,/imu_driver,Current time 1681490314 916326999,driver.py,driver,56,"['/imu', '/rosout']"
1681490314.9430137,59635,1681490314,942626476,,2,/imu_driver,Current time 1681490314 941258668,driver.py,driver,56,"['/imu', '/rosout']"
1681490314.9678776,59636,1681490314,967554330,,2,/imu_driver,Current time 1681490314 966340303,driver.py,driver,56,"['/imu', '/rosout']"
1681490314.9932232,59637,1681490314,992654561,,2,/imu_driver,Current time 1681490314 991283893,driver.py,driver,56,"['/imu', '/rosout']"
1681490315.0173538,59638,1681490315,17113447,,2,/imu_driver,Current time 1681490315 16087532,driver.py,driver,56,"['/imu', '/rosout']"
1681490315.042765,59639,1681490315,42191028,,2,/imu_driver,Current time 1681490315 41151285,driver.py,driver,56,"['/imu', '/rosout']"
1681490315.0678492,59640,1681490315,67188501,,2,/imu_driver,Current time 1681490315 66137075,driver.py,driver,56,"['/imu', '/rosout']"
1681490315.0931003,59641,1681490315,92558383,,2,/imu_driver,Current time 1681490315 91059446,driver.py,driver,56,"['/imu', '/rosout']"
1681490315.118267,59642,1681490315,117517709,,2,/imu_driver,Current time 1681490315 116277456,driver.py,driver,56,"['/imu', '/rosout']"
1681490315.142838,59643,1681490315,142129898,,2,/imu_driver,Current time 1681490315 141099691,driver.py,driver,56,"['/imu', '/rosout']"
1681490315.1672616,59644,1681490315,167096614,,2,/imu_driver,Current time 1681490315 166005849,driver.py,driver,56,"['/imu', '/rosout']"
1681490315.1924598,59645,1681490315,192218065,,2,/imu_driver,Current time 1681490315 190974473,driver.py,driver,56,"['/imu', '/rosout']"
1681490315.217532,59646,1681490315,217233419,,2,/imu_driver,Current time 1681490315 216003179,driver.py,driver,56,"['/imu', '/rosout']"
1681490315.2453647,59647,1681490315,242519378,,2,/imu_driver,Current time 1681490315 241009712,driver.py,driver,56,"['/imu', '/rosout']"
1681490315.267435,59648,1681490315,267191410,,2,/imu_driver,Current time 1681490315 266196966,driver.py,driver,56,"['/imu', '/rosout']"
1681490315.2922513,59649,1681490315,292084217,,2,/imu_driver,Current time 1681490315 291122913,driver.py,driver,56,"['/imu', '/rosout']"
1681490315.317324,59650,1681490315,316859245,,2,/imu_driver,Current time 1681490315 315803289,driver.py,driver,56,"['/imu', '/rosout']"
1681490315.342818,59651,1681490315,342537403,,2,/imu_driver,Current time 1681490315 341055393,driver.py,driver,56,"['/imu', '/rosout']"
1681490315.3673763,59652,1681490315,367232561,,2,/imu_driver,Current time 1681490315 366161823,driver.py,driver,56,"['/imu', '/rosout']"
1681490315.3923225,59653,1681490315,392033815,,2,/imu_driver,Current time 1681490315 391038656,driver.py,driver,56,"['/imu', '/rosout']"
1681490315.4179003,59654,1681490315,417757034,,2,/imu_driver,Current time 1681490315 416862726,driver.py,driver,56,"['/imu', '/rosout']"
1681490315.4421537,59655,1681490315,441954135,,2,/imu_driver,Current time 1681490315 440870285,driver.py,driver,56,"['/imu', '/rosout']"
1681490315.4679844,59656,1681490315,467777967,,2,/imu_driver,Current time 1681490315 466792106,driver.py,driver,56,"['/imu', '/rosout']"
1681490315.4936173,59657,1681490315,493445873,,2,/imu_driver,Current time 1681490315 491795539,driver.py,driver,56,"['/imu', '/rosout']"
1681490315.5227258,59658,1681490315,521845817,,2,/imu_driver,Current time 1681490315 520229578,driver.py,driver,56,"['/imu', '/rosout']"
1681490315.5437105,59659,1681490315,543024301,,2,/imu_driver,Current time 1681490315 541720628,driver.py,driver,56,"['/imu', '/rosout']"
1681490315.5683484,59660,1681490315,568155050,,2,/imu_driver,Current time 1681490315 566803693,driver.py,driver,56,"['/imu', '/rosout']"
1681490315.594038,59661,1681490315,593363046,,2,/imu_driver,Current time 1681490315 591760396,driver.py,driver,56,"['/imu', '/rosout']"
1681490315.6204858,59662,1681490315,618202447,,2,/imu_driver,Current time 1681490315 616767406,driver.py,driver,56,"['/imu', '/rosout']"
1681490315.6429572,59663,1681490315,642033815,,2,/imu_driver,Current time 1681490315 640753507,driver.py,driver,56,"['/imu', '/rosout']"
1681490315.6680386,59664,1681490315,667842149,,2,/imu_driver,Current time 1681490315 666850090,driver.py,driver,56,"['/imu', '/rosout']"
1681490315.6935992,59665,1681490315,693342447,,2,/imu_driver,Current time 1681490315 691823244,driver.py,driver,56,"['/imu', '/rosout']"
1681490315.7181523,59666,1681490315,717880725,,2,/imu_driver,Current time 1681490315 716753005,driver.py,driver,56,"['/imu', '/rosout']"
1681490315.744099,59667,1681490315,743070363,,2,/imu_driver,Current time 1681490315 741642475,driver.py,driver,56,"['/imu', '/rosout']"
1681490315.7679875,59668,1681490315,767518043,,2,/imu_driver,Current time 1681490315 766552209,driver.py,driver,56,"['/imu', '/rosout']"
1681490315.7932324,59669,1681490315,792685270,,2,/imu_driver,Current time 1681490315 791652917,driver.py,driver,56,"['/imu', '/rosout']"
1681490315.8179512,59670,1681490315,817535161,,2,/imu_driver,Current time 1681490315 816447734,driver.py,driver,56,"['/imu', '/rosout']"
1681490315.8431964,59671,1681490315,842991590,,2,/imu_driver,Current time 1681490315 841676473,driver.py,driver,56,"['/imu', '/rosout']"
1681490315.868361,59672,1681490315,867581367,,2,/imu_driver,Current time 1681490315 866548299,driver.py,driver,56,"['/imu', '/rosout']"
1681490315.8929615,59673,1681490315,892541885,,2,/imu_driver,Current time 1681490315 891467571,driver.py,driver,56,"['/imu', '/rosout']"
1681490315.9180343,59674,1681490315,917577266,,2,/imu_driver,Current time 1681490315 916421413,driver.py,driver,56,"['/imu', '/rosout']"
1681490315.9468946,59675,1681490315,946398019,,2,/imu_driver,Current time 1681490315 945087194,driver.py,driver,56,"['/imu', '/rosout']"
1681490315.9679184,59676,1681490315,967482089,,2,/imu_driver,Current time 1681490315 966354131,driver.py,driver,56,"['/imu', '/rosout']"
1681490315.9941025,59677,1681490315,993914127,,2,/imu_driver,Current time 1681490315 991478443,driver.py,driver,56,"['/imu', '/rosout']"
1681490316.0176122,59678,1681490316,17494440,,2,/imu_driver,Current time 1681490316 16414642,driver.py,driver,56,"['/imu', '/rosout']"
1681490316.0425007,59679,1681490316,42331695,,2,/imu_driver,Current time 1681490316 41363239,driver.py,driver,56,"['/imu', '/rosout']"
1681490316.067696,59680,1681490316,67543745,,2,/imu_driver,Current time 1681490316 66314935,driver.py,driver,56,"['/imu', '/rosout']"
1681490316.093949,59681,1681490316,93702316,,2,/imu_driver,Current time 1681490316 92427253,driver.py,driver,56,"['/imu', '/rosout']"
1681490316.1181738,59682,1681490316,117548942,,2,/imu_driver,Current time 1681490316 116299629,driver.py,driver,56,"['/imu', '/rosout']"
1681490316.1427748,59683,1681490316,142539262,,2,/imu_driver,Current time 1681490316 141272068,driver.py,driver,56,"['/imu', '/rosout']"
1681490316.167571,59684,1681490316,167400598,,2,/imu_driver,Current time 1681490316 166180372,driver.py,driver,56,"['/imu', '/rosout']"
1681490316.1939392,59685,1681490316,193702220,,2,/imu_driver,Current time 1681490316 191483736,driver.py,driver,56,"['/imu', '/rosout']"
1681490316.2175703,59686,1681490316,217340946,,2,/imu_driver,Current time 1681490316 216225862,driver.py,driver,56,"['/imu', '/rosout']"
1681490316.2427611,59687,1681490316,242331981,,2,/imu_driver,Current time 1681490316 241186141,driver.py,driver,56,"['/imu', '/rosout']"
1681490316.2675426,59688,1681490316,267304182,,2,/imu_driver,Current time 1681490316 266243696,driver.py,driver,56,"['/imu', '/rosout']"
1681490316.2930293,59689,1681490316,292152643,,2,/imu_driver,Current time 1681490316 291061878,driver.py,driver,56,"['/imu', '/rosout']"
1681490316.317483,59690,1681490316,317264556,,2,/imu_driver,Current time 1681490316 316050291,driver.py,driver,56,"['/imu', '/rosout']"
1681490316.3433056,59691,1681490316,342544794,,2,/imu_driver,Current time 1681490316 341183185,driver.py,driver,56,"['/imu', '/rosout']"
1681490316.3680391,59692,1681490316,367327213,,2,/imu_driver,Current time 1681490316 366074562,driver.py,driver,56,"['/imu', '/rosout']"
1681490316.3925822,59693,1681490316,392349481,,2,/imu_driver,Current time 1681490316 391175508,driver.py,driver,56,"['/imu', '/rosout']"
1681490316.4175475,59694,1681490316,417285680,,2,/imu_driver,Current time 1681490316 416165351,driver.py,driver,56,"['/imu', '/rosout']"
1681490316.4424517,59695,1681490316,442164897,,2,/imu_driver,Current time 1681490316 441132783,driver.py,driver,56,"['/imu', '/rosout']"
1681490316.4674537,59696,1681490316,467038869,,2,/imu_driver,Current time 1681490316 465969800,driver.py,driver,56,"['/imu', '/rosout']"
1681490316.4951675,59697,1681490316,494565010,,2,/imu_driver,Current time 1681490316 493292331,driver.py,driver,56,"['/imu', '/rosout']"
1681490316.5179758,59698,1681490316,517288684,,2,/imu_driver,Current time 1681490316 516031742,driver.py,driver,56,"['/imu', '/rosout']"
1681490316.5423708,59699,1681490316,541859388,,2,/imu_driver,Current time 1681490316 540895223,driver.py,driver,56,"['/imu', '/rosout']"
1681490316.5675983,59700,1681490316,566930532,,2,/imu_driver,Current time 1681490316 565902948,driver.py,driver,56,"['/imu', '/rosout']"
1681490316.5966692,59701,1681490316,592607259,,2,/imu_driver,Current time 1681490316 591135263,driver.py,driver,56,"['/imu', '/rosout']"
1681490316.6180472,59702,1681490316,617821216,,2,/imu_driver,Current time 1681490316 616876602,driver.py,driver,56,"['/imu', '/rosout']"
1681490316.642122,59703,1681490316,641952037,,2,/imu_driver,Current time 1681490316 640925645,driver.py,driver,56,"['/imu', '/rosout']"
1681490316.6680367,59704,1681490316,667892932,,2,/imu_driver,Current time 1681490316 666770935,driver.py,driver,56,"['/imu', '/rosout']"
1681490316.6926732,59705,1681490316,692446947,,2,/imu_driver,Current time 1681490316 691115379,driver.py,driver,56,"['/imu', '/rosout']"
1681490316.7181973,59706,1681490316,718044519,,2,/imu_driver,Current time 1681490316 716783523,driver.py,driver,56,"['/imu', '/rosout']"
1681490316.7465196,59707,1681490316,745583534,,2,/imu_driver,Current time 1681490316 742027997,driver.py,driver,56,"['/imu', '/rosout']"
1681490316.7691712,59708,1681490316,768203735,,2,/imu_driver,Current time 1681490316 766702413,driver.py,driver,56,"['/imu', '/rosout']"
1681490316.7927825,59709,1681490316,792206287,,2,/imu_driver,Current time 1681490316 790809631,driver.py,driver,56,"['/imu', '/rosout']"
1681490316.8191068,59710,1681490316,818291425,,2,/imu_driver,Current time 1681490316 816829919,driver.py,driver,56,"['/imu', '/rosout']"
1681490316.8441908,59711,1681490316,843222618,,2,/imu_driver,Current time 1681490316 841752052,driver.py,driver,56,"['/imu', '/rosout']"
1681490316.868618,59712,1681490316,867912054,,2,/imu_driver,Current time 1681490316 866752624,driver.py,driver,56,"['/imu', '/rosout']"
1681490316.8936632,59713,1681490316,893124103,,2,/imu_driver,Current time 1681490316 891726016,driver.py,driver,56,"['/imu', '/rosout']"
1681490316.9185433,59714,1681490316,917880296,,2,/imu_driver,Current time 1681490316 916774749,driver.py,driver,56,"['/imu', '/rosout']"
1681490316.9435647,59715,1681490316,942742347,,2,/imu_driver,Current time 1681490316 941756963,driver.py,driver,56,"['/imu', '/rosout']"
1681490316.968087,59716,1681490316,967616319,,2,/imu_driver,Current time 1681490316 966619253,driver.py,driver,56,"['/imu', '/rosout']"
1681490316.9931686,59717,1681490316,992922067,,2,/imu_driver,Current time 1681490316 991523265,driver.py,driver,56,"['/imu', '/rosout']"
1681490317.017981,59718,1681490317,17663002,,2,/imu_driver,Current time 1681490317 16505241,driver.py,driver,56,"['/imu', '/rosout']"
1681490317.0427916,59719,1681490317,42506456,,2,/imu_driver,Current time 1681490317 41592359,driver.py,driver,56,"['/imu', '/rosout']"
1681490317.0680604,59720,1681490317,67609310,,2,/imu_driver,Current time 1681490317 66573143,driver.py,driver,56,"['/imu', '/rosout']"
1681490317.096525,59721,1681490317,95899105,,2,/imu_driver,Current time 1681490317 94295978,driver.py,driver,56,"['/imu', '/rosout']"
1681490317.1188195,59722,1681490317,117856025,,2,/imu_driver,Current time 1681490317 116582632,driver.py,driver,56,"['/imu', '/rosout']"
1681490317.1450975,59723,1681490317,144187927,,2,/imu_driver,Current time 1681490317 142274379,driver.py,driver,56,"['/imu', '/rosout']"
1681490317.167906,59724,1681490317,167421340,,2,/imu_driver,Current time 1681490317 166465520,driver.py,driver,56,"['/imu', '/rosout']"
1681490317.1929154,59725,1681490317,192432403,,2,/imu_driver,Current time 1681490317 191474676,driver.py,driver,56,"['/imu', '/rosout']"
1681490317.2179372,59726,1681490317,217457771,,2,/imu_driver,Current time 1681490317 216446161,driver.py,driver,56,"['/imu', '/rosout']"
1681490317.2432358,59727,1681490317,242925882,,2,/imu_driver,Current time 1681490317 241495370,driver.py,driver,56,"['/imu', '/rosout']"
1681490317.2680883,59728,1681490317,267480134,,2,/imu_driver,Current time 1681490317 266395092,driver.py,driver,56,"['/imu', '/rosout']"
1681490317.2926557,59729,1681490317,292307376,,2,/imu_driver,Current time 1681490317 291296482,driver.py,driver,56,"['/imu', '/rosout']"
1681490317.3180563,59730,1681490317,317349195,,2,/imu_driver,Current time 1681490317 316280603,driver.py,driver,56,"['/imu', '/rosout']"
1681490317.3433433,59731,1681490317,342788934,,2,/imu_driver,Current time 1681490317 341386318,driver.py,driver,56,"['/imu', '/rosout']"
1681490317.3682795,59732,1681490317,367722749,,2,/imu_driver,Current time 1681490317 366388559,driver.py,driver,56,"['/imu', '/rosout']"
1681490317.3930128,59733,1681490317,392451286,,2,/imu_driver,Current time 1681490317 391322612,driver.py,driver,56,"['/imu', '/rosout']"
1681490317.4176593,59734,1681490317,417345046,,2,/imu_driver,Current time 1681490317 416408777,driver.py,driver,56,"['/imu', '/rosout']"
1681490317.4424343,59735,1681490317,442250013,,2,/imu_driver,Current time 1681490317 441195487,driver.py,driver,56,"['/imu', '/rosout']"
1681490317.4676335,59736,1681490317,467432022,,2,/imu_driver,Current time 1681490317 466334581,driver.py,driver,56,"['/imu', '/rosout']"
1681490317.4960904,59737,1681490317,495170593,,2,/imu_driver,Current time 1681490317 493877410,driver.py,driver,56,"['/imu', '/rosout']"
1681490317.5179925,59738,1681490317,517395973,,2,/imu_driver,Current time 1681490317 516192197,driver.py,driver,56,"['/imu', '/rosout']"
1681490317.5428581,59739,1681490317,542617082,,2,/imu_driver,Current time 1681490317 541239261,driver.py,driver,56,"['/imu', '/rosout']"
1681490317.5676756,59740,1681490317,567371845,,2,/imu_driver,Current time 1681490317 566201686,driver.py,driver,56,"['/imu', '/rosout']"
1681490317.5935416,59741,1681490317,593075513,,2,/imu_driver,Current time 1681490317 591184139,driver.py,driver,56,"['/imu', '/rosout']"
1681490317.6176436,59742,1681490317,617355346,,2,/imu_driver,Current time 1681490317 616189241,driver.py,driver,56,"['/imu', '/rosout']"
1681490317.6443653,59743,1681490317,643832683,,2,/imu_driver,Current time 1681490317 641178607,driver.py,driver,56,"['/imu', '/rosout']"
1681490317.6674109,59744,1681490317,667254686,,2,/imu_driver,Current time 1681490317 666267871,driver.py,driver,56,"['/imu', '/rosout']"
1681490317.6932282,59745,1681490317,692158460,,2,/imu_driver,Current time 1681490317 691096305,driver.py,driver,56,"['/imu', '/rosout']"
1681490317.717744,59746,1681490317,717416286,,2,/imu_driver,Current time 1681490317 716201543,driver.py,driver,56,"['/imu', '/rosout']"
1681490317.743288,59747,1681490317,742878913,,2,/imu_driver,Current time 1681490317 741561651,driver.py,driver,56,"['/imu', '/rosout']"
1681490317.7678037,59748,1681490317,767289161,,2,/imu_driver,Current time 1681490317 766139745,driver.py,driver,56,"['/imu', '/rosout']"
1681490317.7926745,59749,1681490317,792155504,,2,/imu_driver,Current time 1681490317 791138410,driver.py,driver,56,"['/imu', '/rosout']"
1681490317.8177712,59750,1681490317,817114591,,2,/imu_driver,Current time 1681490317 816023111,driver.py,driver,56,"['/imu', '/rosout']"
1681490317.842822,59751,1681490317,842319250,,2,/imu_driver,Current time 1681490317 841110229,driver.py,driver,56,"['/imu', '/rosout']"
1681490317.867426,59752,1681490317,867178678,,2,/imu_driver,Current time 1681490317 865922212,driver.py,driver,56,"['/imu', '/rosout']"
1681490317.893579,59753,1681490317,893329143,,2,/imu_driver,Current time 1681490317 891695022,driver.py,driver,56,"['/imu', '/rosout']"
1681490317.917992,59754,1681490317,917625665,,2,/imu_driver,Current time 1681490317 915994882,driver.py,driver,56,"['/imu', '/rosout']"
1681490317.9432433,59755,1681490317,942996501,,2,/imu_driver,Current time 1681490317 941883087,driver.py,driver,56,"['/imu', '/rosout']"
1681490317.9683578,59756,1681490317,967677354,,2,/imu_driver,Current time 1681490317 966758489,driver.py,driver,56,"['/imu', '/rosout']"
1681490317.9936576,59757,1681490317,992238759,,2,/imu_driver,Current time 1681490317 990810871,driver.py,driver,56,"['/imu', '/rosout']"
1681490318.0183432,59758,1681490318,17857313,,2,/imu_driver,Current time 1681490318 16849517,driver.py,driver,56,"['/imu', '/rosout']"
1681490318.0433624,59759,1681490318,43173313,,2,/imu_driver,Current time 1681490318 41732072,driver.py,driver,56,"['/imu', '/rosout']"
1681490318.068056,59760,1681490318,67836761,,2,/imu_driver,Current time 1681490318 66871404,driver.py,driver,56,"['/imu', '/rosout']"
1681490318.0931118,59761,1681490318,92909812,,2,/imu_driver,Current time 1681490318 91726303,driver.py,driver,56,"['/imu', '/rosout']"
1681490318.117948,59762,1681490318,117784261,,2,/imu_driver,Current time 1681490318 116630792,driver.py,driver,56,"['/imu', '/rosout']"
1681490318.1445205,59763,1681490318,143932342,,2,/imu_driver,Current time 1681490318 142473220,driver.py,driver,56,"['/imu', '/rosout']"
1681490318.1685004,59764,1681490318,167927026,,2,/imu_driver,Current time 1681490318 166688919,driver.py,driver,56,"['/imu', '/rosout']"
1681490318.1929955,59765,1681490318,192641496,,2,/imu_driver,Current time 1681490318 191640853,driver.py,driver,56,"['/imu', '/rosout']"
1681490318.2182243,59766,1681490318,217757940,,2,/imu_driver,Current time 1681490318 216579437,driver.py,driver,56,"['/imu', '/rosout']"
1681490318.244545,59767,1681490318,243827342,,2,/imu_driver,Current time 1681490318 241967439,driver.py,driver,56,"['/imu', '/rosout']"
1681490318.268201,59768,1681490318,267783880,,2,/imu_driver,Current time 1681490318 266701459,driver.py,driver,56,"['/imu', '/rosout']"
1681490318.293193,59769,1681490318,292786598,,2,/imu_driver,Current time 1681490318 291496276,driver.py,driver,56,"['/imu', '/rosout']"
1681490318.3177874,59770,1681490318,317611455,,2,/imu_driver,Current time 1681490318 316568136,driver.py,driver,56,"['/imu', '/rosout']"
1681490318.3427627,59771,1681490318,342587709,,2,/imu_driver,Current time 1681490318 341553688,driver.py,driver,56,"['/imu', '/rosout']"
1681490318.3680425,59772,1681490318,367697000,,2,/imu_driver,Current time 1681490318 366514682,driver.py,driver,56,"['/imu', '/rosout']"
1681490318.3955257,59773,1681490318,395346879,,2,/imu_driver,Current time 1681490318 393803834,driver.py,driver,56,"['/imu', '/rosout']"
1681490318.41782,59774,1681490318,417543172,,2,/imu_driver,Current time 1681490318 416403770,driver.py,driver,56,"['/imu', '/rosout']"
1681490318.4180658,8,1681490318,417919576,,4,/record_1681490238361869733,Less than 5 x 1G of space free on disk with '2023-04-14-12-37-18.bag.active'.,/tmp/binarydeb/ros-noetic-rosbag-1.15.15/src/recorder.cpp,Recorder::checkDisk,771,['/rosout']
1681490318.4427876,59775,1681490318,442559003,,2,/imu_driver,Current time 1681490318 441562175,driver.py,driver,56,"['/imu', '/rosout']"
1681490318.4682145,59776,1681490318,467428922,,2,/imu_driver,Current time 1681490318 466405153,driver.py,driver,56,"['/imu', '/rosout']"
1681490318.4931974,59777,1681490318,492678880,,2,/imu_driver,Current time 1681490318 491361141,driver.py,driver,56,"['/imu', '/rosout']"
1681490318.5178676,59778,1681490318,517340183,,2,/imu_driver,Current time 1681490318 516386508,driver.py,driver,56,"['/imu', '/rosout']"
1681490318.5428274,59779,1681490318,542375326,,2,/imu_driver,Current time 1681490318 541414737,driver.py,driver,56,"['/imu', '/rosout']"
1681490318.5682876,59780,1681490318,567949771,,2,/imu_driver,Current time 1681490318 566498041,driver.py,driver,56,"['/imu', '/rosout']"
1681490318.5925956,59781,1681490318,592410802,,2,/imu_driver,Current time 1681490318 591292619,driver.py,driver,56,"['/imu', '/rosout']"
1681490318.6179643,59782,1681490318,617344141,,2,/imu_driver,Current time 1681490318 616363286,driver.py,driver,56,"['/imu', '/rosout']"
1681490318.6436694,59783,1681490318,643320083,,2,/imu_driver,Current time 1681490318 641324281,driver.py,driver,56,"['/imu', '/rosout']"
1681490318.6684144,59784,1681490318,668196678,,2,/imu_driver,Current time 1681490318 666368484,driver.py,driver,56,"['/imu', '/rosout']"
1681490318.6923945,59785,1681490318,692196130,,2,/imu_driver,Current time 1681490318 691175937,driver.py,driver,56,"['/imu', '/rosout']"
1681490318.7177355,59786,1681490318,717465162,,2,/imu_driver,Current time 1681490318 716234922,driver.py,driver,56,"['/imu', '/rosout']"
1681490318.7456248,59787,1681490318,745341300,,2,/imu_driver,Current time 1681490318 744002103,driver.py,driver,56,"['/imu', '/rosout']"
1681490318.767424,59788,1681490318,767235040,,2,/imu_driver,Current time 1681490318 766372203,driver.py,driver,56,"['/imu', '/rosout']"
1681490318.793594,59789,1681490318,793098926,,2,/imu_driver,Current time 1681490318 791319847,driver.py,driver,56,"['/imu', '/rosout']"
1681490318.8181245,59790,1681490318,817268371,,2,/imu_driver,Current time 1681490318 816282510,driver.py,driver,56,"['/imu', '/rosout']"
1681490318.8432083,59791,1681490318,842200756,,2,/imu_driver,Current time 1681490318 841096878,driver.py,driver,56,"['/imu', '/rosout']"
1681490318.8678055,59792,1681490318,867298126,,2,/imu_driver,Current time 1681490318 866182088,driver.py,driver,56,"['/imu', '/rosout']"
1681490318.8940735,59793,1681490318,893748044,,2,/imu_driver,Current time 1681490318 891197443,driver.py,driver,56,"['/imu', '/rosout']"
1681490318.9185388,59794,1681490318,917422294,,2,/imu_driver,Current time 1681490318 916226625,driver.py,driver,56,"['/imu', '/rosout']"
1681490318.9423966,59795,1681490318,942114353,,2,/imu_driver,Current time 1681490318 941140890,driver.py,driver,56,"['/imu', '/rosout']"
1681490318.9680424,59796,1681490318,967246055,,2,/imu_driver,Current time 1681490318 966163396,driver.py,driver,56,"['/imu', '/rosout']"
1681490318.9934278,59797,1681490318,992765665,,2,/imu_driver,Current time 1681490318 991317749,driver.py,driver,56,"['/imu', '/rosout']"
1681490319.0186424,59798,1681490319,17409086,,2,/imu_driver,Current time 1681490319 16053676,driver.py,driver,56,"['/imu', '/rosout']"
1681490319.0440414,59799,1681490319,42291164,,2,/imu_driver,Current time 1681490319 41096925,driver.py,driver,56,"['/imu', '/rosout']"
1681490319.068229,59800,1681490319,67592620,,2,/imu_driver,Current time 1681490319 66166877,driver.py,driver,56,"['/imu', '/rosout']"
1681490319.092834,59801,1681490319,92544317,,2,/imu_driver,Current time 1681490319 91104745,driver.py,driver,56,"['/imu', '/rosout']"
1681490319.1173425,59802,1681490319,116892337,,2,/imu_driver,Current time 1681490319 115912437,driver.py,driver,56,"['/imu', '/rosout']"
1681490319.1468964,59803,1681490319,146356821,,2,/imu_driver,Current time 1681490319 141190052,driver.py,driver,56,"['/imu', '/rosout']"
1681490319.169059,59804,1681490319,168235778,,2,/imu_driver,Current time 1681490319 165964126,driver.py,driver,56,"['/imu', '/rosout']"
1681490319.1924496,59805,1681490319,192258834,,2,/imu_driver,Current time 1681490319 191033601,driver.py,driver,56,"['/imu', '/rosout']"
1681490319.21733,59806,1681490319,217116594,,2,/imu_driver,Current time 1681490319 216033220,driver.py,driver,56,"['/imu', '/rosout']"
1681490319.2428033,59807,1681490319,242236375,,2,/imu_driver,Current time 1681490319 240921020,driver.py,driver,56,"['/imu', '/rosout']"
1681490319.2686586,59808,1681490319,267980337,,2,/imu_driver,Current time 1681490319 266909360,driver.py,driver,56,"['/imu', '/rosout']"
1681490319.2927198,59809,1681490319,292060852,,2,/imu_driver,Current time 1681490319 291013717,driver.py,driver,56,"['/imu', '/rosout']"
1681490319.3183396,59810,1681490319,317991495,,2,/imu_driver,Current time 1681490319 316967725,driver.py,driver,56,"['/imu', '/rosout']"
1681490319.3432066,59811,1681490319,342749595,,2,/imu_driver,Current time 1681490319 341771364,driver.py,driver,56,"['/imu', '/rosout']"
1681490319.3682547,59812,1681490319,367917537,,2,/imu_driver,Current time 1681490319 366857767,driver.py,driver,56,"['/imu', '/rosout']"
1681490319.3937132,59813,1681490319,393234491,,2,/imu_driver,Current time 1681490319 391746282,driver.py,driver,56,"['/imu', '/rosout']"
1681490319.418291,59814,1681490319,417714834,,2,/imu_driver,Current time 1681490319 416739940,driver.py,driver,56,"['/imu', '/rosout']"
1681490319.4431314,59815,1681490319,442650318,,2,/imu_driver,Current time 1681490319 441720724,driver.py,driver,56,"['/imu', '/rosout']"
1681490319.4682884,59816,1681490319,467934131,,2,/imu_driver,Current time 1681490319 466919183,driver.py,driver,56,"['/imu', '/rosout']"
1681490319.493604,59817,1681490319,493262529,,2,/imu_driver,Current time 1681490319 491677761,driver.py,driver,56,"['/imu', '/rosout']"
1681490319.5183427,59818,1681490319,517981529,,2,/imu_driver,Current time 1681490319 516866922,driver.py,driver,56,"['/imu', '/rosout']"
1681490319.5433192,59819,1681490319,543014764,,2,/imu_driver,Current time 1681490319 541692495,driver.py,driver,56,"['/imu', '/rosout']"
1681490319.5680664,59820,1681490319,567764282,,2,/imu_driver,Current time 1681490319 566630840,driver.py,driver,56,"['/imu', '/rosout']"
1681490319.5931897,59821,1681490319,592720270,,2,/imu_driver,Current time 1681490319 591635227,driver.py,driver,56,"['/imu', '/rosout']"
1681490319.618386,59822,1681490319,617891311,,2,/imu_driver,Current time 1681490319 616737365,driver.py,driver,56,"['/imu', '/rosout']"
1681490319.6433904,59823,1681490319,642613172,,2,/imu_driver,Current time 1681490319 641524553,driver.py,driver,56,"['/imu', '/rosout']"
1681490319.6681173,59824,1681490319,667667627,,2,/imu_driver,Current time 1681490319 666592597,driver.py,driver,56,"['/imu', '/rosout']"
1681490319.693104,59825,1681490319,692676544,,2,/imu_driver,Current time 1681490319 691666364,driver.py,driver,56,"['/imu', '/rosout']"
1681490319.7178125,59826,1681490319,717551708,,2,/imu_driver,Current time 1681490319 716494798,driver.py,driver,56,"['/imu', '/rosout']"
1681490319.7432702,59827,1681490319,742713689,,2,/imu_driver,Current time 1681490319 741752862,driver.py,driver,56,"['/imu', '/rosout']"
1681490319.7681773,59828,1681490319,767603158,,2,/imu_driver,Current time 1681490319 766484260,driver.py,driver,56,"['/imu', '/rosout']"
1681490319.795936,59829,1681490319,794020891,,2,/imu_driver,Current time 1681490319 791458129,driver.py,driver,56,"['/imu', '/rosout']"
1681490319.817844,59830,1681490319,817406654,,2,/imu_driver,Current time 1681490319 816426038,driver.py,driver,56,"['/imu', '/rosout']"
1681490319.842976,59831,1681490319,842508077,,2,/imu_driver,Current time 1681490319 841542959,driver.py,driver,56,"['/imu', '/rosout']"
1681490319.8682258,59832,1681490319,867585420,,2,/imu_driver,Current time 1681490319 866583585,driver.py,driver,56,"['/imu', '/rosout']"
1681490319.896271,59833,1681490319,892756223,,2,/imu_driver,Current time 1681490319 891335964,driver.py,driver,56,"['/imu', '/rosout']"
1681490319.918466,59834,1681490319,917682409,,2,/imu_driver,Current time 1681490319 916373014,driver.py,driver,56,"['/imu', '/rosout']"
1681490319.9427521,59835,1681490319,942366838,,2,/imu_driver,Current time 1681490319 941389799,driver.py,driver,56,"['/imu', '/rosout']"
1681490319.9682078,59836,1681490319,967491388,,2,/imu_driver,Current time 1681490319 966505289,driver.py,driver,56,"['/imu', '/rosout']"
1681490319.9941764,59837,1681490319,993136882,,2,/imu_driver,Current time 1681490319 991536617,driver.py,driver,56,"['/imu', '/rosout']"
1681490320.018087,59838,1681490320,17708539,,2,/imu_driver,Current time 1681490320 16529083,driver.py,driver,56,"['/imu', '/rosout']"
1681490320.0436742,59839,1681490320,42576074,,2,/imu_driver,Current time 1681490320 41337251,driver.py,driver,56,"['/imu', '/rosout']"
1681490320.0677524,59840,1681490320,67357301,,2,/imu_driver,Current time 1681490320 66429138,driver.py,driver,56,"['/imu', '/rosout']"
1681490320.0929627,59841,1681490320,92455148,,2,/imu_driver,Current time 1681490320 91417074,driver.py,driver,56,"['/imu', '/rosout']"
1681490320.1192424,59842,1681490320,118614196,,2,/imu_driver,Current time 1681490320 117324352,driver.py,driver,56,"['/imu', '/rosout']"
1681490320.1458514,59843,1681490320,143299818,,2,/imu_driver,Current time 1681490320 141674995,driver.py,driver,56,"['/imu', '/rosout']"
1681490320.1682262,59844,1681490320,167714357,,2,/imu_driver,Current time 1681490320 166371345,driver.py,driver,56,"['/imu', '/rosout']"
1681490320.194015,59845,1681490320,192413091,,2,/imu_driver,Current time 1681490320 191235780,driver.py,driver,56,"['/imu', '/rosout']"
1681490320.217695,59846,1681490320,217432975,,2,/imu_driver,Current time 1681490320 216261863,driver.py,driver,56,"['/imu', '/rosout']"
1681490320.2430742,59847,1681490320,242606401,,2,/imu_driver,Current time 1681490320 241161108,driver.py,driver,56,"['/imu', '/rosout']"
1681490320.2677977,59848,1681490320,267233610,,2,/imu_driver,Current time 1681490320 266207218,driver.py,driver,56,"['/imu', '/rosout']"
1681490320.2939224,59849,1681490320,292645931,,2,/imu_driver,Current time 1681490320 291168689,driver.py,driver,56,"['/imu', '/rosout']"
1681490320.3177893,59850,1681490320,317147493,,2,/imu_driver,Current time 1681490320 316078424,driver.py,driver,56,"['/imu', '/rosout']"
1681490320.3425398,59851,1681490320,341951131,,2,/imu_driver,Current time 1681490320 341010093,driver.py,driver,56,"['/imu', '/rosout']"
1681490320.3676515,59852,1681490320,367249250,,2,/imu_driver,Current time 1681490320 366250753,driver.py,driver,56,"['/imu', '/rosout']"
1681490320.3927,59853,1681490320,392433643,,2,/imu_driver,Current time 1681490320 391000986,driver.py,driver,56,"['/imu', '/rosout']"
1681490320.4175313,59854,1681490320,417310953,,2,/imu_driver,Current time 1681490320 415976762,driver.py,driver,56,"['/imu', '/rosout']"
1681490320.4421957,59855,1681490320,442011356,,2,/imu_driver,Current time 1681490320 441018104,driver.py,driver,56,"['/imu', '/rosout']"
1681490320.4674962,59856,1681490320,467182397,,2,/imu_driver,Current time 1681490320 466031074,driver.py,driver,56,"['/imu', '/rosout']"
1681490320.4940352,59857,1681490320,493102788,,2,/imu_driver,Current time 1681490320 491290569,driver.py,driver,56,"['/imu', '/rosout']"
1681490320.5174346,59858,1681490320,517229318,,2,/imu_driver,Current time 1681490320 516045570,driver.py,driver,56,"['/imu', '/rosout']"
1681490320.543218,59859,1681490320,542178869,,2,/imu_driver,Current time 1681490320 541017293,driver.py,driver,56,"['/imu', '/rosout']"
1681490320.5676606,59860,1681490320,567145824,,2,/imu_driver,Current time 1681490320 566035032,driver.py,driver,56,"['/imu', '/rosout']"
1681490320.5924647,59861,1681490320,591890335,,2,/imu_driver,Current time 1681490320 590915918,driver.py,driver,56,"['/imu', '/rosout']"
1681490320.6183264,59862,1681490320,618002414,,2,/imu_driver,Current time 1681490320 616860628,driver.py,driver,56,"['/imu', '/rosout']"
1681490320.643484,59863,1681490320,642973899,,2,/imu_driver,Current time 1681490320 641732692,driver.py,driver,56,"['/imu', '/rosout']"
1681490320.6683853,59864,1681490320,667795658,,2,/imu_driver,Current time 1681490320 666818618,driver.py,driver,56,"['/imu', '/rosout']"
1681490320.6925054,59865,1681490320,691880702,,2,/imu_driver,Current time 1681490320 690857648,driver.py,driver,56,"['/imu', '/rosout']"
1681490320.7181125,59866,1681490320,717880487,,2,/imu_driver,Current time 1681490320 716763496,driver.py,driver,56,"['/imu', '/rosout']"
1681490320.7435844,59867,1681490320,743222236,,2,/imu_driver,Current time 1681490320 741848230,driver.py,driver,56,"['/imu', '/rosout']"
1681490320.7682462,59868,1681490320,767958641,,2,/imu_driver,Current time 1681490320 767084598,driver.py,driver,56,"['/imu', '/rosout']"
1681490320.7936678,59869,1681490320,793033361,,2,/imu_driver,Current time 1681490320 791790485,driver.py,driver,56,"['/imu', '/rosout']"
1681490320.8181796,59870,1681490320,817849159,,2,/imu_driver,Current time 1681490320 816803216,driver.py,driver,56,"['/imu', '/rosout']"
1681490320.843035,59871,1681490320,842764139,,2,/imu_driver,Current time 1681490320 841735124,driver.py,driver,56,"['/imu', '/rosout']"
1681490320.8686056,59872,1681490320,867890834,,2,/imu_driver,Current time 1681490320 866724252,driver.py,driver,56,"['/imu', '/rosout']"
1681490320.8941138,59873,1681490320,893374919,,2,/imu_driver,Current time 1681490320 892152309,driver.py,driver,56,"['/imu', '/rosout']"
1681490320.9181874,59874,1681490320,917705297,,2,/imu_driver,Current time 1681490320 916676521,driver.py,driver,56,"['/imu', '/rosout']"
1681490320.9433026,59875,1681490320,942694425,,2,/imu_driver,Current time 1681490320 941740989,driver.py,driver,56,"['/imu', '/rosout']"
1681490320.9683735,59876,1681490320,967719078,,2,/imu_driver,Current time 1681490320 966584205,driver.py,driver,56,"['/imu', '/rosout']"
1681490320.9933107,59877,1681490320,992758750,,2,/imu_driver,Current time 1681490320 991619825,driver.py,driver,56,"['/imu', '/rosout']"
1681490321.0176141,59878,1681490321,17361164,,2,/imu_driver,Current time 1681490321 16468524,driver.py,driver,56,"['/imu', '/rosout']"
1681490321.0436194,59879,1681490321,42832374,,2,/imu_driver,Current time 1681490321 41541099,driver.py,driver,56,"['/imu', '/rosout']"
1681490321.0679264,59880,1681490321,67676067,,2,/imu_driver,Current time 1681490321 66516160,driver.py,driver,56,"['/imu', '/rosout']"
1681490321.093082,59881,1681490321,92609643,,2,/imu_driver,Current time 1681490321 91655969,driver.py,driver,56,"['/imu', '/rosout']"
1681490321.1179473,59882,1681490321,117659568,,2,/imu_driver,Current time 1681490321 116545677,driver.py,driver,56,"['/imu', '/rosout']"
1681490321.143338,59883,1681490321,142780065,,2,/imu_driver,Current time 1681490321 141545534,driver.py,driver,56,"['/imu', '/rosout']"
1681490321.1689098,59884,1681490321,167889595,,2,/imu_driver,Current time 1681490321 166566371,driver.py,driver,56,"['/imu', '/rosout']"
1681490321.1934047,59885,1681490321,192813396,,2,/imu_driver,Current time 1681490321 191456079,driver.py,driver,56,"['/imu', '/rosout']"
1681490321.217898,59886,1681490321,217355966,,2,/imu_driver,Current time 1681490321 216445684,driver.py,driver,56,"['/imu', '/rosout']"
1681490321.2429974,59887,1681490321,242468118,,2,/imu_driver,Current time 1681490321 241421461,driver.py,driver,56,"['/imu', '/rosout']"
1681490321.2679958,59888,1681490321,267454385,,2,/imu_driver,Current time 1681490321 266340494,driver.py,driver,56,"['/imu', '/rosout']"
1681490321.293594,59889,1681490321,292969703,,2,/imu_driver,Current time 1681490321 291539669,driver.py,driver,56,"['/imu', '/rosout']"
1681490321.3193715,59890,1681490321,318595170,,2,/imu_driver,Current time 1681490321 317122220,driver.py,driver,56,"['/imu', '/rosout']"
1681490321.3427994,59891,1681490321,342536687,,2,/imu_driver,Current time 1681490321 341462850,driver.py,driver,56,"['/imu', '/rosout']"
1681490321.367913,59892,1681490321,367537260,,2,/imu_driver,Current time 1681490321 366342067,driver.py,driver,56,"['/imu', '/rosout']"
1681490321.3929198,59893,1681490321,392613410,,2,/imu_driver,Current time 1681490321 391244649,driver.py,driver,56,"['/imu', '/rosout']"
1681490321.417483,59894,1681490321,417319536,,2,/imu_driver,Current time 1681490321 416307449,driver.py,driver,56,"['/imu', '/rosout']"
1681490321.4428332,59895,1681490321,442586898,,2,/imu_driver,Current time 1681490321 441324234,driver.py,driver,56,"['/imu', '/rosout']"
1681490321.467547,59896,1681490321,467414617,,2,/imu_driver,Current time 1681490321 466441154,driver.py,driver,56,"['/imu', '/rosout']"
1681490321.4925745,59897,1681490321,492359876,,2,/imu_driver,Current time 1681490321 491209268,driver.py,driver,56,"['/imu', '/rosout']"
1681490321.517499,59898,1681490321,517327308,,2,/imu_driver,Current time 1681490321 516232252,driver.py,driver,56,"['/imu', '/rosout']"
1681490321.5429497,59899,1681490321,542727708,,2,/imu_driver,Current time 1681490321 541260242,driver.py,driver,56,"['/imu', '/rosout']"
1681490321.5676253,59900,1681490321,567403078,,2,/imu_driver,Current time 1681490321 566251754,driver.py,driver,56,"['/imu', '/rosout']"
1681490321.5924044,59901,1681490321,592170953,,2,/imu_driver,Current time 1681490321 591102361,driver.py,driver,56,"['/imu', '/rosout']"
1681490321.617594,59902,1681490321,617393255,,2,/imu_driver,Current time 1681490321 616210222,driver.py,driver,56,"['/imu', '/rosout']"
1681490321.6457357,59903,1681490321,645139455,,2,/imu_driver,Current time 1681490321 643800497,driver.py,driver,56,"['/imu', '/rosout']"
1681490321.6676273,59904,1681490321,667295694,,2,/imu_driver,Current time 1681490321 666223764,driver.py,driver,56,"['/imu', '/rosout']"
1681490321.697572,59905,1681490321,697303533,,2,/imu_driver,Current time 1681490321 691252470,driver.py,driver,56,"['/imu', '/rosout']"
1681490321.7174857,59906,1681490321,717298030,,2,/imu_driver,Current time 1681490321 716129302,driver.py,driver,56,"['/imu', '/rosout']"
1681490321.7424848,59907,1681490321,742273807,,2,/imu_driver,Current time 1681490321 741172790,driver.py,driver,56,"['/imu', '/rosout']"
1681490321.7673793,59908,1681490321,767148971,,2,/imu_driver,Current time 1681490321 766086816,driver.py,driver,56,"['/imu', '/rosout']"
1681490321.7932959,59909,1681490321,793066501,,2,/imu_driver,Current time 1681490321 791272163,driver.py,driver,56,"['/imu', '/rosout']"
1681490321.8175354,59910,1681490321,817301750,,2,/imu_driver,Current time 1681490321 816153287,driver.py,driver,56,"['/imu', '/rosout']"
1681490321.8423672,59911,1681490321,842197418,,2,/imu_driver,Current time 1681490321 841133594,driver.py,driver,56,"['/imu', '/rosout']"
1681490321.8747926,59912,1681490321,874001979,,2,/imu_driver,Current time 1681490321 872718334,driver.py,driver,56,"['/imu', '/rosout']"
1681490321.892563,59913,1681490321,891997337,,2,/imu_driver,Current time 1681490321 890901088,driver.py,driver,56,"['/imu', '/rosout']"
1681490321.9178715,59914,1681490321,917097568,,2,/imu_driver,Current time 1681490321 915974140,driver.py,driver,56,"['/imu', '/rosout']"
1681490321.9460275,59915,1681490321,945792675,,2,/imu_driver,Current time 1681490321 944600343,driver.py,driver,56,"['/imu', '/rosout']"
1681490321.9683142,59916,1681490321,967928886,,2,/imu_driver,Current time 1681490321 966762304,driver.py,driver,56,"['/imu', '/rosout']"
1681490321.9933887,59917,1681490321,993114948,,2,/imu_driver,Current time 1681490321 991802453,driver.py,driver,56,"['/imu', '/rosout']"
1681490322.018197,59918,1681490322,17957687,,2,/imu_driver,Current time 1681490322 16822576,driver.py,driver,56,"['/imu', '/rosout']"
1681490322.0441,59919,1681490322,43878078,,2,/imu_driver,Current time 1681490322 42001247,driver.py,driver,56,"['/imu', '/rosout']"
1681490322.0683072,59920,1681490322,68063974,,2,/imu_driver,Current time 1681490322 66812276,driver.py,driver,56,"['/imu', '/rosout']"
1681490322.0951016,59921,1681490322,94256877,,2,/imu_driver,Current time 1681490322 91830015,driver.py,driver,56,"['/imu', '/rosout']"
1681490322.1186347,59922,1681490322,118196487,,2,/imu_driver,Current time 1681490322 116723299,driver.py,driver,56,"['/imu', '/rosout']"
1681490322.1435018,59923,1681490322,142782926,,2,/imu_driver,Current time 1681490322 141760110,driver.py,driver,56,"['/imu', '/rosout']"
1681490322.1680415,59924,1681490322,167841196,,2,/imu_driver,Current time 1681490322 166700839,driver.py,driver,56,"['/imu', '/rosout']"
1681490322.1946578,59925,1681490322,193688869,,2,/imu_driver,Current time 1681490322 192337989,driver.py,driver,56,"['/imu', '/rosout']"
1681490322.2200918,59926,1681490322,218040227,,2,/imu_driver,Current time 1681490322 216851949,driver.py,driver,56,"['/imu', '/rosout']"
1681490322.2430146,59927,1681490322,242742776,,2,/imu_driver,Current time 1681490322 241694927,driver.py,driver,56,"['/imu', '/rosout']"
1681490322.2689285,59928,1681490322,268146991,,2,/imu_driver,Current time 1681490322 266931056,driver.py,driver,56,"['/imu', '/rosout']"
1681490322.2946167,59929,1681490322,294284820,,2,/imu_driver,Current time 1681490322 293012619,driver.py,driver,56,"['/imu', '/rosout']"
1681490322.318097,59930,1681490322,317775011,,2,/imu_driver,Current time 1681490322 316619157,driver.py,driver,56,"['/imu', '/rosout']"
1681490322.343855,59931,1681490322,342915773,,2,/imu_driver,Current time 1681490322 341845273,driver.py,driver,56,"['/imu', '/rosout']"
1681490322.368302,59932,1681490322,367619276,,2,/imu_driver,Current time 1681490322 366552352,driver.py,driver,56,"['/imu', '/rosout']"
1681490322.393495,59933,1681490322,392822742,,2,/imu_driver,Current time 1681490322 391704559,driver.py,driver,56,"['/imu', '/rosout']"
1681490322.4229305,59934,1681490322,422383308,,2,/imu_driver,Current time 1681490322 421153783,driver.py,driver,56,"['/imu', '/rosout']"
1681490322.4451697,59935,1681490322,444158554,,2,/imu_driver,Current time 1681490322 442391872,driver.py,driver,56,"['/imu', '/rosout']"
1681490322.4683335,59936,1681490322,467764139,,2,/imu_driver,Current time 1681490322 466632843,driver.py,driver,56,"['/imu', '/rosout']"
1681490322.4931943,59937,1681490322,492764949,,2,/imu_driver,Current time 1681490322 491502523,driver.py,driver,56,"['/imu', '/rosout']"
1681490322.518546,59938,1681490322,517849206,,2,/imu_driver,Current time 1681490322 516651868,driver.py,driver,56,"['/imu', '/rosout']"
1681490322.5433483,59939,1681490322,543113231,,2,/imu_driver,Current time 1681490322 541578054,driver.py,driver,56,"['/imu', '/rosout']"
1681490322.5682304,59940,1681490322,568016052,,2,/imu_driver,Current time 1681490322 566713571,driver.py,driver,56,"['/imu', '/rosout']"
1681490322.5928035,59941,1681490322,592591762,,2,/imu_driver,Current time 1681490322 591368198,driver.py,driver,56,"['/imu', '/rosout']"
1681490322.6178799,59942,1681490322,617650747,,2,/imu_driver,Current time 1681490322 616644382,driver.py,driver,56,"['/imu', '/rosout']"
1681490322.6427164,59943,1681490322,642477989,,2,/imu_driver,Current time 1681490322 641429901,driver.py,driver,56,"['/imu', '/rosout']"
1681490322.6677673,59944,1681490322,667593240,,2,/imu_driver,Current time 1681490322 666567087,driver.py,driver,56,"['/imu', '/rosout']"
1681490322.6928828,59945,1681490322,692582845,,2,/imu_driver,Current time 1681490322 691344976,driver.py,driver,56,"['/imu', '/rosout']"
1681490322.7176628,59946,1681490322,717449903,,2,/imu_driver,Current time 1681490322 716519832,driver.py,driver,56,"['/imu', '/rosout']"
1681490322.7425444,59947,1681490322,742379665,,2,/imu_driver,Current time 1681490322 741351127,driver.py,driver,56,"['/imu', '/rosout']"
1681490322.7676663,59948,1681490322,767432689,,2,/imu_driver,Current time 1681490322 766312122,driver.py,driver,56,"['/imu', '/rosout']"
1681490322.7936313,59949,1681490322,793422222,,2,/imu_driver,Current time 1681490322 791958808,driver.py,driver,56,"['/imu', '/rosout']"
1681490322.8177352,59950,1681490322,817520856,,2,/imu_driver,Current time 1681490322 816431283,driver.py,driver,56,"['/imu', '/rosout']"
1681490322.8425481,59951,1681490322,842324972,,2,/imu_driver,Current time 1681490322 841263771,driver.py,driver,56,"['/imu', '/rosout']"
1681490322.8677275,59952,1681490322,867539167,,2,/imu_driver,Current time 1681490322 866407632,driver.py,driver,56,"['/imu', '/rosout']"
1681490322.892625,59953,1681490322,892391443,,2,/imu_driver,Current time 1681490322 891236782,driver.py,driver,56,"['/imu', '/rosout']"
1681490322.917527,59954,1681490322,917337656,,2,/imu_driver,Current time 1681490322 916111469,driver.py,driver,56,"['/imu', '/rosout']"
1681490322.9433124,59955,1681490322,942799091,,2,/imu_driver,Current time 1681490322 941371440,driver.py,driver,56,"['/imu', '/rosout']"
1681490322.969301,59956,1681490322,967470645,,2,/imu_driver,Current time 1681490322 966374874,driver.py,driver,56,"['/imu', '/rosout']"
1681490322.992351,59957,1681490322,992146968,,2,/imu_driver,Current time 1681490322 991165161,driver.py,driver,56,"['/imu', '/rosout']"
1681490323.017708,59958,1681490323,17270803,,2,/imu_driver,Current time 1681490323 16234159,driver.py,driver,56,"['/imu', '/rosout']"
1681490323.0433965,59959,1681490323,42872667,,2,/imu_driver,Current time 1681490323 41246891,driver.py,driver,56,"['/imu', '/rosout']"
1681490323.068498,59960,1681490323,67378759,,2,/imu_driver,Current time 1681490323 66143751,driver.py,driver,56,"['/imu', '/rosout']"
1681490323.092903,59961,1681490323,92396974,,2,/imu_driver,Current time 1681490323 91217517,driver.py,driver,56,"['/imu', '/rosout']"
1681490323.1176505,59962,1681490323,117226600,,2,/imu_driver,Current time 1681490323 116168022,driver.py,driver,56,"['/imu', '/rosout']"
1681490323.142908,59963,1681490323,142332553,,2,/imu_driver,Current time 1681490323 141168594,driver.py,driver,56,"['/imu', '/rosout']"
1681490323.1681187,59964,1681490323,167571544,,2,/imu_driver,Current time 1681490323 166149139,driver.py,driver,56,"['/imu', '/rosout']"
1681490323.1935084,59965,1681490323,192708015,,2,/imu_driver,Current time 1681490323 191096544,driver.py,driver,56,"['/imu', '/rosout']"
1681490323.2223842,59966,1681490323,221611022,,2,/imu_driver,Current time 1681490323 220375776,driver.py,driver,56,"['/imu', '/rosout']"
1681490323.2427435,59967,1681490323,242195129,,2,/imu_driver,Current time 1681490323 241068601,driver.py,driver,56,"['/imu', '/rosout']"
1681490323.2681494,59968,1681490323,267248153,,2,/imu_driver,Current time 1681490323 265976905,driver.py,driver,56,"['/imu', '/rosout']"
1681490323.2934988,59969,1681490323,292864561,,2,/imu_driver,Current time 1681490323 291415452,driver.py,driver,56,"['/imu', '/rosout']"
1681490323.3190906,59970,1681490323,318261384,,2,/imu_driver,Current time 1681490323 317159652,driver.py,driver,56,"['/imu', '/rosout']"
1681490323.3444088,59971,1681490323,343129873,,2,/imu_driver,Current time 1681490323 341824769,driver.py,driver,56,"['/imu', '/rosout']"
1681490323.3685923,59972,1681490323,368062734,,2,/imu_driver,Current time 1681490323 366998195,driver.py,driver,56,"['/imu', '/rosout']"
1681490323.393579,59973,1681490323,392961978,,2,/imu_driver,Current time 1681490323 391863346,driver.py,driver,56,"['/imu', '/rosout']"
1681490323.4184647,59974,1681490323,417719125,,2,/imu_driver,Current time 1681490323 416727781,driver.py,driver,56,"['/imu', '/rosout']"
1681490323.443641,59975,1681490323,443265676,,2,/imu_driver,Current time 1681490323 441815376,driver.py,driver,56,"['/imu', '/rosout']"
1681490323.468884,59976,1681490323,468009471,,2,/imu_driver,Current time 1681490323 466692924,driver.py,driver,56,"['/imu', '/rosout']"
1681490323.4930344,59977,1681490323,492746829,,2,/imu_driver,Current time 1681490323 491721391,driver.py,driver,56,"['/imu', '/rosout']"
1681490323.5182948,59978,1681490323,517814636,,2,/imu_driver,Current time 1681490323 516752243,driver.py,driver,56,"['/imu', '/rosout']"
1681490323.5434523,59979,1681490323,542956590,,2,/imu_driver,Current time 1681490323 541700363,driver.py,driver,56,"['/imu', '/rosout']"
1681490323.56911,59980,1681490323,567970514,,2,/imu_driver,Current time 1681490323 566653490,driver.py,driver,56,"['/imu', '/rosout']"
1681490323.596439,59981,1681490323,593392372,,2,/imu_driver,Current time 1681490323 591643810,driver.py,driver,56,"['/imu', '/rosout']"
1681490323.618947,59982,1681490323,618332386,,2,/imu_driver,Current time 1681490323 616752624,driver.py,driver,56,"['/imu', '/rosout']"
1681490323.6430435,59983,1681490323,642797470,,2,/imu_driver,Current time 1681490323 641619205,driver.py,driver,56,"['/imu', '/rosout']"
1681490323.6687331,59984,1681490323,667937755,,2,/imu_driver,Current time 1681490323 666642427,driver.py,driver,56,"['/imu', '/rosout']"
1681490323.6974933,59985,1681490323,697092533,,2,/imu_driver,Current time 1681490323 694529294,driver.py,driver,56,"['/imu', '/rosout']"
1681490323.7180822,59986,1681490323,717623949,,2,/imu_driver,Current time 1681490323 716662168,driver.py,driver,56,"['/imu', '/rosout']"
1681490323.74326,59987,1681490323,742668867,,2,/imu_driver,Current time 1681490323 741687536,driver.py,driver,56,"['/imu', '/rosout']"
1681490323.7678509,59988,1681490323,767601013,,2,/imu_driver,Current time 1681490323 766639947,driver.py,driver,56,"['/imu', '/rosout']"
1681490323.792887,59989,1681490323,792646646,,2,/imu_driver,Current time 1681490323 791628360,driver.py,driver,56,"['/imu', '/rosout']"
1681490323.8185925,59990,1681490323,818379402,,2,/imu_driver,Current time 1681490323 816954851,driver.py,driver,56,"['/imu', '/rosout']"
1681490323.8453877,59991,1681490323,845072269,,2,/imu_driver,Current time 1681490323 841771125,driver.py,driver,56,"['/imu', '/rosout']"
1681490323.868184,59992,1681490323,867600202,,2,/imu_driver,Current time 1681490323 866525650,driver.py,driver,56,"['/imu', '/rosout']"
1681490323.893377,59993,1681490323,892728567,,2,/imu_driver,Current time 1681490323 891538143,driver.py,driver,56,"['/imu', '/rosout']"
1681490323.9176562,59994,1681490323,917475700,,2,/imu_driver,Current time 1681490323 916435003,driver.py,driver,56,"['/imu', '/rosout']"
1681490323.9441378,59995,1681490323,943399667,,2,/imu_driver,Current time 1681490323 941489934,driver.py,driver,56,"['/imu', '/rosout']"
1681490323.9680278,59996,1681490323,967717409,,2,/imu_driver,Current time 1681490323 966603517,driver.py,driver,56,"['/imu', '/rosout']"
1681490323.9938006,59997,1681490323,993330001,,2,/imu_driver,Current time 1681490323 991477966,driver.py,driver,56,"['/imu', '/rosout']"
1681490324.0179393,59998,1681490324,17707824,,2,/imu_driver,Current time 1681490324 16568660,driver.py,driver,56,"['/imu', '/rosout']"
1681490324.042841,59999,1681490324,42644739,,2,/imu_driver,Current time 1681490324 41586875,driver.py,driver,56,"['/imu', '/rosout']"
1681490324.0676732,60000,1681490324,67389011,,2,/imu_driver,Current time 1681490324 66311359,driver.py,driver,56,"['/imu', '/rosout']"
1681490324.0933075,60001,1681490324,93126058,,2,/imu_driver,Current time 1681490324 91797351,driver.py,driver,56,"['/imu', '/rosout']"
1681490324.118924,60002,1681490324,118717193,,2,/imu_driver,Current time 1681490324 117504835,driver.py,driver,56,"['/imu', '/rosout']"
1681490324.1427,60003,1681490324,142538547,,2,/imu_driver,Current time 1681490324 141437768,driver.py,driver,56,"['/imu', '/rosout']"
1681490324.167936,60004,1681490324,167602539,,2,/imu_driver,Current time 1681490324 166427373,driver.py,driver,56,"['/imu', '/rosout']"
1681490324.1934636,60005,1681490324,192747831,,2,/imu_driver,Current time 1681490324 191344499,driver.py,driver,56,"['/imu', '/rosout']"
1681490324.2177558,60006,1681490324,217511892,,2,/imu_driver,Current time 1681490324 216421604,driver.py,driver,56,"['/imu', '/rosout']"
1681490324.2433174,60007,1681490324,242524385,,2,/imu_driver,Current time 1681490324 241107702,driver.py,driver,56,"['/imu', '/rosout']"
1681490324.2675908,60008,1681490324,267299413,,2,/imu_driver,Current time 1681490324 266248703,driver.py,driver,56,"['/imu', '/rosout']"
1681490324.2927709,60009,1681490324,292475223,,2,/imu_driver,Current time 1681490324 291358709,driver.py,driver,56,"['/imu', '/rosout']"
1681490324.3184893,60010,1681490324,317676305,,2,/imu_driver,Current time 1681490324 316351652,driver.py,driver,56,"['/imu', '/rosout']"
1681490324.3461225,60011,1681490324,345021247,,2,/imu_driver,Current time 1681490324 341554641,driver.py,driver,56,"['/imu', '/rosout']"
1681490324.3685849,60012,1681490324,368021726,,2,/imu_driver,Current time 1681490324 366727590,driver.py,driver,56,"['/imu', '/rosout']"
1681490324.392765,60013,1681490324,392340660,,2,/imu_driver,Current time 1681490324 391260862,driver.py,driver,56,"['/imu', '/rosout']"
1681490324.4176307,60014,1681490324,417221546,,2,/imu_driver,Current time 1681490324 416174650,driver.py,driver,56,"['/imu', '/rosout']"
1681490324.4429681,60015,1681490324,442629337,,2,/imu_driver,Current time 1681490324 441148996,driver.py,driver,56,"['/imu', '/rosout']"
1681490324.468271,60016,1681490324,467427015,,2,/imu_driver,Current time 1681490324 466113567,driver.py,driver,56,"['/imu', '/rosout']"
1681490324.4933956,60017,1681490324,492837190,,2,/imu_driver,Current time 1681490324 491634845,driver.py,driver,56,"['/imu', '/rosout']"
1681490324.5178041,60018,1681490324,517269611,,2,/imu_driver,Current time 1681490324 516150474,driver.py,driver,56,"['/imu', '/rosout']"
1681490324.542844,60019,1681490324,542272090,,2,/imu_driver,Current time 1681490324 541198492,driver.py,driver,56,"['/imu', '/rosout']"
1681490324.567466,60020,1681490324,567186832,,2,/imu_driver,Current time 1681490324 566091060,driver.py,driver,56,"['/imu', '/rosout']"
1681490324.593594,60021,1681490324,592860937,,2,/imu_driver,Current time 1681490324 591143131,driver.py,driver,56,"['/imu', '/rosout']"
1681490324.6189373,60022,1681490324,618241786,,2,/imu_driver,Current time 1681490324 616953611,driver.py,driver,56,"['/imu', '/rosout']"
1681490324.6423337,60023,1681490324,642079114,,2,/imu_driver,Current time 1681490324 640984058,driver.py,driver,56,"['/imu', '/rosout']"
1681490324.6685514,60024,1681490324,668242931,,2,/imu_driver,Current time 1681490324 667084217,driver.py,driver,56,"['/imu', '/rosout']"
1681490324.6928716,60025,1681490324,692481279,,2,/imu_driver,Current time 1681490324 691018819,driver.py,driver,56,"['/imu', '/rosout']"
1681490324.7184815,60026,1681490324,718260765,,2,/imu_driver,Current time 1681490324 716988563,driver.py,driver,56,"['/imu', '/rosout']"
1681490324.7434087,60027,1681490324,743132829,,2,/imu_driver,Current time 1681490324 741862058,driver.py,driver,56,"['/imu', '/rosout']"
1681490324.7683191,60028,1681490324,767962932,,2,/imu_driver,Current time 1681490324 766846179,driver.py,driver,56,"['/imu', '/rosout']"
1681490324.7933915,60029,1681490324,793148994,,2,/imu_driver,Current time 1681490324 791838884,driver.py,driver,56,"['/imu', '/rosout']"
1681490324.8183103,60030,1681490324,818104743,,2,/imu_driver,Current time 1681490324 816934347,driver.py,driver,56,"['/imu', '/rosout']"
1681490324.8462563,60031,1681490324,845948696,,2,/imu_driver,Current time 1681490324 844536304,driver.py,driver,56,"['/imu', '/rosout']"
1681490324.8682988,60032,1681490324,867979288,,2,/imu_driver,Current time 1681490324 866938591,driver.py,driver,56,"['/imu', '/rosout']"
1681490324.8932288,60033,1681490324,893052339,,2,/imu_driver,Current time 1681490324 892000675,driver.py,driver,56,"['/imu', '/rosout']"
1681490324.9179213,60034,1681490324,917694807,,2,/imu_driver,Current time 1681490324 916678905,driver.py,driver,56,"['/imu', '/rosout']"
1681490324.9433477,60035,1681490324,943159580,,2,/imu_driver,Current time 1681490324 941764116,driver.py,driver,56,"['/imu', '/rosout']"
1681490324.9681208,60036,1681490324,967887401,,2,/imu_driver,Current time 1681490324 966697454,driver.py,driver,56,"['/imu', '/rosout']"
1681490324.9929698,60037,1681490324,992738008,,2,/imu_driver,Current time 1681490324 991609096,driver.py,driver,56,"['/imu', '/rosout']"
1681490325.0179894,60038,1681490325,17830371,,2,/imu_driver,Current time 1681490325 16889572,driver.py,driver,56,"['/imu', '/rosout']"
1681490325.0437224,60039,1681490325,43442487,,2,/imu_driver,Current time 1681490325 41868209,driver.py,driver,56,"['/imu', '/rosout']"
1681490325.0680463,60040,1681490325,67848920,,2,/imu_driver,Current time 1681490325 66761493,driver.py,driver,56,"['/imu', '/rosout']"
1681490325.093332,60041,1681490325,93100786,,2,/imu_driver,Current time 1681490325 91768741,driver.py,driver,56,"['/imu', '/rosout']"
1681490325.1181512,60042,1681490325,117919206,,2,/imu_driver,Current time 1681490325 116671800,driver.py,driver,56,"['/imu', '/rosout']"
1681490325.144155,60043,1681490325,143698453,,2,/imu_driver,Current time 1681490325 141703605,driver.py,driver,56,"['/imu', '/rosout']"
1681490325.167749,60044,1681490325,167541265,,2,/imu_driver,Current time 1681490325 166441202,driver.py,driver,56,"['/imu', '/rosout']"
1681490325.1932821,60045,1681490325,193064928,,2,/imu_driver,Current time 1681490325 191699266,driver.py,driver,56,"['/imu', '/rosout']"
1681490325.2179768,60046,1681490325,217733383,,2,/imu_driver,Current time 1681490325 216527938,driver.py,driver,56,"['/imu', '/rosout']"
1681490325.2426822,60047,1681490325,242513179,,2,/imu_driver,Current time 1681490325 241449832,driver.py,driver,56,"['/imu', '/rosout']"
1681490325.267791,60048,1681490325,267604112,,2,/imu_driver,Current time 1681490325 266558408,driver.py,driver,56,"['/imu', '/rosout']"
1681490325.2925959,60049,1681490325,292433500,,2,/imu_driver,Current time 1681490325 291378021,driver.py,driver,56,"['/imu', '/rosout']"
1681490325.317687,60050,1681490325,317511796,,2,/imu_driver,Current time 1681490325 316489696,driver.py,driver,56,"['/imu', '/rosout']"
1681490325.3431764,60051,1681490325,342894554,,2,/imu_driver,Current time 1681490325 341570615,driver.py,driver,56,"['/imu', '/rosout']"
1681490325.3676648,60052,1681490325,367405414,,2,/imu_driver,Current time 1681490325 366389751,driver.py,driver,56,"['/imu', '/rosout']"
1681490325.3925674,60053,1681490325,392394542,,2,/imu_driver,Current time 1681490325 391333341,driver.py,driver,56,"['/imu', '/rosout']"
1681490325.418011,60054,1681490325,417485713,,2,/imu_driver,Current time 1681490325 416519641,driver.py,driver,56,"['/imu', '/rosout']"
1681490325.443382,60055,1681490325,442790746,,2,/imu_driver,Current time 1681490325 441534280,driver.py,driver,56,"['/imu', '/rosout']"
1681490325.4678094,60056,1681490325,467485904,,2,/imu_driver,Current time 1681490325 466413974,driver.py,driver,56,"['/imu', '/rosout']"
1681490325.4931962,60057,1681490325,492946624,,2,/imu_driver,Current time 1681490325 491366147,driver.py,driver,56,"['/imu', '/rosout']"
1681490325.5175817,60058,1681490325,517429351,,2,/imu_driver,Current time 1681490325 516387701,driver.py,driver,56,"['/imu', '/rosout']"
1681490325.5427468,60059,1681490325,542459487,,2,/imu_driver,Current time 1681490325 541437625,driver.py,driver,56,"['/imu', '/rosout']"
1681490325.567663,60060,1681490325,567477226,,2,/imu_driver,Current time 1681490325 566274404,driver.py,driver,56,"['/imu', '/rosout']"
1681490325.5952604,60061,1681490325,594896316,,2,/imu_driver,Current time 1681490325 591499090,driver.py,driver,56,"['/imu', '/rosout']"
1681490325.6184375,60062,1681490325,617663145,,2,/imu_driver,Current time 1681490325 616409301,driver.py,driver,56,"['/imu', '/rosout']"
1681490325.6430125,60063,1681490325,642377376,,2,/imu_driver,Current time 1681490325 641262054,driver.py,driver,56,"['/imu', '/rosout']"
1681490325.668195,60064,1681490325,667416095,,2,/imu_driver,Current time 1681490325 666217803,driver.py,driver,56,"['/imu', '/rosout']"
1681490325.6928244,60065,1681490325,692632675,,2,/imu_driver,Current time 1681490325 691176176,driver.py,driver,56,"['/imu', '/rosout']"
1681490325.7175767,60066,1681490325,717402219,,2,/imu_driver,Current time 1681490325 716164112,driver.py,driver,56,"['/imu', '/rosout']"
1681490325.7464652,60067,1681490325,746183872,,2,/imu_driver,Current time 1681490325 741082668,driver.py,driver,56,"['/imu', '/rosout']"
1681490325.7674341,60068,1681490325,767289876,,2,/imu_driver,Current time 1681490325 766249418,driver.py,driver,56,"['/imu', '/rosout']"
1681490325.7924955,60069,1681490325,792320013,,2,/imu_driver,Current time 1681490325 791281938,driver.py,driver,56,"['/imu', '/rosout']"
1681490325.8175485,60070,1681490325,817242860,,2,/imu_driver,Current time 1681490325 816196203,driver.py,driver,56,"['/imu', '/rosout']"
1681490325.8450348,60071,1681490325,844424009,,2,/imu_driver,Current time 1681490325 843203306,driver.py,driver,56,"['/imu', '/rosout']"
1681490325.8675852,60072,1681490325,867161035,,2,/imu_driver,Current time 1681490325 866121530,driver.py,driver,56,"['/imu', '/rosout']"
1681490325.8937938,60073,1681490325,892773866,,2,/imu_driver,Current time 1681490325 891254186,driver.py,driver,56,"['/imu', '/rosout']"
1681490325.917437,60074,1681490325,917149066,,2,/imu_driver,Current time 1681490325 916036844,driver.py,driver,56,"['/imu', '/rosout']"
1681490325.9439578,60075,1681490325,943141460,,2,/imu_driver,Current time 1681490325 941965579,driver.py,driver,56,"['/imu', '/rosout']"
1681490325.9691079,60076,1681490325,968230724,,2,/imu_driver,Current time 1681490325 967008829,driver.py,driver,56,"['/imu', '/rosout']"
1681490325.9931529,60077,1681490325,992927551,,2,/imu_driver,Current time 1681490325 991282224,driver.py,driver,56,"['/imu', '/rosout']"
1681490326.0182607,60078,1681490326,18075704,,2,/imu_driver,Current time 1681490326 16943454,driver.py,driver,56,"['/imu', '/rosout']"
1681490326.0431533,60079,1681490326,42943716,,2,/imu_driver,Current time 1681490326 41855335,driver.py,driver,56,"['/imu', '/rosout']"
1681490326.0687852,60080,1681490326,68189144,,2,/imu_driver,Current time 1681490326 67081689,driver.py,driver,56,"['/imu', '/rosout']"
1681490326.0961583,60081,1681490326,95541238,,2,/imu_driver,Current time 1681490326 94388723,driver.py,driver,56,"['/imu', '/rosout']"
1681490326.1190467,60082,1681490326,118165731,,2,/imu_driver,Current time 1681490326 116883039,driver.py,driver,56,"['/imu', '/rosout']"
1681490326.1438978,60083,1681490326,143113374,,2,/imu_driver,Current time 1681490326 142012596,driver.py,driver,56,"['/imu', '/rosout']"
1681490326.1691327,60084,1681490326,168045520,,2,/imu_driver,Current time 1681490326 166800498,driver.py,driver,56,"['/imu', '/rosout']"
1681490326.1928904,60085,1681490326,192660570,,2,/imu_driver,Current time 1681490326 191716432,driver.py,driver,56,"['/imu', '/rosout']"
1681490326.2181985,60086,1681490326,217930316,,2,/imu_driver,Current time 1681490326 216861963,driver.py,driver,56,"['/imu', '/rosout']"
1681490326.2437468,60087,1681490326,243114233,,2,/imu_driver,Current time 1681490326 241870403,driver.py,driver,56,"['/imu', '/rosout']"
1681490326.2681005,60088,1681490326,267926931,,2,/imu_driver,Current time 1681490326 266680717,driver.py,driver,56,"['/imu', '/rosout']"
1681490326.2929356,60089,1681490326,292749404,,2,/imu_driver,Current time 1681490326 291717529,driver.py,driver,56,"['/imu', '/rosout']"
1681490326.3181102,60090,1681490326,317888736,,2,/imu_driver,Current time 1681490326 316761016,driver.py,driver,56,"['/imu', '/rosout']"
1681490326.3458905,60091,1681490326,345699310,,2,/imu_driver,Current time 1681490326 344440460,driver.py,driver,56,"['/imu', '/rosout']"
1681490326.3679187,60092,1681490326,367757797,,2,/imu_driver,Current time 1681490326 366706609,driver.py,driver,56,"['/imu', '/rosout']"
1681490326.3934932,60093,1681490326,393249988,,2,/imu_driver,Current time 1681490326 392148733,driver.py,driver,56,"['/imu', '/rosout']"
1681490326.417676,60094,1681490326,417535305,,2,/imu_driver,Current time 1681490326 416590452,driver.py,driver,56,"['/imu', '/rosout']"
1681490326.4428465,60095,1681490326,442663908,,2,/imu_driver,Current time 1681490326 441656589,driver.py,driver,56,"['/imu', '/rosout']"
1681490326.4679282,60096,1681490326,467701911,,2,/imu_driver,Current time 1681490326 466700315,driver.py,driver,56,"['/imu', '/rosout']"
1681490326.4932652,60097,1681490326,493075132,,2,/imu_driver,Current time 1681490326 491711854,driver.py,driver,56,"['/imu', '/rosout']"
1681490326.5180087,60098,1681490326,517739295,,2,/imu_driver,Current time 1681490326 516516208,driver.py,driver,56,"['/imu', '/rosout']"
1681490326.5426598,60099,1681490326,542488336,,2,/imu_driver,Current time 1681490326 541439533,driver.py,driver,56,"['/imu', '/rosout']"
1681490326.5679178,60100,1681490326,567733049,,2,/imu_driver,Current time 1681490326 566671371,driver.py,driver,56,"['/imu', '/rosout']"
1681490326.5935745,60101,1681490326,592785596,,2,/imu_driver,Current time 1681490326 591451644,driver.py,driver,56,"['/imu', '/rosout']"
1681490326.6177347,60102,1681490326,617559194,,2,/imu_driver,Current time 1681490326 616598606,driver.py,driver,56,"['/imu', '/rosout']"
1681490326.649268,60103,1681490326,646120548,,2,/imu_driver,Current time 1681490326 642269372,driver.py,driver,56,"['/imu', '/rosout']"
1681490326.6767025,60104,1681490326,671044826,,2,/imu_driver,Current time 1681490326 666999101,driver.py,driver,56,"['/imu', '/rosout']"
1681490326.6960585,60105,1681490326,694959878,,2,/imu_driver,Current time 1681490326 692849874,driver.py,driver,56,"['/imu', '/rosout']"
1681490326.717888,60106,1681490326,717384099,,2,/imu_driver,Current time 1681490326 716300964,driver.py,driver,56,"['/imu', '/rosout']"
1681490326.7439616,60107,1681490326,742887973,,2,/imu_driver,Current time 1681490326 741286039,driver.py,driver,56,"['/imu', '/rosout']"
1681490326.7675354,60108,1681490326,767133235,,2,/imu_driver,Current time 1681490326 766255617,driver.py,driver,56,"['/imu', '/rosout']"
1681490326.7935314,60109,1681490326,792575597,,2,/imu_driver,Current time 1681490326 791482925,driver.py,driver,56,"['/imu', '/rosout']"
1681490326.8177047,60110,1681490326,817280054,,2,/imu_driver,Current time 1681490326 816253423,driver.py,driver,56,"['/imu', '/rosout']"
1681490326.8459074,60111,1681490326,843217611,,2,/imu_driver,Current time 1681490326 841661453,driver.py,driver,56,"['/imu', '/rosout']"
1681490326.8677452,60112,1681490326,867429018,,2,/imu_driver,Current time 1681490326 866254329,driver.py,driver,56,"['/imu', '/rosout']"
1681490326.8932226,60113,1681490326,892717838,,2,/imu_driver,Current time 1681490326 891215324,driver.py,driver,56,"['/imu', '/rosout']"
1681490326.9178464,60114,1681490326,917269945,,2,/imu_driver,Current time 1681490326 916255235,driver.py,driver,56,"['/imu', '/rosout']"
1681490326.9428272,60115,1681490326,942260503,,2,/imu_driver,Current time 1681490326 941232681,driver.py,driver,56,"['/imu', '/rosout']"
1681490326.9679353,60116,1681490326,967549324,,2,/imu_driver,Current time 1681490326 966359853,driver.py,driver,56,"['/imu', '/rosout']"
1681490326.9931026,60117,1681490326,992471218,,2,/imu_driver,Current time 1681490326 991162061,driver.py,driver,56,"['/imu', '/rosout']"
1681490327.0182507,60118,1681490327,17480850,,2,/imu_driver,Current time 1681490327 16229629,driver.py,driver,56,"['/imu', '/rosout']"
1681490327.0429106,60119,1681490327,42412996,,2,/imu_driver,Current time 1681490327 41158676,driver.py,driver,56,"['/imu', '/rosout']"
1681490327.0680087,60120,1681490327,67682027,,2,/imu_driver,Current time 1681490327 66490411,driver.py,driver,56,"['/imu', '/rosout']"
1681490327.0936017,60121,1681490327,92978000,,2,/imu_driver,Current time 1681490327 91274976,driver.py,driver,56,"['/imu', '/rosout']"
1681490327.1187088,60122,1681490327,118419647,,2,/imu_driver,Current time 1681490327 117192983,driver.py,driver,56,"['/imu', '/rosout']"
1681490327.143942,60123,1681490327,143328905,,2,/imu_driver,Current time 1681490327 142086744,driver.py,driver,56,"['/imu', '/rosout']"
1681490327.1690273,60124,1681490327,168279886,,2,/imu_driver,Current time 1681490327 167040109,driver.py,driver,56,"['/imu', '/rosout']"
1681490327.1928303,60125,1681490327,192184209,,2,/imu_driver,Current time 1681490327 191111564,driver.py,driver,56,"['/imu', '/rosout']"
1681490327.2185378,60126,1681490327,217879056,,2,/imu_driver,Current time 1681490327 216836452,driver.py,driver,56,"['/imu', '/rosout']"
1681490327.2438824,60127,1681490327,243298292,,2,/imu_driver,Current time 1681490327 241933822,driver.py,driver,56,"['/imu', '/rosout']"
1681490327.2692118,60128,1681490327,268320083,,2,/imu_driver,Current time 1681490327 267225265,driver.py,driver,56,"['/imu', '/rosout']"
1681490327.2939408,60129,1681490327,293204545,,2,/imu_driver,Current time 1681490327 292053222,driver.py,driver,56,"['/imu', '/rosout']"
1681490327.3180232,60130,1681490327,317741870,,2,/imu_driver,Current time 1681490327 316757202,driver.py,driver,56,"['/imu', '/rosout']"
1681490327.346728,60131,1681490327,346162080,,2,/imu_driver,Current time 1681490327 341898679,driver.py,driver,56,"['/imu', '/rosout']"
1681490327.3686047,60132,1681490327,368002653,,2,/imu_driver,Current time 1681490327 366895914,driver.py,driver,56,"['/imu', '/rosout']"
1681490327.3936756,60133,1681490327,392688035,,2,/imu_driver,Current time 1681490327 391718864,driver.py,driver,56,"['/imu', '/rosout']"
1681490327.417909,60134,1681490327,417684793,,2,/imu_driver,Current time 1681490327 416780233,driver.py,driver,56,"['/imu', '/rosout']"
1681490327.4431,60135,1681490327,442750930,,2,/imu_driver,Current time 1681490327 441796541,driver.py,driver,56,"['/imu', '/rosout']"
1681490327.4687264,60136,1681490327,467905282,,2,/imu_driver,Current time 1681490327 466655969,driver.py,driver,56,"['/imu', '/rosout']"
1681490327.4970891,60137,1681490327,496454238,,2,/imu_driver,Current time 1681490327 494271039,driver.py,driver,56,"['/imu', '/rosout']"
1681490327.5182235,60138,1681490327,517689228,,2,/imu_driver,Current time 1681490327 516794204,driver.py,driver,56,"['/imu', '/rosout']"
1681490327.543147,60139,1681490327,542939424,,2,/imu_driver,Current time 1681490327 541980743,driver.py,driver,56,"['/imu', '/rosout']"
1681490327.5683184,60140,1681490327,567714452,,2,/imu_driver,Current time 1681490327 566647768,driver.py,driver,56,"['/imu', '/rosout']"
1681490327.5933385,60141,1681490327,592845201,,2,/imu_driver,Current time 1681490327 591557979,driver.py,driver,56,"['/imu', '/rosout']"
1681490327.6181304,60142,1681490327,617578029,,2,/imu_driver,Current time 1681490327 616598844,driver.py,driver,56,"['/imu', '/rosout']"
1681490327.6432378,60143,1681490327,642618417,,2,/imu_driver,Current time 1681490327 641492128,driver.py,driver,56,"['/imu', '/rosout']"
1681490327.6680171,60144,1681490327,667714595,,2,/imu_driver,Current time 1681490327 666651725,driver.py,driver,56,"['/imu', '/rosout']"
1681490327.69265,60145,1681490327,692494869,,2,/imu_driver,Current time 1681490327 691464900,driver.py,driver,56,"['/imu', '/rosout']"
1681490327.7181826,60146,1681490327,717707872,,2,/imu_driver,Current time 1681490327 716668367,driver.py,driver,56,"['/imu', '/rosout']"
1681490327.7444427,60147,1681490327,743561983,,2,/imu_driver,Current time 1681490327 742042064,driver.py,driver,56,"['/imu', '/rosout']"
1681490327.7682748,60148,1681490327,767575979,,2,/imu_driver,Current time 1681490327 766597747,driver.py,driver,56,"['/imu', '/rosout']"
1681490327.7931705,60149,1681490327,792751073,,2,/imu_driver,Current time 1681490327 791599273,driver.py,driver,56,"['/imu', '/rosout']"
1681490327.8185513,60150,1681490327,817713975,,2,/imu_driver,Current time 1681490327 816410303,driver.py,driver,56,"['/imu', '/rosout']"
1681490327.8478193,60151,1681490327,847494602,,2,/imu_driver,Current time 1681490327 841664552,driver.py,driver,56,"['/imu', '/rosout']"
1681490327.8682537,60152,1681490327,867507696,,2,/imu_driver,Current time 1681490327 866435527,driver.py,driver,56,"['/imu', '/rosout']"
1681490327.8942714,60153,1681490327,893690586,,2,/imu_driver,Current time 1681490327 891498804,driver.py,driver,56,"['/imu', '/rosout']"
1681490327.9179826,60154,1681490327,917446851,,2,/imu_driver,Current time 1681490327 916480541,driver.py,driver,56,"['/imu', '/rosout']"
1681490327.9430017,60155,1681490327,942348241,,2,/imu_driver,Current time 1681490327 941405296,driver.py,driver,56,"['/imu', '/rosout']"
1681490327.9682705,60156,1681490327,967624902,,2,/imu_driver,Current time 1681490327 966544866,driver.py,driver,56,"['/imu', '/rosout']"
1681490327.9953384,60157,1681490327,992753267,,2,/imu_driver,Current time 1681490327 991415023,driver.py,driver,56,"['/imu', '/rosout']"
1681490328.0179045,60158,1681490328,17427921,,2,/imu_driver,Current time 1681490328 16346931,driver.py,driver,56,"['/imu', '/rosout']"
1681490328.0469491,60159,1681490328,46004772,,2,/imu_driver,Current time 1681490328 42055368,driver.py,driver,56,"['/imu', '/rosout']"
1681490328.0860994,60160,1681490328,71022510,,2,/imu_driver,Current time 1681490328 66992282,driver.py,driver,56,"['/imu', '/rosout']"
1681490328.0939837,60161,1681490328,93430995,,2,/imu_driver,Current time 1681490328 92211008,driver.py,driver,56,"['/imu', '/rosout']"
1681490328.1179187,60162,1681490328,117371559,,2,/imu_driver,Current time 1681490328 116222143,driver.py,driver,56,"['/imu', '/rosout']"
1681490328.1424985,60163,1681490328,142251968,,2,/imu_driver,Current time 1681490328 141209602,driver.py,driver,56,"['/imu', '/rosout']"
1681490328.1692212,60164,1681490328,168804168,,2,/imu_driver,Current time 1681490328 166427850,driver.py,driver,56,"['/imu', '/rosout']"
1681490328.1929605,60165,1681490328,192408561,,2,/imu_driver,Current time 1681490328 191131114,driver.py,driver,56,"['/imu', '/rosout']"
1681490328.2264602,60166,1681490328,226162910,,2,/imu_driver,Current time 1681490328 218639612,driver.py,driver,56,"['/imu', '/rosout']"
1681490328.2439656,60167,1681490328,242938041,,2,/imu_driver,Current time 1681490328 241325139,driver.py,driver,56,"['/imu', '/rosout']"
1681490328.2684114,60168,1681490328,267541646,,2,/imu_driver,Current time 1681490328 266215324,driver.py,driver,56,"['/imu', '/rosout']"
1681490328.2926955,60169,1681490328,292256355,,2,/imu_driver,Current time 1681490328 291188716,driver.py,driver,56,"['/imu', '/rosout']"
1681490328.3173647,60170,1681490328,317142724,,2,/imu_driver,Current time 1681490328 316135883,driver.py,driver,56,"['/imu', '/rosout']"
1681490328.3465223,60171,1681490328,345901727,,2,/imu_driver,Current time 1681490328 344765424,driver.py,driver,56,"['/imu', '/rosout']"
1681490328.368149,60172,1681490328,367983341,,2,/imu_driver,Current time 1681490328 366940975,driver.py,driver,56,"['/imu', '/rosout']"
1681490328.3934479,60173,1681490328,392985820,,2,/imu_driver,Current time 1681490328 391021966,driver.py,driver,56,"['/imu', '/rosout']"
1681490328.418342,60174,1681490328,417877674,,2,/imu_driver,Current time 1681490328 416921854,driver.py,driver,56,"['/imu', '/rosout']"
1681490328.4434938,60175,1681490328,443048000,,2,/imu_driver,Current time 1681490328 441982269,driver.py,driver,56,"['/imu', '/rosout']"
1681490328.4737065,60176,1681490328,471313238,,2,/imu_driver,Current time 1681490328 467402696,driver.py,driver,56,"['/imu', '/rosout']"
1681490328.495965,60177,1681490328,494981050,,2,/imu_driver,Current time 1681490328 492909193,driver.py,driver,56,"['/imu', '/rosout']"
1681490328.5182278,60178,1681490328,517975091,,2,/imu_driver,Current time 1681490328 516914129,driver.py,driver,56,"['/imu', '/rosout']"
1681490328.5436127,60179,1681490328,543100595,,2,/imu_driver,Current time 1681490328 542061090,driver.py,driver,56,"['/imu', '/rosout']"
1681490328.568179,60180,1681490328,567943334,,2,/imu_driver,Current time 1681490328 566792488,driver.py,driver,56,"['/imu', '/rosout']"
1681490328.5940926,60181,1681490328,593455076,,2,/imu_driver,Current time 1681490328 592186689,driver.py,driver,56,"['/imu', '/rosout']"
1681490328.6187239,60182,1681490328,618011713,,2,/imu_driver,Current time 1681490328 616944551,driver.py,driver,56,"['/imu', '/rosout']"
1681490328.6437912,60183,1681490328,642757415,,2,/imu_driver,Current time 1681490328 641855239,driver.py,driver,56,"['/imu', '/rosout']"
1681490328.6686277,60184,1681490328,668388128,,2,/imu_driver,Current time 1681490328 667170047,driver.py,driver,56,"['/imu', '/rosout']"
1681490328.6936593,60185,1681490328,693121433,,2,/imu_driver,Current time 1681490328 691831350,driver.py,driver,56,"['/imu', '/rosout']"
1681490328.7180147,60186,1681490328,717872381,,2,/imu_driver,Current time 1681490328 716896295,driver.py,driver,56,"['/imu', '/rosout']"
1681490328.7431698,60187,1681490328,742969512,,2,/imu_driver,Current time 1681490328 741743803,driver.py,driver,56,"['/imu', '/rosout']"
1681490328.7686858,60188,1681490328,767797470,,2,/imu_driver,Current time 1681490328 766675949,driver.py,driver,56,"['/imu', '/rosout']"
1681490328.7935984,60189,1681490328,792958259,,2,/imu_driver,Current time 1681490328 791858911,driver.py,driver,56,"['/imu', '/rosout']"
1681490328.8178396,60190,1681490328,817687749,,2,/imu_driver,Current time 1681490328 816620588,driver.py,driver,56,"['/imu', '/rosout']"
1681490328.8433697,60191,1681490328,843204975,,2,/imu_driver,Current time 1681490328 841952323,driver.py,driver,56,"['/imu', '/rosout']"
1681490328.867896,60192,1681490328,867696046,,2,/imu_driver,Current time 1681490328 866791725,driver.py,driver,56,"['/imu', '/rosout']"
1681490328.8929274,60193,1681490328,892763137,,2,/imu_driver,Current time 1681490328 891750335,driver.py,driver,56,"['/imu', '/rosout']"
1681490328.91821,60194,1681490328,918026685,,2,/imu_driver,Current time 1681490328 916762351,driver.py,driver,56,"['/imu', '/rosout']"
1681490328.943888,60195,1681490328,942976474,,2,/imu_driver,Current time 1681490328 941568851,driver.py,driver,56,"['/imu', '/rosout']"
1681490328.9678693,60196,1681490328,967635154,,2,/imu_driver,Current time 1681490328 966593742,driver.py,driver,56,"['/imu', '/rosout']"
1681490328.992906,60197,1681490328,992685556,,2,/imu_driver,Current time 1681490328 991547822,driver.py,driver,56,"['/imu', '/rosout']"
1681490329.01838,60198,1681490329,17670154,,2,/imu_driver,Current time 1681490329 16561746,driver.py,driver,56,"['/imu', '/rosout']"
1681490329.0449455,60199,1681490329,44226884,,2,/imu_driver,Current time 1681490329 42368412,driver.py,driver,56,"['/imu', '/rosout']"
1681490329.0678864,60200,1681490329,67677497,,2,/imu_driver,Current time 1681490329 66578149,driver.py,driver,56,"['/imu', '/rosout']"
1681490329.0939429,60201,1681490329,93664169,,2,/imu_driver,Current time 1681490329 92485189,driver.py,driver,56,"['/imu', '/rosout']"
1681490329.1178174,60202,1681490329,117658138,,2,/imu_driver,Current time 1681490329 116515159,driver.py,driver,56,"['/imu', '/rosout']"
1681490329.1425033,60203,1681490329,142339468,,2,/imu_driver,Current time 1681490329 141372442,driver.py,driver,56,"['/imu', '/rosout']"
1681490329.1681647,60204,1681490329,167670965,,2,/imu_driver,Current time 1681490329 166502475,driver.py,driver,56,"['/imu', '/rosout']"
1681490329.1953287,60205,1681490329,194491386,,2,/imu_driver,Current time 1681490329 192218065,driver.py,driver,56,"['/imu', '/rosout']"
1681490329.218135,60206,1681490329,217886686,,2,/imu_driver,Current time 1681490329 216660737,driver.py,driver,56,"['/imu', '/rosout']"
1681490329.2431905,60207,1681490329,242464303,,2,/imu_driver,Current time 1681490329 241464138,driver.py,driver,56,"['/imu', '/rosout']"
1681490329.2684605,60208,1681490329,267548084,,2,/imu_driver,Current time 1681490329 266518115,driver.py,driver,56,"['/imu', '/rosout']"
1681490329.2933292,60209,1681490329,292881965,,2,/imu_driver,Current time 1681490329 291345357,driver.py,driver,56,"['/imu', '/rosout']"
1681490329.3185093,60210,1681490329,317872047,,2,/imu_driver,Current time 1681490329 316524744,driver.py,driver,56,"['/imu', '/rosout']"
1681490329.345333,60211,1681490329,344654560,,2,/imu_driver,Current time 1681490329 342868566,driver.py,driver,56,"['/imu', '/rosout']"
1681490329.3684967,60212,1681490329,367591619,,2,/imu_driver,Current time 1681490329 366412639,driver.py,driver,56,"['/imu', '/rosout']"
1681490329.392946,60213,1681490329,392591476,,2,/imu_driver,Current time 1681490329 391393423,driver.py,driver,56,"['/imu', '/rosout']"
1681490329.417617,60214,1681490329,417303085,,2,/imu_driver,Current time 1681490329 416252136,driver.py,driver,56,"['/imu', '/rosout']"
1681490329.4435878,60215,1681490329,443341255,,2,/imu_driver,Current time 1681490329 441971778,driver.py,driver,56,"['/imu', '/rosout']"
1681490329.467552,60216,1681490329,467381000,,2,/imu_driver,Current time 1681490329 466324806,driver.py,driver,56,"['/imu', '/rosout']"
1681490329.4935305,60217,1681490329,493285655,,2,/imu_driver,Current time 1681490329 491604328,driver.py,driver,56,"['/imu', '/rosout']"
1681490329.5173004,60218,1681490329,517126798,,2,/imu_driver,Current time 1681490329 516060113,driver.py,driver,56,"['/imu', '/rosout']"
1681490329.542635,60219,1681490329,542431831,,2,/imu_driver,Current time 1681490329 541301965,driver.py,driver,56,"['/imu', '/rosout']"
1681490329.567549,60220,1681490329,567365169,,2,/imu_driver,Current time 1681490329 566202878,driver.py,driver,56,"['/imu', '/rosout']"
1681490329.5934656,60221,1681490329,593200445,,2,/imu_driver,Current time 1681490329 591667175,driver.py,driver,56,"['/imu', '/rosout']"
1681490329.6182606,60222,1681490329,618051052,,2,/imu_driver,Current time 1681490329 616304636,driver.py,driver,56,"['/imu', '/rosout']"
1681490329.642297,60223,1681490329,642135620,,2,/imu_driver,Current time 1681490329 641052484,driver.py,driver,56,"['/imu', '/rosout']"
1681490329.668514,60224,1681490329,668323040,,2,/imu_driver,Current time 1681490329 667113542,driver.py,driver,56,"['/imu', '/rosout']"
1681490329.6952744,60225,1681490329,694300651,,2,/imu_driver,Current time 1681490329 692619323,driver.py,driver,56,"['/imu', '/rosout']"
1681490329.7173808,60226,1681490329,717199087,,2,/imu_driver,Current time 1681490329 716232538,driver.py,driver,56,"['/imu', '/rosout']"
1681490329.7439713,60227,1681490329,743649721,,2,/imu_driver,Current time 1681490329 742461681,driver.py,driver,56,"['/imu', '/rosout']"
1681490329.7682033,60228,1681490329,768013477,,2,/imu_driver,Current time 1681490329 767034053,driver.py,driver,56,"['/imu', '/rosout']"
1681490329.7923365,60229,1681490329,792162656,,2,/imu_driver,Current time 1681490329 791145801,driver.py,driver,56,"['/imu', '/rosout']"
1681490329.818239,60230,1681490329,818097591,,2,/imu_driver,Current time 1681490329 816986083,driver.py,driver,56,"['/imu', '/rosout']"
1681490329.8432243,60231,1681490329,843028545,,2,/imu_driver,Current time 1681490329 841432809,driver.py,driver,56,"['/imu', '/rosout']"
1681490329.8684313,60232,1681490329,868135452,,2,/imu_driver,Current time 1681490329 867067098,driver.py,driver,56,"['/imu', '/rosout']"
1681490329.8923023,60233,1681490329,892025232,,2,/imu_driver,Current time 1681490329 890956640,driver.py,driver,56,"['/imu', '/rosout']"
1681490329.9181738,60234,1681490329,917955875,,2,/imu_driver,Current time 1681490329 916876792,driver.py,driver,56,"['/imu', '/rosout']"
1681490329.9449492,60235,1681490329,943266868,,2,/imu_driver,Current time 1681490329 941914558,driver.py,driver,56,"['/imu', '/rosout']"
1681490329.9682915,60236,1681490329,968089103,,2,/imu_driver,Current time 1681490329 967047214,driver.py,driver,56,"['/imu', '/rosout']"
1681490329.9936097,60237,1681490329,993072032,,2,/imu_driver,Current time 1681490329 991758584,driver.py,driver,56,"['/imu', '/rosout']"
1681490330.0186462,60238,1681490330,18133401,,2,/imu_driver,Current time 1681490330 16988754,driver.py,driver,56,"['/imu', '/rosout']"
1681490330.0433142,60239,1681490330,43067932,,2,/imu_driver,Current time 1681490330 41847229,driver.py,driver,56,"['/imu', '/rosout']"
1681490330.0692673,60240,1681490330,67929267,,2,/imu_driver,Current time 1681490330 66859245,driver.py,driver,56,"['/imu', '/rosout']"
1681490330.0934322,60241,1681490330,93274831,,2,/imu_driver,Current time 1681490330 91760635,driver.py,driver,56,"['/imu', '/rosout']"
1681490330.1183577,60242,1681490330,118185997,,2,/imu_driver,Current time 1681490330 116773843,driver.py,driver,56,"['/imu', '/rosout']"
1681490330.1430545,60243,1681490330,142870187,,2,/imu_driver,Current time 1681490330 141720533,driver.py,driver,56,"['/imu', '/rosout']"
1681490330.1681485,60244,1681490330,167966604,,2,/imu_driver,Current time 1681490330 166840791,driver.py,driver,56,"['/imu', '/rosout']"
1681490330.1935186,60245,1681490330,193315029,,2,/imu_driver,Current time 1681490330 191816091,driver.py,driver,56,"['/imu', '/rosout']"
1681490330.2183037,60246,1681490330,217757701,,2,/imu_driver,Current time 1681490330 216765880,driver.py,driver,56,"['/imu', '/rosout']"
1681490330.245774,60247,1681490330,242898702,,2,/imu_driver,Current time 1681490330 241748571,driver.py,driver,56,"['/imu', '/rosout']"
1681490330.2678094,60248,1681490330,267587423,,2,/imu_driver,Current time 1681490330 266609668,driver.py,driver,56,"['/imu', '/rosout']"
1681490330.2937052,60249,1681490330,292689323,,2,/imu_driver,Current time 1681490330 291675806,driver.py,driver,56,"['/imu', '/rosout']"
1681490330.3185897,60250,1681490330,317656993,,2,/imu_driver,Current time 1681490330 316594600,driver.py,driver,56,"['/imu', '/rosout']"
1681490330.3449888,60251,1681490330,343948364,,2,/imu_driver,Current time 1681490330 342494726,driver.py,driver,56,"['/imu', '/rosout']"
1681490330.3688192,60252,1681490330,368068933,,2,/imu_driver,Current time 1681490330 366823911,driver.py,driver,56,"['/imu', '/rosout']"
1681490330.392902,60253,1681490330,392654180,,2,/imu_driver,Current time 1681490330 391518115,driver.py,driver,56,"['/imu', '/rosout']"
1681490330.4180143,60254,1681490330,417582511,,2,/imu_driver,Current time 1681490330 416501045,driver.py,driver,56,"['/imu', '/rosout']"
1681490330.4436874,60255,1681490330,443308830,,2,/imu_driver,Current time 1681490330 441935300,driver.py,driver,56,"['/imu', '/rosout']"
1681490330.4685042,60256,1681490330,467704772,,2,/imu_driver,Current time 1681490330 466562747,driver.py,driver,56,"['/imu', '/rosout']"
1681490330.4945579,60257,1681490330,493464946,,2,/imu_driver,Current time 1681490330 491540670,driver.py,driver,56,"['/imu', '/rosout']"
1681490330.5178978,60258,1681490330,517553567,,2,/imu_driver,Current time 1681490330 516391992,driver.py,driver,56,"['/imu', '/rosout']"
1681490330.5429943,60259,1681490330,542668104,,2,/imu_driver,Current time 1681490330 541510581,driver.py,driver,56,"['/imu', '/rosout']"
1681490330.5691667,60260,1681490330,568757772,,2,/imu_driver,Current time 1681490330 566747665,driver.py,driver,56,"['/imu', '/rosout']"
1681490330.610098,60261,1681490330,609530210,,2,/imu_driver,Current time 1681490330 591749906,driver.py,driver,56,"['/imu', '/rosout']"
1681490330.618408,60262,1681490330,617771625,,2,/imu_driver,Current time 1681490330 616513729,driver.py,driver,56,"['/imu', '/rosout']"
1681490330.642715,60263,1681490330,642452478,,2,/imu_driver,Current time 1681490330 641330003,driver.py,driver,56,"['/imu', '/rosout']"
1681490330.6679955,60264,1681490330,667805910,,2,/imu_driver,Current time 1681490330 666513442,driver.py,driver,56,"['/imu', '/rosout']"
1681490330.693078,60265,1681490330,692893028,,2,/imu_driver,Current time 1681490330 691369533,driver.py,driver,56,"['/imu', '/rosout']"
1681490330.7178142,60266,1681490330,717601299,,2,/imu_driver,Current time 1681490330 716501951,driver.py,driver,56,"['/imu', '/rosout']"
1681490330.742593,60267,1681490330,742318868,,2,/imu_driver,Current time 1681490330 741212606,driver.py,driver,56,"['/imu', '/rosout']"
1681490330.7677324,60268,1681490330,767413616,,2,/imu_driver,Current time 1681490330 766300678,driver.py,driver,56,"['/imu', '/rosout']"
1681490330.7926207,60269,1681490330,792334556,,2,/imu_driver,Current time 1681490330 791327953,driver.py,driver,56,"['/imu', '/rosout']"
1681490330.817618,60270,1681490330,817450046,,2,/imu_driver,Current time 1681490330 816363334,driver.py,driver,56,"['/imu', '/rosout']"
1681490330.8444397,60271,1681490330,842613458,,2,/imu_driver,Current time 1681490330 841266870,driver.py,driver,56,"['/imu', '/rosout']"
1681490330.8677351,60272,1681490330,867548942,,2,/imu_driver,Current time 1681490330 866388797,driver.py,driver,56,"['/imu', '/rosout']"
1681490330.892593,60273,1681490330,892415761,,2,/imu_driver,Current time 1681490330 891315937,driver.py,driver,56,"['/imu', '/rosout']"
1681490330.9174738,60274,1681490330,917296648,,2,/imu_driver,Current time 1681490330 916237354,driver.py,driver,56,"['/imu', '/rosout']"
1681490330.9434237,60275,1681490330,943072557,,2,/imu_driver,Current time 1681490330 941730499,driver.py,driver,56,"['/imu', '/rosout']"
1681490330.9677374,60276,1681490330,967404603,,2,/imu_driver,Current time 1681490330 966222524,driver.py,driver,56,"['/imu', '/rosout']"
1681490330.992766,60277,1681490330,992552757,,2,/imu_driver,Current time 1681490330 991246938,driver.py,driver,56,"['/imu', '/rosout']"
1681490331.0185316,60278,1681490331,18087863,,2,/imu_driver,Current time 1681490331 17129898,driver.py,driver,56,"['/imu', '/rosout']"
1681490331.0423808,60279,1681490331,42220830,,2,/imu_driver,Current time 1681490331 41195154,driver.py,driver,56,"['/imu', '/rosout']"
1681490331.068509,60280,1681490331,68271160,,2,/imu_driver,Current time 1681490331 66995620,driver.py,driver,56,"['/imu', '/rosout']"
1681490331.0934741,60281,1681490331,92516183,,2,/imu_driver,Current time 1681490331 91234445,driver.py,driver,56,"['/imu', '/rosout']"
1681490331.1190898,60282,1681490331,118228673,,2,/imu_driver,Current time 1681490331 117128372,driver.py,driver,56,"['/imu', '/rosout']"
1681490331.1434898,60283,1681490331,143022775,,2,/imu_driver,Current time 1681490331 141993284,driver.py,driver,56,"['/imu', '/rosout']"
1681490331.1688538,60284,1681490331,168286800,,2,/imu_driver,Current time 1681490331 167113780,driver.py,driver,56,"['/imu', '/rosout']"
1681490331.193469,60285,1681490331,192966699,,2,/imu_driver,Current time 1681490331 191968917,driver.py,driver,56,"['/imu', '/rosout']"
1681490331.2183123,60286,1681490331,217865467,,2,/imu_driver,Current time 1681490331 216847419,driver.py,driver,56,"['/imu', '/rosout']"
1681490331.244087,60287,1681490331,243439674,,2,/imu_driver,Current time 1681490331 241997003,driver.py,driver,56,"['/imu', '/rosout']"
1681490331.2692883,60288,1681490331,268693447,,2,/imu_driver,Current time 1681490331 267200469,driver.py,driver,56,"['/imu', '/rosout']"
1681490331.2936668,60289,1681490331,292737483,,2,/imu_driver,Current time 1681490331 291810989,driver.py,driver,56,"['/imu', '/rosout']"
1681490331.3185158,60290,1681490331,318247079,,2,/imu_driver,Current time 1681490331 317042827,driver.py,driver,56,"['/imu', '/rosout']"
1681490331.3456717,60291,1681490331,345061779,,2,/imu_driver,Current time 1681490331 341869115,driver.py,driver,56,"['/imu', '/rosout']"
1681490331.3687253,60292,1681490331,367720127,,2,/imu_driver,Current time 1681490331 366828203,driver.py,driver,56,"['/imu', '/rosout']"
1681490331.3932588,60293,1681490331,392969369,,2,/imu_driver,Current time 1681490331 391796112,driver.py,driver,56,"['/imu', '/rosout']"
1681490331.4185402,60294,1681490331,417974472,,2,/imu_driver,Current time 1681490331 416961431,driver.py,driver,56,"['/imu', '/rosout']"
1681490331.4433053,60295,1681490331,442791223,,2,/imu_driver,Current time 1681490331 441826105,driver.py,driver,56,"['/imu', '/rosout']"
1681490331.468678,60296,1681490331,467992067,,2,/imu_driver,Current time 1681490331 466754913,driver.py,driver,56,"['/imu', '/rosout']"
1681490331.4960191,60297,1681490331,495036363,,2,/imu_driver,Current time 1681490331 493959903,driver.py,driver,56,"['/imu', '/rosout']"
1681490331.5192995,60298,1681490331,518822431,,2,/imu_driver,Current time 1681490331 517516613,driver.py,driver,56,"['/imu', '/rosout']"
1681490331.5430396,60299,1681490331,542723417,,2,/imu_driver,Current time 1681490331 541800260,driver.py,driver,56,"['/imu', '/rosout']"
1681490331.568622,60300,1681490331,567930698,,2,/imu_driver,Current time 1681490331 566784143,driver.py,driver,56,"['/imu', '/rosout']"
1681490331.5960326,60301,1681490331,595110893,,2,/imu_driver,Current time 1681490331 593981742,driver.py,driver,56,"['/imu', '/rosout']"
1681490331.618496,60302,1681490331,617971181,,2,/imu_driver,Current time 1681490331 616868257,driver.py,driver,56,"['/imu', '/rosout']"
1681490331.6437528,60303,1681490331,643129348,,2,/imu_driver,Current time 1681490331 641812086,driver.py,driver,56,"['/imu', '/rosout']"
1681490331.6681182,60304,1681490331,667808532,,2,/imu_driver,Current time 1681490331 666685342,driver.py,driver,56,"['/imu', '/rosout']"
1681490331.693558,60305,1681490331,692748546,,2,/imu_driver,Current time 1681490331 691626548,driver.py,driver,56,"['/imu', '/rosout']"
1681490331.7182634,60306,1681490331,717941045,,2,/imu_driver,Current time 1681490331 716601848,driver.py,driver,56,"['/imu', '/rosout']"
1681490331.743864,60307,1681490331,743306159,,2,/imu_driver,Current time 1681490331 741861820,driver.py,driver,56,"['/imu', '/rosout']"
1681490331.7681308,60308,1681490331,767643213,,2,/imu_driver,Current time 1681490331 766469001,driver.py,driver,56,"['/imu', '/rosout']"
1681490331.792796,60309,1681490331,792558193,,2,/imu_driver,Current time 1681490331 791565418,driver.py,driver,56,"['/imu', '/rosout']"
1681490331.8182611,60310,1681490331,817777156,,2,/imu_driver,Current time 1681490331 816592931,driver.py,driver,56,"['/imu', '/rosout']"
1681490331.8460736,60311,1681490331,845593929,,2,/imu_driver,Current time 1681490331 843355178,driver.py,driver,56,"['/imu', '/rosout']"
1681490331.8686259,60312,1681490331,867830038,,2,/imu_driver,Current time 1681490331 866559028,driver.py,driver,56,"['/imu', '/rosout']"
1681490331.893931,60313,1681490331,892915487,,2,/imu_driver,Current time 1681490331 891487836,driver.py,driver,56,"['/imu', '/rosout']"
1681490331.9189584,60314,1681490331,917930126,,2,/imu_driver,Current time 1681490331 916488170,driver.py,driver,56,"['/imu', '/rosout']"
1681490331.9446917,60315,1681490331,943109273,,2,/imu_driver,Current time 1681490331 941413879,driver.py,driver,56,"['/imu', '/rosout']"
1681490331.969488,60316,1681490331,968477725,,2,/imu_driver,Current time 1681490331 966594457,driver.py,driver,56,"['/imu', '/rosout']"
1681490331.9955153,60317,1681490331,994021892,,2,/imu_driver,Current time 1681490331 992137193,driver.py,driver,56,"['/imu', '/rosout']"
1681490332.0183446,60318,1681490332,18009185,,2,/imu_driver,Current time 1681490332 16561508,driver.py,driver,56,"['/imu', '/rosout']"
1681490332.0426981,60319,1681490332,42495489,,2,/imu_driver,Current time 1681490332 41480779,driver.py,driver,56,"['/imu', '/rosout']"
1681490332.0681047,60320,1681490332,67810297,,2,/imu_driver,Current time 1681490332 66604137,driver.py,driver,56,"['/imu', '/rosout']"
1681490332.0932586,60321,1681490332,92895269,,2,/imu_driver,Current time 1681490332 91395378,driver.py,driver,56,"['/imu', '/rosout']"
1681490332.1182246,60322,1681490332,117859840,,2,/imu_driver,Current time 1681490332 116338968,driver.py,driver,56,"['/imu', '/rosout']"
1681490332.1430318,60323,1681490332,142735958,,2,/imu_driver,Current time 1681490332 141281366,driver.py,driver,56,"['/imu', '/rosout']"
1681490332.1689086,60324,1681490332,167817354,,2,/imu_driver,Current time 1681490332 166340351,driver.py,driver,56,"['/imu', '/rosout']"
1681490332.194148,60325,1681490332,192973136,,2,/imu_driver,Current time 1681490332 191309452,driver.py,driver,56,"['/imu', '/rosout']"
1681490332.2191591,60326,1681490332,217748880,,2,/imu_driver,Current time 1681490332 216351270,driver.py,driver,56,"['/imu', '/rosout']"
1681490332.2449512,60327,1681490332,243850708,,2,/imu_driver,Current time 1681490332 242017269,driver.py,driver,56,"['/imu', '/rosout']"
1681490332.2699852,60328,1681490332,268796920,,2,/imu_driver,Current time 1681490332 266329765,driver.py,driver,56,"['/imu', '/rosout']"
1681490332.2931397,60329,1681490332,292527437,,2,/imu_driver,Current time 1681490332 291229486,driver.py,driver,56,"['/imu', '/rosout']"
1681490332.3180995,60330,1681490332,317442893,,2,/imu_driver,Current time 1681490332 316182613,driver.py,driver,56,"['/imu', '/rosout']"
1681490332.3440301,60331,1681490332,343216180,,2,/imu_driver,Current time 1681490332 341289997,driver.py,driver,56,"['/imu', '/rosout']"
1681490332.3680007,60332,1681490332,367389678,,2,/imu_driver,Current time 1681490332 366378545,driver.py,driver,56,"['/imu', '/rosout']"
1681490332.393795,60333,1681490332,393268823,,2,/imu_driver,Current time 1681490332 391196250,driver.py,driver,56,"['/imu', '/rosout']"
1681490332.4184163,60334,1681490332,418189525,,2,/imu_driver,Current time 1681490332 417131423,driver.py,driver,56,"['/imu', '/rosout']"
1681490332.442524,60335,1681490332,441959619,,2,/imu_driver,Current time 1681490332 440960407,driver.py,driver,56,"['/imu', '/rosout']"
1681490332.4691353,60336,1681490332,468345880,,2,/imu_driver,Current time 1681490332 467214107,driver.py,driver,56,"['/imu', '/rosout']"
1681490332.4936597,60337,1681490332,492993831,,2,/imu_driver,Current time 1681490332 491118431,driver.py,driver,56,"['/imu', '/rosout']"
1681490332.5195084,60338,1681490332,519100904,,2,/imu_driver,Current time 1681490332 517184972,driver.py,driver,56,"['/imu', '/rosout']"
1681490332.5443895,60339,1681490332,544008731,,2,/imu_driver,Current time 1681490332 542077302,driver.py,driver,56,"['/imu', '/rosout']"
1681490332.5691173,60340,1681490332,568430900,,2,/imu_driver,Current time 1681490332 567072868,driver.py,driver,56,"['/imu', '/rosout']"
1681490332.5961866,60341,1681490332,594185590,,2,/imu_driver,Current time 1681490332 592639207,driver.py,driver,56,"['/imu', '/rosout']"
1681490332.6186006,60342,1681490332,618283271,,2,/imu_driver,Current time 1681490332 616998195,driver.py,driver,56,"['/imu', '/rosout']"
1681490332.644009,60343,1681490332,643349170,,2,/imu_driver,Current time 1681490332 641893625,driver.py,driver,56,"['/imu', '/rosout']"
1681490332.6703153,60344,1681490332,669182300,,2,/imu_driver,Current time 1681490332 667011737,driver.py,driver,56,"['/imu', '/rosout']"
1681490332.694499,60345,1681490332,693984508,,2,/imu_driver,Current time 1681490332 692258834,driver.py,driver,56,"['/imu', '/rosout']"
1681490332.7186863,60346,1681490332,718472957,,2,/imu_driver,Current time 1681490332 717175960,driver.py,driver,56,"['/imu', '/rosout']"
1681490332.7454967,60347,1681490332,744872093,,2,/imu_driver,Current time 1681490332 742198228,driver.py,driver,56,"['/imu', '/rosout']"
1681490332.76827,60348,1681490332,767905473,,2,/imu_driver,Current time 1681490332 766817808,driver.py,driver,56,"['/imu', '/rosout']"
1681490332.793554,60349,1681490332,793278455,,2,/imu_driver,Current time 1681490332 791793107,driver.py,driver,56,"['/imu', '/rosout']"
1681490332.818479,60350,1681490332,817772865,,2,/imu_driver,Current time 1681490332 816771030,driver.py,driver,56,"['/imu', '/rosout']"
1681490332.8439336,60351,1681490332,843230485,,2,/imu_driver,Current time 1681490332 841840028,driver.py,driver,56,"['/imu', '/rosout']"
1681490332.868869,60352,1681490332,868029356,,2,/imu_driver,Current time 1681490332 866794347,driver.py,driver,56,"['/imu', '/rosout']"
1681490332.8940785,60353,1681490332,893561601,,2,/imu_driver,Current time 1681490332 891661882,driver.py,driver,56,"['/imu', '/rosout']"
1681490332.9182322,60354,1681490332,917926549,,2,/imu_driver,Current time 1681490332 916668176,driver.py,driver,56,"['/imu', '/rosout']"
1681490332.9435472,60355,1681490332,943000078,,2,/imu_driver,Current time 1681490332 941694736,driver.py,driver,56,"['/imu', '/rosout']"
1681490332.968654,60356,1681490332,968002319,,2,/imu_driver,Current time 1681490332 966710329,driver.py,driver,56,"['/imu', '/rosout']"
1681490332.9980814,60357,1681490332,997462034,,2,/imu_driver,Current time 1681490332 992011070,driver.py,driver,56,"['/imu', '/rosout']"
1681490333.018935,60358,1681490333,18118619,,2,/imu_driver,Current time 1681490333 16736984,driver.py,driver,56,"['/imu', '/rosout']"
1681490333.0452228,60359,1681490333,44617891,,2,/imu_driver,Current time 1681490333 41695833,driver.py,driver,56,"['/imu', '/rosout']"
1681490333.0686376,60360,1681490333,68114757,,2,/imu_driver,Current time 1681490333 66771030,driver.py,driver,56,"['/imu', '/rosout']"
1681490333.0940137,60361,1681490333,93393087,,2,/imu_driver,Current time 1681490333 91593027,driver.py,driver,56,"['/imu', '/rosout']"
1681490333.1192772,60362,1681490333,118599891,,2,/imu_driver,Current time 1681490333 116632223,driver.py,driver,56,"['/imu', '/rosout']"
1681490333.1443827,60363,1681490333,143103837,,2,/imu_driver,Current time 1681490333 141614675,driver.py,driver,56,"['/imu', '/rosout']"
1681490333.1682856,60364,1681490333,167592287,,2,/imu_driver,Current time 1681490333 166569948,driver.py,driver,56,"['/imu', '/rosout']"
1681490333.1930966,60365,1681490333,192470073,,2,/imu_driver,Current time 1681490333 191464185,driver.py,driver,56,"['/imu', '/rosout']"
1681490333.2184653,60366,1681490333,217587471,,2,/imu_driver,Current time 1681490333 216526508,driver.py,driver,56,"['/imu', '/rosout']"
1681490333.2436197,60367,1681490333,242956638,,2,/imu_driver,Current time 1681490333 241442918,driver.py,driver,56,"['/imu', '/rosout']"
1681490333.2685683,60368,1681490333,267744779,,2,/imu_driver,Current time 1681490333 266476869,driver.py,driver,56,"['/imu', '/rosout']"
1681490333.2933617,60369,1681490333,292709350,,2,/imu_driver,Current time 1681490333 291536092,driver.py,driver,56,"['/imu', '/rosout']"
1681490333.3184645,60370,1681490333,317600011,,2,/imu_driver,Current time 1681490333 316507577,driver.py,driver,56,"['/imu', '/rosout']"
1681490333.343532,60371,1681490333,342967033,,2,/imu_driver,Current time 1681490333 341550350,driver.py,driver,56,"['/imu', '/rosout']"
1681490333.3678792,60372,1681490333,367610454,,2,/imu_driver,Current time 1681490333 366538047,driver.py,driver,56,"['/imu', '/rosout']"
1681490333.394457,60373,1681490333,393671751,,2,/imu_driver,Current time 1681490333 391403436,driver.py,driver,56,"['/imu', '/rosout']"
1681490333.417905,60374,1681490333,417390108,,2,/imu_driver,Current time 1681490333 416522741,driver.py,driver,56,"['/imu', '/rosout']"
1681490333.4431295,60375,1681490333,442770719,,2,/imu_driver,Current time 1681490333 441676378,driver.py,driver,56,"['/imu', '/rosout']"
1681490333.4678452,60376,1681490333,467419862,,2,/imu_driver,Current time 1681490333 466274738,driver.py,driver,56,"['/imu', '/rosout']"
1681490333.4935966,60377,1681490333,492954015,,2,/imu_driver,Current time 1681490333 491469383,driver.py,driver,56,"['/imu', '/rosout']"
1681490333.5179555,60378,1681490333,517622709,,2,/imu_driver,Current time 1681490333 516412496,driver.py,driver,56,"['/imu', '/rosout']"
1681490333.5428796,60379,1681490333,542303085,,2,/imu_driver,Current time 1681490333 541267871,driver.py,driver,56,"['/imu', '/rosout']"
1681490333.5678284,60380,1681490333,567588567,,2,/imu_driver,Current time 1681490333 566431760,driver.py,driver,56,"['/imu', '/rosout']"
1681490333.593538,60381,1681490333,592913150,,2,/imu_driver,Current time 1681490333 591328859,driver.py,driver,56,"['/imu', '/rosout']"
1681490333.618202,60382,1681490333,617926120,,2,/imu_driver,Current time 1681490333 616723060,driver.py,driver,56,"['/imu', '/rosout']"
1681490333.6432774,60383,1681490333,642488479,,2,/imu_driver,Current time 1681490333 641252517,driver.py,driver,56,"['/imu', '/rosout']"
1681490333.6678169,60384,1681490333,667561769,,2,/imu_driver,Current time 1681490333 666317224,driver.py,driver,56,"['/imu', '/rosout']"
1681490333.6927445,60385,1681490333,692309141,,2,/imu_driver,Current time 1681490333 691164731,driver.py,driver,56,"['/imu', '/rosout']"
1681490333.7180717,60386,1681490333,717551469,,2,/imu_driver,Current time 1681490333 716388463,driver.py,driver,56,"['/imu', '/rosout']"
1681490333.7441726,60387,1681490333,743551969,,2,/imu_driver,Current time 1681490333 742176771,driver.py,driver,56,"['/imu', '/rosout']"
1681490333.7682765,60388,1681490333,767710685,,2,/imu_driver,Current time 1681490333 766402721,driver.py,driver,56,"['/imu', '/rosout']"
1681490333.792704,60389,1681490333,792221784,,2,/imu_driver,Current time 1681490333 791135549,driver.py,driver,56,"['/imu', '/rosout']"
1681490333.8189123,60390,1681490333,818489789,,2,/imu_driver,Current time 1681490333 817280769,driver.py,driver,56,"['/imu', '/rosout']"
1681490333.8427737,60391,1681490333,842184543,,2,/imu_driver,Current time 1681490333 841135501,driver.py,driver,56,"['/imu', '/rosout']"
1681490333.8685002,60392,1681490333,867985010,,2,/imu_driver,Current time 1681490333 866804838,driver.py,driver,56,"['/imu', '/rosout']"
1681490333.8934953,60393,1681490333,893131256,,2,/imu_driver,Current time 1681490333 891055107,driver.py,driver,56,"['/imu', '/rosout']"
1681490333.9187074,60394,1681490333,918504953,,2,/imu_driver,Current time 1681490333 917339324,driver.py,driver,56,"['/imu', '/rosout']"
1681490333.9434817,60395,1681490333,943293333,,2,/imu_driver,Current time 1681490333 942043542,driver.py,driver,56,"['/imu', '/rosout']"
1681490333.9689097,60396,1681490333,968616485,,2,/imu_driver,Current time 1681490333 967334985,driver.py,driver,56,"['/imu', '/rosout']"
1681490333.994005,60397,1681490333,993697643,,2,/imu_driver,Current time 1681490333 992085933,driver.py,driver,56,"['/imu', '/rosout']"
1681490334.0186064,60398,1681490334,18341302,,2,/imu_driver,Current time 1681490334 16952276,driver.py,driver,56,"['/imu', '/rosout']"
1681490334.0431283,60399,1681490334,42762756,,2,/imu_driver,Current time 1681490334 41865110,driver.py,driver,56,"['/imu', '/rosout']"
1681490334.0690582,60400,1681490334,68827867,,2,/imu_driver,Current time 1681490334 67367076,driver.py,driver,56,"['/imu', '/rosout']"
1681490334.0941892,60401,1681490334,93575239,,2,/imu_driver,Current time 1681490334 92093706,driver.py,driver,56,"['/imu', '/rosout']"
1681490334.1184351,60402,1681490334,118092060,,2,/imu_driver,Current time 1681490334 116754531,driver.py,driver,56,"['/imu', '/rosout']"
1681490334.14412,60403,1681490334,143265724,,2,/imu_driver,Current time 1681490334 141823053,driver.py,driver,56,"['/imu', '/rosout']"
1681490334.1687431,60404,1681490334,167963504,,2,/imu_driver,Current time 1681490334 166919946,driver.py,driver,56,"['/imu', '/rosout']"
1681490334.21283,60405,1681490334,211838006,,2,/imu_driver,Current time 1681490334 193905353,driver.py,driver,56,"['/imu', '/rosout']"
1681490334.2187617,60406,1681490334,218161344,,2,/imu_driver,Current time 1681490334 216918468,driver.py,driver,56,"['/imu', '/rosout']"
1681490334.2578852,60407,1681490334,257635831,,2,/imu_driver,Current time 1681490334 256310701,driver.py,driver,56,"['/imu', '/rosout']"
1681490334.2684484,60408,1681490334,268147230,,2,/imu_driver,Current time 1681490334 266915559,driver.py,driver,56,"['/imu', '/rosout']"
1681490334.2937827,60409,1681490334,292948722,,2,/imu_driver,Current time 1681490334 291637897,driver.py,driver,56,"['/imu', '/rosout']"
1681490334.3184903,60410,1681490334,317695856,,2,/imu_driver,Current time 1681490334 316689252,driver.py,driver,56,"['/imu', '/rosout']"
1681490334.3441644,60411,1681490334,343346595,,2,/imu_driver,Current time 1681490334 341925859,driver.py,driver,56,"['/imu', '/rosout']"
1681490334.3685818,60412,1681490334,367868185,,2,/imu_driver,Current time 1681490334 366748094,driver.py,driver,56,"['/imu', '/rosout']"
1681490334.393137,60413,1681490334,392588615,,2,/imu_driver,Current time 1681490334 391593456,driver.py,driver,56,"['/imu', '/rosout']"
1681490334.4182954,60414,1681490334,417625427,,2,/imu_driver,Current time 1681490334 416659355,driver.py,driver,56,"['/imu', '/rosout']"
1681490334.4436846,60415,1681490334,442956686,,2,/imu_driver,Current time 1681490334 441622495,driver.py,driver,56,"['/imu', '/rosout']"
1681490334.4680982,60416,1681490334,467796564,,2,/imu_driver,Current time 1681490334 466722965,driver.py,driver,56,"['/imu', '/rosout']"
1681490334.4933352,60417,1681490334,492802619,,2,/imu_driver,Current time 1681490334 491594076,driver.py,driver,56,"['/imu', '/rosout']"
1681490334.5179863,60418,1681490334,517642736,,2,/imu_driver,Current time 1681490334 516535520,driver.py,driver,56,"['/imu', '/rosout']"
1681490334.5428517,60419,1681490334,542516231,,2,/imu_driver,Current time 1681490334 541461944,driver.py,driver,56,"['/imu', '/rosout']"
1681490334.568353,60420,1681490334,567604064,,2,/imu_driver,Current time 1681490334 566579103,driver.py,driver,56,"['/imu', '/rosout']"
1681490334.5938804,60421,1681490334,592675685,,2,/imu_driver,Current time 1681490334 591416358,driver.py,driver,56,"['/imu', '/rosout']"
1681490334.6183364,60422,1681490334,617713212,,2,/imu_driver,Current time 1681490334 616601943,driver.py,driver,56,"['/imu', '/rosout']"
1681490334.643144,60423,1681490334,642489194,,2,/imu_driver,Current time 1681490334 641501426,driver.py,driver,56,"['/imu', '/rosout']"
1681490334.6677382,60424,1681490334,667404890,,2,/imu_driver,Current time 1681490334 666451692,driver.py,driver,56,"['/imu', '/rosout']"
1681490334.6940763,60425,1681490334,693397998,,2,/imu_driver,Current time 1681490334 691844940,driver.py,driver,56,"['/imu', '/rosout']"
1681490334.718261,60426,1681490334,717567920,,2,/imu_driver,Current time 1681490334 716378927,driver.py,driver,56,"['/imu', '/rosout']"
1681490334.7432845,60427,1681490334,742577075,,2,/imu_driver,Current time 1681490334 741365909,driver.py,driver,56,"['/imu', '/rosout']"
1681490334.7680347,60428,1681490334,767384767,,2,/imu_driver,Current time 1681490334 766354322,driver.py,driver,56,"['/imu', '/rosout']"
1681490334.7927303,60429,1681490334,792375802,,2,/imu_driver,Current time 1681490334 791348934,driver.py,driver,56,"['/imu', '/rosout']"
1681490334.81804,60430,1681490334,817358732,,2,/imu_driver,Current time 1681490334 816371440,driver.py,driver,56,"['/imu', '/rosout']"
1681490334.8433456,60431,1681490334,842682600,,2,/imu_driver,Current time 1681490334 841500759,driver.py,driver,56,"['/imu', '/rosout']"
1681490334.8676374,60432,1681490334,867324352,,2,/imu_driver,Current time 1681490334 866230726,driver.py,driver,56,"['/imu', '/rosout']"
1681490334.8930235,60433,1681490334,892307043,,2,/imu_driver,Current time 1681490334 891360759,driver.py,driver,56,"['/imu', '/rosout']"
1681490334.91801,60434,1681490334,917386054,,2,/imu_driver,Current time 1681490334 916255474,driver.py,driver,56,"['/imu', '/rosout']"
1681490334.944204,60435,1681490334,943309307,,2,/imu_driver,Current time 1681490334 941836833,driver.py,driver,56,"['/imu', '/rosout']"
1681490334.9687262,60436,1681490334,968414783,,2,/imu_driver,Current time 1681490334 967229366,driver.py,driver,56,"['/imu', '/rosout']"
1681490334.9928737,60437,1681490334,992427349,,2,/imu_driver,Current time 1681490334 991159439,driver.py,driver,56,"['/imu', '/rosout']"
1681490335.0186696,60438,1681490335,18191337,,2,/imu_driver,Current time 1681490335 17143011,driver.py,driver,56,"['/imu', '/rosout']"
1681490335.042548,60439,1681490335,41983604,,2,/imu_driver,Current time 1681490335 41013956,driver.py,driver,56,"['/imu', '/rosout']"
1681490335.0693457,60440,1681490335,68514585,,2,/imu_driver,Current time 1681490335 67177295,driver.py,driver,56,"['/imu', '/rosout']"
1681490335.0938818,60441,1681490335,93457460,,2,/imu_driver,Current time 1681490335 91986417,driver.py,driver,56,"['/imu', '/rosout']"
1681490335.1185513,60442,1681490335,118389844,,2,/imu_driver,Current time 1681490335 117117404,driver.py,driver,56,"['/imu', '/rosout']"
1681490335.1435795,60443,1681490335,143091917,,2,/imu_driver,Current time 1681490335 141957283,driver.py,driver,56,"['/imu', '/rosout']"
1681490335.1688824,60444,1681490335,168200016,,2,/imu_driver,Current time 1681490335 167068004,driver.py,driver,56,"['/imu', '/rosout']"
1681490335.1958504,60445,1681490335,193585634,,2,/imu_driver,Current time 1681490335 191908121,driver.py,driver,56,"['/imu', '/rosout']"
1681490335.2186058,60446,1681490335,217981576,,2,/imu_driver,Current time 1681490335 216970920,driver.py,driver,56,"['/imu', '/rosout']"
1681490335.2432227,60447,1681490335,243066310,,2,/imu_driver,Current time 1681490335 241925954,driver.py,driver,56,"['/imu', '/rosout']"
1681490335.2680101,60448,1681490335,267842531,,2,/imu_driver,Current time 1681490335 266847372,driver.py,driver,56,"['/imu', '/rosout']"
1681490335.2930074,60449,1681490335,292865753,,2,/imu_driver,Current time 1681490335 291807413,driver.py,driver,56,"['/imu', '/rosout']"
1681490335.318141,60450,1681490335,317881584,,2,/imu_driver,Current time 1681490335 316739320,driver.py,driver,56,"['/imu', '/rosout']"
1681490335.3446555,60451,1681490335,344441890,,2,/imu_driver,Current time 1681490335 343186616,driver.py,driver,56,"['/imu', '/rosout']"
1681490335.3680677,60452,1681490335,367830514,,2,/imu_driver,Current time 1681490335 366831302,driver.py,driver,56,"['/imu', '/rosout']"
1681490335.3937979,60453,1681490335,392878770,,2,/imu_driver,Current time 1681490335 391880750,driver.py,driver,56,"['/imu', '/rosout']"
1681490335.4188118,60454,1681490335,417860507,,2,/imu_driver,Current time 1681490335 416876554,driver.py,driver,56,"['/imu', '/rosout']"
1681490335.4434416,60455,1681490335,442936420,,2,/imu_driver,Current time 1681490335 441658020,driver.py,driver,56,"['/imu', '/rosout']"
1681490335.4687726,60456,1681490335,468088150,,2,/imu_driver,Current time 1681490335 466727495,driver.py,driver,56,"['/imu', '/rosout']"
1681490335.4948153,60457,1681490335,494007587,,2,/imu_driver,Current time 1681490335 492651224,driver.py,driver,56,"['/imu', '/rosout']"
1681490335.518377,60458,1681490335,517728090,,2,/imu_driver,Current time 1681490335 516694545,driver.py,driver,56,"['/imu', '/rosout']"
1681490335.5429676,60459,1681490335,542654275,,2,/imu_driver,Current time 1681490335 541630744,driver.py,driver,56,"['/imu', '/rosout']"
1681490335.5686047,60460,1681490335,567725419,,2,/imu_driver,Current time 1681490335 566636800,driver.py,driver,56,"['/imu', '/rosout']"
1681490335.5944345,60461,1681490335,593445301,,2,/imu_driver,Current time 1681490335 592063903,driver.py,driver,56,"['/imu', '/rosout']"
1681490335.6186552,60462,1681490335,617845296,,2,/imu_driver,Current time 1681490335 616704225,driver.py,driver,56,"['/imu', '/rosout']"
1681490335.6437733,60463,1681490335,642809629,,2,/imu_driver,Current time 1681490335 641781091,driver.py,driver,56,"['/imu', '/rosout']"
1681490335.6680255,60464,1681490335,667677402,,2,/imu_driver,Current time 1681490335 666604995,driver.py,driver,56,"['/imu', '/rosout']"
1681490335.6929345,60465,1681490335,692609548,,2,/imu_driver,Current time 1681490335 691544294,driver.py,driver,56,"['/imu', '/rosout']"
1681490335.7182026,60466,1681490335,717574357,,2,/imu_driver,Current time 1681490335 716503858,driver.py,driver,56,"['/imu', '/rosout']"
1681490335.7460275,60467,1681490335,743338823,,2,/imu_driver,Current time 1681490335 741878986,driver.py,driver,56,"['/imu', '/rosout']"
1681490335.7686796,60468,1681490335,768062353,,2,/imu_driver,Current time 1681490335 766848325,driver.py,driver,56,"['/imu', '/rosout']"
1681490335.792928,60469,1681490335,792603731,,2,/imu_driver,Current time 1681490335 791574954,driver.py,driver,56,"['/imu', '/rosout']"
1681490335.8178408,60470,1681490335,817620038,,2,/imu_driver,Current time 1681490335 816462278,driver.py,driver,56,"['/imu', '/rosout']"
1681490335.843053,60471,1681490335,842663526,,2,/imu_driver,Current time 1681490335 841374397,driver.py,driver,56,"['/imu', '/rosout']"
1681490335.8677468,60472,1681490335,867531538,,2,/imu_driver,Current time 1681490335 866533041,driver.py,driver,56,"['/imu', '/rosout']"
1681490335.8927176,60473,1681490335,892463445,,2,/imu_driver,Current time 1681490335 891479492,driver.py,driver,56,"['/imu', '/rosout']"
1681490335.9177263,60474,1681490335,917539596,,2,/imu_driver,Current time 1681490335 916387796,driver.py,driver,56,"['/imu', '/rosout']"
1681490335.9426236,60475,1681490335,942400455,,2,/imu_driver,Current time 1681490335 941350460,driver.py,driver,56,"['/imu', '/rosout']"
1681490335.9676478,60476,1681490335,967458009,,2,/imu_driver,Current time 1681490335 966442584,driver.py,driver,56,"['/imu', '/rosout']"
1681490335.9929338,60477,1681490335,992696285,,2,/imu_driver,Current time 1681490335 991362333,driver.py,driver,56,"['/imu', '/rosout']"
1681490336.0180657,60478,1681490336,17859935,,2,/imu_driver,Current time 1681490336 16396045,driver.py,driver,56,"['/imu', '/rosout']"
1681490336.0424817,60479,1681490336,42294502,,2,/imu_driver,Current time 1681490336 41269063,driver.py,driver,56,"['/imu', '/rosout']"
1681490336.0677629,60480,1681490336,67459821,,2,/imu_driver,Current time 1681490336 66354990,driver.py,driver,56,"['/imu', '/rosout']"
1681490336.0955937,60481,1681490336,95399856,,2,/imu_driver,Current time 1681490336 91491699,driver.py,driver,56,"['/imu', '/rosout']"
1681490336.119149,60482,1681490336,118872165,,2,/imu_driver,Current time 1681490336 117753028,driver.py,driver,56,"['/imu', '/rosout']"
1681490336.1425104,60483,1681490336,142303943,,2,/imu_driver,Current time 1681490336 141356229,driver.py,driver,56,"['/imu', '/rosout']"
1681490336.1675472,60484,1681490336,167343854,,2,/imu_driver,Current time 1681490336 166209936,driver.py,driver,56,"['/imu', '/rosout']"
1681490336.1927712,60485,1681490336,192453861,,2,/imu_driver,Current time 1681490336 191263675,driver.py,driver,56,"['/imu', '/rosout']"
1681490336.2248952,60486,1681490336,224237203,,2,/imu_driver,Current time 1681490336 220650434,driver.py,driver,56,"['/imu', '/rosout']"
1681490336.2460778,60487,1681490336,245730161,,2,/imu_driver,Current time 1681490336 242408990,driver.py,driver,56,"['/imu', '/rosout']"
1681490336.2701082,60488,1681490336,268474340,,2,/imu_driver,Current time 1681490336 267220020,driver.py,driver,56,"['/imu', '/rosout']"
1681490336.293313,60489,1681490336,292489051,,2,/imu_driver,Current time 1681490336 291387319,driver.py,driver,56,"['/imu', '/rosout']"
1681490336.3189316,60490,1681490336,318267822,,2,/imu_driver,Current time 1681490336 317260026,driver.py,driver,56,"['/imu', '/rosout']"
1681490336.3442955,60491,1681490336,343477010,,2,/imu_driver,Current time 1681490336 342066287,driver.py,driver,56,"['/imu', '/rosout']"
1681490336.368728,60492,1681490336,368469715,,2,/imu_driver,Current time 1681490336 367170572,driver.py,driver,56,"['/imu', '/rosout']"
1681490336.39293,60493,1681490336,392227411,,2,/imu_driver,Current time 1681490336 391190052,driver.py,driver,56,"['/imu', '/rosout']"
1681490336.4180968,60494,1681490336,417837619,,2,/imu_driver,Current time 1681490336 416982412,driver.py,driver,56,"['/imu', '/rosout']"
1681490336.443434,60495,1681490336,443157196,,2,/imu_driver,Current time 1681490336 442118167,driver.py,driver,56,"['/imu', '/rosout']"
1681490336.4689386,60496,1681490336,468185663,,2,/imu_driver,Current time 1681490336 467139482,driver.py,driver,56,"['/imu', '/rosout']"
1681490336.4975474,60497,1681490336,496653556,,2,/imu_driver,Current time 1681490336 492565155,driver.py,driver,56,"['/imu', '/rosout']"
1681490336.5288787,60498,1681490336,523184537,,2,/imu_driver,Current time 1681490336 519371986,driver.py,driver,56,"['/imu', '/rosout']"
1681490336.5443082,60499,1681490336,543975114,,2,/imu_driver,Current time 1681490336 542470216,driver.py,driver,56,"['/imu', '/rosout']"
1681490336.5684562,60500,1681490336,568136215,,2,/imu_driver,Current time 1681490336 567040681,driver.py,driver,56,"['/imu', '/rosout']"
1681490336.5938587,60501,1681490336,593507528,,2,/imu_driver,Current time 1681490336 592044591,driver.py,driver,56,"['/imu', '/rosout']"
1681490336.6184478,60502,1681490336,618203163,,2,/imu_driver,Current time 1681490336 617189645,driver.py,driver,56,"['/imu', '/rosout']"
1681490336.643256,60503,1681490336,643003940,,2,/imu_driver,Current time 1681490336 641897439,driver.py,driver,56,"['/imu', '/rosout']"
1681490336.6683557,60504,1681490336,668012380,,2,/imu_driver,Current time 1681490336 666863203,driver.py,driver,56,"['/imu', '/rosout']"
1681490336.6937392,60505,1681490336,693178653,,2,/imu_driver,Current time 1681490336 691922187,driver.py,driver,56,"['/imu', '/rosout']"
1681490336.7183049,60506,1681490336,718049764,,2,/imu_driver,Current time 1681490336 716971874,driver.py,driver,56,"['/imu', '/rosout']"
1681490336.7435231,60507,1681490336,742929935,,2,/imu_driver,Current time 1681490336 741805076,driver.py,driver,56,"['/imu', '/rosout']"
1681490336.7688317,60508,1681490336,768286466,,2,/imu_driver,Current time 1681490336 767007589,driver.py,driver,56,"['/imu', '/rosout']"
1681490336.7935007,60509,1681490336,792827129,,2,/imu_driver,Current time 1681490336 791815757,driver.py,driver,56,"['/imu', '/rosout']"
1681490336.8179543,60510,1681490336,817664146,,2,/imu_driver,Current time 1681490336 816634893,driver.py,driver,56,"['/imu', '/rosout']"
1681490336.8437283,60511,1681490336,842988967,,2,/imu_driver,Current time 1681490336 841736078,driver.py,driver,56,"['/imu', '/rosout']"
1681490336.8689017,60512,1681490336,868068456,,2,/imu_driver,Current time 1681490336 866913318,driver.py,driver,56,"['/imu', '/rosout']"
1681490336.8933012,60513,1681490336,892703771,,2,/imu_driver,Current time 1681490336 891632080,driver.py,driver,56,"['/imu', '/rosout']"
1681490336.9182558,60514,1681490336,917660236,,2,/imu_driver,Current time 1681490336 916624546,driver.py,driver,56,"['/imu', '/rosout']"
1681490336.9435499,60515,1681490336,942893028,,2,/imu_driver,Current time 1681490336 941873550,driver.py,driver,56,"['/imu', '/rosout']"
1681490336.9682944,60516,1681490336,967709779,,2,/imu_driver,Current time 1681490336 966692924,driver.py,driver,56,"['/imu', '/rosout']"
1681490336.9940875,60517,1681490336,993747949,,2,/imu_driver,Current time 1681490336 992210149,driver.py,driver,56,"['/imu', '/rosout']"
1681490337.0182123,60518,1681490337,17688751,,2,/imu_driver,Current time 1681490337 16565799,driver.py,driver,56,"['/imu', '/rosout']"
1681490337.0433724,60519,1681490337,42732477,,2,/imu_driver,Current time 1681490337 41749954,driver.py,driver,56,"['/imu', '/rosout']"
1681490337.0682223,60520,1681490337,67905902,,2,/imu_driver,Current time 1681490337 66804170,driver.py,driver,56,"['/imu', '/rosout']"
1681490337.0936449,60521,1681490337,93276262,,2,/imu_driver,Current time 1681490337 91471433,driver.py,driver,56,"['/imu', '/rosout']"
1681490337.1191702,60522,1681490337,118799924,,2,/imu_driver,Current time 1681490337 117804765,driver.py,driver,56,"['/imu', '/rosout']"
1681490337.14282,60523,1681490337,142635822,,2,/imu_driver,Current time 1681490337 141416788,driver.py,driver,56,"['/imu', '/rosout']"
1681490337.1678307,60524,1681490337,167362213,,2,/imu_driver,Current time 1681490337 166384935,driver.py,driver,56,"['/imu', '/rosout']"
1681490337.1929011,60525,1681490337,192461252,,2,/imu_driver,Current time 1681490337 191460371,driver.py,driver,56,"['/imu', '/rosout']"
1681490337.217684,60526,1681490337,217426538,,2,/imu_driver,Current time 1681490337 216372013,driver.py,driver,56,"['/imu', '/rosout']"
1681490337.2439458,60527,1681490337,243188619,,2,/imu_driver,Current time 1681490337 241693496,driver.py,driver,56,"['/imu', '/rosout']"
1681490337.2684722,60528,1681490337,267587900,,2,/imu_driver,Current time 1681490337 266511201,driver.py,driver,56,"['/imu', '/rosout']"
1681490337.2931535,60529,1681490337,292463064,,2,/imu_driver,Current time 1681490337 291501998,driver.py,driver,56,"['/imu', '/rosout']"
1681490337.318566,60530,1681490337,317486286,,2,/imu_driver,Current time 1681490337 316494703,driver.py,driver,56,"['/imu', '/rosout']"
1681490337.343634,60531,1681490337,342958927,,2,/imu_driver,Current time 1681490337 341422557,driver.py,driver,56,"['/imu', '/rosout']"
1681490337.367907,60532,1681490337,367396116,,2,/imu_driver,Current time 1681490337 366319179,driver.py,driver,56,"['/imu', '/rosout']"
1681490337.3936534,60533,1681490337,392694711,,2,/imu_driver,Current time 1681490337 391315460,driver.py,driver,56,"['/imu', '/rosout']"
1681490337.4184127,60534,1681490337,417470216,,2,/imu_driver,Current time 1681490337 416400194,driver.py,driver,56,"['/imu', '/rosout']"
1681490337.4434745,60535,1681490337,442483186,,2,/imu_driver,Current time 1681490337 441289186,driver.py,driver,56,"['/imu', '/rosout']"
1681490337.467937,60536,1681490337,467545509,,2,/imu_driver,Current time 1681490337 466283082,driver.py,driver,56,"['/imu', '/rosout']"
1681490337.495029,60537,1681490337,492770195,,2,/imu_driver,Current time 1681490337 491482257,driver.py,driver,56,"['/imu', '/rosout']"
1681490337.5177095,60538,1681490337,517506122,,2,/imu_driver,Current time 1681490337 516461610,driver.py,driver,56,"['/imu', '/rosout']"
1681490337.5434687,60539,1681490337,543322086,,2,/imu_driver,Current time 1681490337 542272329,driver.py,driver,56,"['/imu', '/rosout']"
1681490337.568899,60540,1681490337,568363666,,2,/imu_driver,Current time 1681490337 567206621,driver.py,driver,56,"['/imu', '/rosout']"
1681490337.593623,60541,1681490337,592784404,,2,/imu_driver,Current time 1681490337 591090917,driver.py,driver,56,"['/imu', '/rosout']"
1681490337.618738,60542,1681490337,618261337,,2,/imu_driver,Current time 1681490337 617182493,driver.py,driver,56,"['/imu', '/rosout']"
1681490337.643607,60543,1681490337,642983675,,2,/imu_driver,Current time 1681490337 641323328,driver.py,driver,56,"['/imu', '/rosout']"
1681490337.6686897,60544,1681490337,668077468,,2,/imu_driver,Current time 1681490337 667018890,driver.py,driver,56,"['/imu', '/rosout']"
1681490337.6937208,60545,1681490337,693219184,,2,/imu_driver,Current time 1681490337 692151546,driver.py,driver,56,"['/imu', '/rosout']"
1681490337.7186656,60546,1681490337,718113899,,2,/imu_driver,Current time 1681490337 716984510,driver.py,driver,56,"['/imu', '/rosout']"
1681490337.7445226,60547,1681490337,744280815,,2,/imu_driver,Current time 1681490337 742517232,driver.py,driver,56,"['/imu', '/rosout']"
1681490337.7684138,60548,1681490337,768276453,,2,/imu_driver,Current time 1681490337 767000436,driver.py,driver,56,"['/imu', '/rosout']"
1681490337.7939758,60549,1681490337,793210268,,2,/imu_driver,Current time 1681490337 792040348,driver.py,driver,56,"['/imu', '/rosout']"
1681490337.8184361,60550,1681490337,818145990,,2,/imu_driver,Current time 1681490337 816994190,driver.py,driver,56,"['/imu', '/rosout']"
1681490337.843696,60551,1681490337,843457937,,2,/imu_driver,Current time 1681490337 841775417,driver.py,driver,56,"['/imu', '/rosout']"
1681490337.868179,60552,1681490337,867977142,,2,/imu_driver,Current time 1681490337 866959571,driver.py,driver,56,"['/imu', '/rosout']"
1681490337.8935733,60553,1681490337,893373727,,2,/imu_driver,Current time 1681490337 891886711,driver.py,driver,56,"['/imu', '/rosout']"
1681490337.9182029,60554,1681490337,917992591,,2,/imu_driver,Current time 1681490337 916943311,driver.py,driver,56,"['/imu', '/rosout']"
1681490337.943963,60555,1681490337,943132162,,2,/imu_driver,Current time 1681490337 941967725,driver.py,driver,56,"['/imu', '/rosout']"
1681490337.9684074,60556,1681490337,967876195,,2,/imu_driver,Current time 1681490337 966755628,driver.py,driver,56,"['/imu', '/rosout']"
1681490337.9949653,60557,1681490337,994476318,,2,/imu_driver,Current time 1681490337 992063283,driver.py,driver,56,"['/imu', '/rosout']"
1681490338.0180755,60558,1681490338,17750740,,2,/imu_driver,Current time 1681490338 16732692,driver.py,driver,56,"['/imu', '/rosout']"
1681490338.0431638,60559,1681490338,42869091,,2,/imu_driver,Current time 1681490338 41859626,driver.py,driver,56,"['/imu', '/rosout']"
1681490338.068119,60560,1681490338,67807674,,2,/imu_driver,Current time 1681490338 66622257,driver.py,driver,56,"['/imu', '/rosout']"
1681490338.0931876,60561,1681490338,93015670,,2,/imu_driver,Current time 1681490338 91679573,driver.py,driver,56,"['/imu', '/rosout']"
1681490338.118908,60562,1681490338,118191003,,2,/imu_driver,Current time 1681490338 116754531,driver.py,driver,56,"['/imu', '/rosout']"
1681490338.1434467,60563,1681490338,142818450,,2,/imu_driver,Current time 1681490338 141770124,driver.py,driver,56,"['/imu', '/rosout']"
1681490338.1681964,60564,1681490338,167643070,,2,/imu_driver,Current time 1681490338 166717767,driver.py,driver,56,"['/imu', '/rosout']"
1681490338.1941028,60565,1681490338,193218708,,2,/imu_driver,Current time 1681490338 191811084,driver.py,driver,56,"['/imu', '/rosout']"
1681490338.2182503,60566,1681490338,217807292,,2,/imu_driver,Current time 1681490338 216634511,driver.py,driver,56,"['/imu', '/rosout']"
1681490338.2433012,60567,1681490338,242833375,,2,/imu_driver,Current time 1681490338 241676807,driver.py,driver,56,"['/imu', '/rosout']"
1681490338.2680776,60568,1681490338,267595767,,2,/imu_driver,Current time 1681490338 266630172,driver.py,driver,56,"['/imu', '/rosout']"
1681490338.2933087,60569,1681490338,292808532,,2,/imu_driver,Current time 1681490338 291683912,driver.py,driver,56,"['/imu', '/rosout']"
1681490338.3186605,60570,1681490338,318023204,,2,/imu_driver,Current time 1681490338 316808938,driver.py,driver,56,"['/imu', '/rosout']"
1681490338.3472342,60571,1681490338,342846870,,2,/imu_driver,Current time 1681490338 341472148,driver.py,driver,56,"['/imu', '/rosout']"
1681490338.3685899,60572,1681490338,367700576,,2,/imu_driver,Current time 1681490338 366583108,driver.py,driver,56,"['/imu', '/rosout']"
1681490338.3928974,60573,1681490338,392681121,,2,/imu_driver,Current time 1681490338 391546726,driver.py,driver,56,"['/imu', '/rosout']"
1681490338.4177938,60574,1681490338,417601585,,2,/imu_driver,Current time 1681490338 416599273,driver.py,driver,56,"['/imu', '/rosout']"
1681490338.4179528,9,1681490338,417857744,,4,/record_1681490238361869733,Less than 5 x 1G of space free on disk with '2023-04-14-12-37-18.bag.active'.,/tmp/binarydeb/ros-noetic-rosbag-1.15.15/src/recorder.cpp,Recorder::checkDisk,771,['/rosout']
1681490338.4432232,60575,1681490338,442721605,,2,/imu_driver,Current time 1681490338 441500663,driver.py,driver,56,"['/imu', '/rosout']"
1681490338.4688423,60576,1681490338,467987298,,2,/imu_driver,Current time 1681490338 466565132,driver.py,driver,56,"['/imu', '/rosout']"
1681490338.5030057,60577,1681490338,501876115,,2,/imu_driver,Current time 1681490338 500416040,driver.py,driver,56,"['/imu', '/rosout']"
1681490338.5199656,60578,1681490338,517824649,,2,/imu_driver,Current time 1681490338 516464233,driver.py,driver,56,"['/imu', '/rosout']"
1681490338.5438106,60579,1681490338,542919874,,2,/imu_driver,Current time 1681490338 541701793,driver.py,driver,56,"['/imu', '/rosout']"
1681490338.5689971,60580,1681490338,567993640,,2,/imu_driver,Current time 1681490338 566517591,driver.py,driver,56,"['/imu', '/rosout']"
1681490338.5956247,60581,1681490338,595311164,,2,/imu_driver,Current time 1681490338 592303276,driver.py,driver,56,"['/imu', '/rosout']"
1681490338.618215,60582,1681490338,617361545,,2,/imu_driver,Current time 1681490338 616304397,driver.py,driver,56,"['/imu', '/rosout']"
1681490338.642679,60583,1681490338,642220973,,2,/imu_driver,Current time 1681490338 641352176,driver.py,driver,56,"['/imu', '/rosout']"
1681490338.668618,60584,1681490338,668287992,,2,/imu_driver,Current time 1681490338 667185306,driver.py,driver,56,"['/imu', '/rosout']"
1681490338.693265,60585,1681490338,692330837,,2,/imu_driver,Current time 1681490338 691309213,driver.py,driver,56,"['/imu', '/rosout']"
1681490338.7188864,60586,1681490338,718570709,,2,/imu_driver,Current time 1681490338 717414617,driver.py,driver,56,"['/imu', '/rosout']"
1681490338.7444675,60587,1681490338,743444681,,2,/imu_driver,Current time 1681490338 742132663,driver.py,driver,56,"['/imu', '/rosout']"
1681490338.7688534,60588,1681490338,768609046,,2,/imu_driver,Current time 1681490338 767188310,driver.py,driver,56,"['/imu', '/rosout']"
1681490338.7925973,60589,1681490338,792337179,,2,/imu_driver,Current time 1681490338 791224241,driver.py,driver,56,"['/imu', '/rosout']"
1681490338.8189685,60590,1681490338,818228721,,2,/imu_driver,Current time 1681490338 817142009,driver.py,driver,56,"['/imu', '/rosout']"
1681490338.8432717,60591,1681490338,843095779,,2,/imu_driver,Current time 1681490338 841879844,driver.py,driver,56,"['/imu', '/rosout']"
1681490338.8684351,60592,1681490338,868222236,,2,/imu_driver,Current time 1681490338 867150306,driver.py,driver,56,"['/imu', '/rosout']"
1681490338.8935864,60593,1681490338,893085241,,2,/imu_driver,Current time 1681490338 892039775,driver.py,driver,56,"['/imu', '/rosout']"
1681490338.918293,60594,1681490338,918016195,,2,/imu_driver,Current time 1681490338 916977167,driver.py,driver,56,"['/imu', '/rosout']"
1681490338.943326,60595,1681490338,943064928,,2,/imu_driver,Current time 1681490338 942066669,driver.py,driver,56,"['/imu', '/rosout']"
1681490338.9689937,60596,1681490338,968152761,,2,/imu_driver,Current time 1681490338 967041969,driver.py,driver,56,"['/imu', '/rosout']"
1681490338.9940999,60597,1681490338,993300437,,2,/imu_driver,Current time 1681490338 991930723,driver.py,driver,56,"['/imu', '/rosout']"
1681490339.0184994,60598,1681490339,18041133,,2,/imu_driver,Current time 1681490339 17012119,driver.py,driver,56,"['/imu', '/rosout']"
1681490339.0435774,60599,1681490339,42953968,,2,/imu_driver,Current time 1681490339 41925668,driver.py,driver,56,"['/imu', '/rosout']"
1681490339.0686002,60600,1681490339,68001508,,2,/imu_driver,Current time 1681490339 66956281,driver.py,driver,56,"['/imu', '/rosout']"
1681490339.0941405,60601,1681490339,93468666,,2,/imu_driver,Current time 1681490339 92045783,driver.py,driver,56,"['/imu', '/rosout']"
1681490339.1185324,60602,1681490339,117979049,,2,/imu_driver,Current time 1681490339 116994857,driver.py,driver,56,"['/imu', '/rosout']"
1681490339.1439934,60603,1681490339,143372535,,2,/imu_driver,Current time 1681490339 142091751,driver.py,driver,56,"['/imu', '/rosout']"
1681490339.1684911,60604,1681490339,167903900,,2,/imu_driver,Current time 1681490339 166816949,driver.py,driver,56,"['/imu', '/rosout']"
1681490339.193401,60605,1681490339,193042278,,2,/imu_driver,Current time 1681490339 191957950,driver.py,driver,56,"['/imu', '/rosout']"
1681490339.2184598,60606,1681490339,217870473,,2,/imu_driver,Current time 1681490339 216889381,driver.py,driver,56,"['/imu', '/rosout']"
1681490339.2454512,60607,1681490339,245206356,,2,/imu_driver,Current time 1681490339 243947982,driver.py,driver,56,"['/imu', '/rosout']"
1681490339.2679684,60608,1681490339,267675399,,2,/imu_driver,Current time 1681490339 266713619,driver.py,driver,56,"['/imu', '/rosout']"
1681490339.2930648,60609,1681490339,292787551,,2,/imu_driver,Current time 1681490339 291688680,driver.py,driver,56,"['/imu', '/rosout']"
1681490339.3184073,60610,1681490339,317901611,,2,/imu_driver,Current time 1681490339 316842794,driver.py,driver,56,"['/imu', '/rosout']"
1681490339.3439264,60611,1681490339,343549013,,2,/imu_driver,Current time 1681490339 342171907,driver.py,driver,56,"['/imu', '/rosout']"
1681490339.3682501,60612,1681490339,367927789,,2,/imu_driver,Current time 1681490339 366850852,driver.py,driver,56,"['/imu', '/rosout']"
1681490339.3940074,60613,1681490339,393349885,,2,/imu_driver,Current time 1681490339 392212390,driver.py,driver,56,"['/imu', '/rosout']"
1681490339.4181633,60614,1681490339,417664289,,2,/imu_driver,Current time 1681490339 416671752,driver.py,driver,56,"['/imu', '/rosout']"
1681490339.443405,60615,1681490339,442930936,,2,/imu_driver,Current time 1681490339 441871643,driver.py,driver,56,"['/imu', '/rosout']"
1681490339.4688354,60616,1681490339,468001604,,2,/imu_driver,Current time 1681490339 466755867,driver.py,driver,56,"['/imu', '/rosout']"
1681490339.4939296,60617,1681490339,493138790,,2,/imu_driver,Current time 1681490339 491697311,driver.py,driver,56,"['/imu', '/rosout']"
1681490339.518143,60618,1681490339,517853736,,2,/imu_driver,Current time 1681490339 516715049,driver.py,driver,56,"['/imu', '/rosout']"
1681490339.5431986,60619,1681490339,542709350,,2,/imu_driver,Current time 1681490339 541622638,driver.py,driver,56,"['/imu', '/rosout']"
1681490339.5685666,60620,1681490339,567795038,,2,/imu_driver,Current time 1681490339 566647529,driver.py,driver,56,"['/imu', '/rosout']"
1681490339.5939162,60621,1681490339,593113422,,2,/imu_driver,Current time 1681490339 591486930,driver.py,driver,56,"['/imu', '/rosout']"
1681490339.6182175,60622,1681490339,617533683,,2,/imu_driver,Current time 1681490339 616518974,driver.py,driver,56,"['/imu', '/rosout']"
1681490339.6442468,60623,1681490339,642980813,,2,/imu_driver,Current time 1681490339 641645669,driver.py,driver,56,"['/imu', '/rosout']"
1681490339.6688576,60624,1681490339,668092250,,2,/imu_driver,Current time 1681490339 666658163,driver.py,driver,56,"['/imu', '/rosout']"
1681490339.7096143,60625,1681490339,708755016,,2,/imu_driver,Current time 1681490339 707041501,driver.py,driver,56,"['/imu', '/rosout']"
1681490339.7183475,60626,1681490339,718123197,,2,/imu_driver,Current time 1681490339 716961383,driver.py,driver,56,"['/imu', '/rosout']"
1681490339.743822,60627,1681490339,743044137,,2,/imu_driver,Current time 1681490339 741506338,driver.py,driver,56,"['/imu', '/rosout']"
1681490339.7685199,60628,1681490339,767870903,,2,/imu_driver,Current time 1681490339 766465902,driver.py,driver,56,"['/imu', '/rosout']"
1681490339.79265,60629,1681490339,792406320,,2,/imu_driver,Current time 1681490339 791327238,driver.py,driver,56,"['/imu', '/rosout']"
1681490339.8178978,60630,1681490339,817625761,,2,/imu_driver,Current time 1681490339 816527605,driver.py,driver,56,"['/imu', '/rosout']"
1681490339.8430576,60631,1681490339,842717885,,2,/imu_driver,Current time 1681490339 841344833,driver.py,driver,56,"['/imu', '/rosout']"
1681490339.8674922,60632,1681490339,867255210,,2,/imu_driver,Current time 1681490339 866390228,driver.py,driver,56,"['/imu', '/rosout']"
1681490339.8927886,60633,1681490339,892477750,,2,/imu_driver,Current time 1681490339 891337871,driver.py,driver,56,"['/imu', '/rosout']"
1681490339.9179478,60634,1681490339,917647838,,2,/imu_driver,Current time 1681490339 916606426,driver.py,driver,56,"['/imu', '/rosout']"
1681490339.943496,60635,1681490339,943216085,,2,/imu_driver,Current time 1681490339 942209482,driver.py,driver,56,"['/imu', '/rosout']"
1681490339.9676068,60636,1681490339,967309236,,2,/imu_driver,Current time 1681490339 966186761,driver.py,driver,56,"['/imu', '/rosout']"
1681490339.9944139,60637,1681490339,993142366,,2,/imu_driver,Current time 1681490339 991650581,driver.py,driver,56,"['/imu', '/rosout']"
1681490340.0189672,60638,1681490340,18703222,,2,/imu_driver,Current time 1681490340 17628669,driver.py,driver,56,"['/imu', '/rosout']"
1681490340.042545,60639,1681490340,42242527,,2,/imu_driver,Current time 1681490340 41220188,driver.py,driver,56,"['/imu', '/rosout']"
1681490340.068697,60640,1681490340,68409204,,2,/imu_driver,Current time 1681490340 67134857,driver.py,driver,56,"['/imu', '/rosout']"
1681490340.0935543,60641,1681490340,93302488,,2,/imu_driver,Current time 1681490340 91837406,driver.py,driver,56,"['/imu', '/rosout']"
1681490340.12003,60642,1681490340,119802713,,2,/imu_driver,Current time 1681490340 118630886,driver.py,driver,56,"['/imu', '/rosout']"
1681490340.1434193,60643,1681490340,143118381,,2,/imu_driver,Current time 1681490340 142060041,driver.py,driver,56,"['/imu', '/rosout']"
1681490340.1683187,60644,1681490340,168066024,,2,/imu_driver,Current time 1681490340 167040586,driver.py,driver,56,"['/imu', '/rosout']"
1681490340.1932626,60645,1681490340,193029165,,2,/imu_driver,Current time 1681490340 191973447,driver.py,driver,56,"['/imu', '/rosout']"
1681490340.2184947,60646,1681490340,218164682,,2,/imu_driver,Current time 1681490340 217000484,driver.py,driver,56,"['/imu', '/rosout']"
1681490340.244534,60647,1681490340,244300127,,2,/imu_driver,Current time 1681490340 241969585,driver.py,driver,56,"['/imu', '/rosout']"
1681490340.2684023,60648,1681490340,268183946,,2,/imu_driver,Current time 1681490340 266988515,driver.py,driver,56,"['/imu', '/rosout']"
1681490340.2930565,60649,1681490340,292924165,,2,/imu_driver,Current time 1681490340 291958093,driver.py,driver,56,"['/imu', '/rosout']"
1681490340.3181329,60650,1681490340,317934036,,2,/imu_driver,Current time 1681490340 316964864,driver.py,driver,56,"['/imu', '/rosout']"
1681490340.3440125,60651,1681490340,343460559,,2,/imu_driver,Current time 1681490340 342006921,driver.py,driver,56,"['/imu', '/rosout']"
1681490340.367943,60652,1681490340,367808818,,2,/imu_driver,Current time 1681490340 366892337,driver.py,driver,56,"['/imu', '/rosout']"
1681490340.3933988,60653,1681490340,393244504,,2,/imu_driver,Current time 1681490340 392053365,driver.py,driver,56,"['/imu', '/rosout']"
1681490340.4179053,60654,1681490340,417783975,,2,/imu_driver,Current time 1681490340 416900157,driver.py,driver,56,"['/imu', '/rosout']"
1681490340.4431736,60655,1681490340,443020343,,2,/imu_driver,Current time 1681490340 442017555,driver.py,driver,56,"['/imu', '/rosout']"
1681490340.4682772,60656,1681490340,467997789,,2,/imu_driver,Current time 1681490340 466948747,driver.py,driver,56,"['/imu', '/rosout']"
1681490340.4933987,60657,1681490340,493243455,,2,/imu_driver,Current time 1681490340 491916656,driver.py,driver,56,"['/imu', '/rosout']"
1681490340.517781,60658,1681490340,517667770,,2,/imu_driver,Current time 1681490340 516735792,driver.py,driver,56,"['/imu', '/rosout']"
1681490340.542969,60659,1681490340,542839765,,2,/imu_driver,Current time 1681490340 541915893,driver.py,driver,56,"['/imu', '/rosout']"
1681490340.5680602,60660,1681490340,567835330,,2,/imu_driver,Current time 1681490340 566704034,driver.py,driver,56,"['/imu', '/rosout']"
1681490340.5939732,60661,1681490340,593244791,,2,/imu_driver,Current time 1681490340 591738700,driver.py,driver,56,"['/imu', '/rosout']"
1681490340.6183605,60662,1681490340,617841482,,2,/imu_driver,Current time 1681490340 616786241,driver.py,driver,56,"['/imu', '/rosout']"
1681490340.6442847,60663,1681490340,643420457,,2,/imu_driver,Current time 1681490340 642038822,driver.py,driver,56,"['/imu', '/rosout']"
1681490340.6687143,60664,1681490340,667738437,,2,/imu_driver,Current time 1681490340 666622161,driver.py,driver,56,"['/imu', '/rosout']"
1681490340.6933055,60665,1681490340,692627191,,2,/imu_driver,Current time 1681490340 691596269,driver.py,driver,56,"['/imu', '/rosout']"
1681490340.718226,60666,1681490340,717842102,,2,/imu_driver,Current time 1681490340 716690063,driver.py,driver,56,"['/imu', '/rosout']"
1681490340.744709,60667,1681490340,743234157,,2,/imu_driver,Current time 1681490340 741727828,driver.py,driver,56,"['/imu', '/rosout']"
1681490340.7686944,60668,1681490340,767799377,,2,/imu_driver,Current time 1681490340 766691923,driver.py,driver,56,"['/imu', '/rosout']"
1681490340.7932088,60669,1681490340,792787790,,2,/imu_driver,Current time 1681490340 791599512,driver.py,driver,56,"['/imu', '/rosout']"
1681490340.8182395,60670,1681490340,817862033,,2,/imu_driver,Current time 1681490340 816648721,driver.py,driver,56,"['/imu', '/rosout']"
1681490340.8506525,60671,1681490340,844815969,,2,/imu_driver,Current time 1681490340 843176841,driver.py,driver,56,"['/imu', '/rosout']"
1681490340.8682175,60672,1681490340,867962360,,2,/imu_driver,Current time 1681490340 866607427,driver.py,driver,56,"['/imu', '/rosout']"
1681490340.8935788,60673,1681490340,892901897,,2,/imu_driver,Current time 1681490340 891623735,driver.py,driver,56,"['/imu', '/rosout']"
1681490340.9181776,60674,1681490340,917654514,,2,/imu_driver,Current time 1681490340 916755199,driver.py,driver,56,"['/imu', '/rosout']"
1681490340.943478,60675,1681490340,942584991,,2,/imu_driver,Current time 1681490340 941649436,driver.py,driver,56,"['/imu', '/rosout']"
1681490340.9682307,60676,1681490340,967732906,,2,/imu_driver,Current time 1681490340 966685771,driver.py,driver,56,"['/imu', '/rosout']"
1681490340.996561,60677,1681490340,993300437,,2,/imu_driver,Current time 1681490340 991605043,driver.py,driver,56,"['/imu', '/rosout']"
1681490341.018523,60678,1681490341,17690420,,2,/imu_driver,Current time 1681490341 16746044,driver.py,driver,56,"['/imu', '/rosout']"
1681490341.042744,60679,1681490341,42480945,,2,/imu_driver,Current time 1681490341 41551351,driver.py,driver,56,"['/imu', '/rosout']"
1681490341.0679448,60680,1681490341,67420005,,2,/imu_driver,Current time 1681490341 66362857,driver.py,driver,56,"['/imu', '/rosout']"
1681490341.093175,60681,1681490341,92885494,,2,/imu_driver,Current time 1681490341 91379880,driver.py,driver,56,"['/imu', '/rosout']"
1681490341.1178908,60682,1681490341,117595672,,2,/imu_driver,Current time 1681490341 116380929,driver.py,driver,56,"['/imu', '/rosout']"
1681490341.142918,60683,1681490341,142597675,,2,/imu_driver,Current time 1681490341 141423940,driver.py,driver,56,"['/imu', '/rosout']"
1681490341.16794,60684,1681490341,167619466,,2,/imu_driver,Current time 1681490341 166582822,driver.py,driver,56,"['/imu', '/rosout']"
1681490341.1929677,60685,1681490341,192576408,,2,/imu_driver,Current time 1681490341 191498041,driver.py,driver,56,"['/imu', '/rosout']"
1681490341.2187538,60686,1681490341,218428134,,2,/imu_driver,Current time 1681490341 217247962,driver.py,driver,56,"['/imu', '/rosout']"
1681490341.243513,60687,1681490341,243193626,,2,/imu_driver,Current time 1681490341 241730213,driver.py,driver,56,"['/imu', '/rosout']"
1681490341.2686608,60688,1681490341,268416166,,2,/imu_driver,Current time 1681490341 267314434,driver.py,driver,56,"['/imu', '/rosout']"
1681490341.292814,60689,1681490341,292567968,,2,/imu_driver,Current time 1681490341 291471004,driver.py,driver,56,"['/imu', '/rosout']"
1681490341.3185503,60690,1681490341,318317651,,2,/imu_driver,Current time 1681490341 317104101,driver.py,driver,56,"['/imu', '/rosout']"
1681490341.3441842,60691,1681490341,343922615,,2,/imu_driver,Current time 1681490341 342612266,driver.py,driver,56,"['/imu', '/rosout']"
1681490341.368818,60692,1681490341,368524312,,2,/imu_driver,Current time 1681490341 367392778,driver.py,driver,56,"['/imu', '/rosout']"
1681490341.3983982,60693,1681490341,397427558,,2,/imu_driver,Current time 1681490341 392808437,driver.py,driver,56,"['/imu', '/rosout']"
1681490341.4292564,60694,1681490341,426524639,,2,/imu_driver,Current time 1681490341 424658060,driver.py,driver,56,"['/imu', '/rosout']"
1681490341.4423883,60695,1681490341,442192316,,2,/imu_driver,Current time 1681490341 441138029,driver.py,driver,56,"['/imu', '/rosout']"
1681490341.4684107,60696,1681490341,468165397,,2,/imu_driver,Current time 1681490341 467156887,driver.py,driver,56,"['/imu', '/rosout']"
1681490341.493709,60697,1681490341,493372678,,2,/imu_driver,Current time 1681490341 492166519,driver.py,driver,56,"['/imu', '/rosout']"
1681490341.5185177,60698,1681490341,518265247,,2,/imu_driver,Current time 1681490341 517107963,driver.py,driver,56,"['/imu', '/rosout']"
1681490341.5433197,60699,1681490341,543129682,,2,/imu_driver,Current time 1681490341 542096376,driver.py,driver,56,"['/imu', '/rosout']"
1681490341.5685616,60700,1681490341,568298339,,2,/imu_driver,Current time 1681490341 567170381,driver.py,driver,56,"['/imu', '/rosout']"
1681490341.5937238,60701,1681490341,593456268,,2,/imu_driver,Current time 1681490341 592097997,driver.py,driver,56,"['/imu', '/rosout']"
1681490341.6181846,60702,1681490341,617952108,,2,/imu_driver,Current time 1681490341 616948366,driver.py,driver,56,"['/imu', '/rosout']"
1681490341.644725,60703,1681490341,644465684,,2,/imu_driver,Current time 1681490341 642825841,driver.py,driver,56,"['/imu', '/rosout']"
1681490341.6682863,60704,1681490341,668055295,,2,/imu_driver,Current time 1681490341 667143583,driver.py,driver,56,"['/imu', '/rosout']"
1681490341.6936314,60705,1681490341,693341016,,2,/imu_driver,Current time 1681490341 692208528,driver.py,driver,56,"['/imu', '/rosout']"
1681490341.718681,60706,1681490341,717985868,,2,/imu_driver,Current time 1681490341 716842412,driver.py,driver,56,"['/imu', '/rosout']"
1681490341.7448442,60707,1681490341,743937969,,2,/imu_driver,Current time 1681490341 742441892,driver.py,driver,56,"['/imu', '/rosout']"
1681490341.7688916,60708,1681490341,768200397,,2,/imu_driver,Current time 1681490341 767100811,driver.py,driver,56,"['/imu', '/rosout']"
1681490341.7934325,60709,1681490341,792960166,,2,/imu_driver,Current time 1681490341 791965484,driver.py,driver,56,"['/imu', '/rosout']"
1681490341.8182743,60710,1681490341,817746877,,2,/imu_driver,Current time 1681490341 816793203,driver.py,driver,56,"['/imu', '/rosout']"
1681490341.8433871,60711,1681490341,842978239,,2,/imu_driver,Current time 1681490341 841845989,driver.py,driver,56,"['/imu', '/rosout']"
1681490341.8685248,60712,1681490341,867976903,,2,/imu_driver,Current time 1681490341 866847515,driver.py,driver,56,"['/imu', '/rosout']"
1681490341.895263,60713,1681490341,895028114,,2,/imu_driver,Current time 1681490341 893842935,driver.py,driver,56,"['/imu', '/rosout']"
1681490341.9179444,60714,1681490341,917778015,,2,/imu_driver,Current time 1681490341 916681289,driver.py,driver,56,"['/imu', '/rosout']"
1681490341.9431694,60715,1681490341,942912340,,2,/imu_driver,Current time 1681490341 941593408,driver.py,driver,56,"['/imu', '/rosout']"
1681490341.968599,60716,1681490341,967997074,,2,/imu_driver,Current time 1681490341 966705083,driver.py,driver,56,"['/imu', '/rosout']"
1681490341.9939423,60717,1681490341,992894887,,2,/imu_driver,Current time 1681490341 991766691,driver.py,driver,56,"['/imu', '/rosout']"
1681490342.0185719,60718,1681490342,17969369,,2,/imu_driver,Current time 1681490342 16659498,driver.py,driver,56,"['/imu', '/rosout']"
1681490342.044551,60719,1681490342,43962478,,2,/imu_driver,Current time 1681490342 42545318,driver.py,driver,56,"['/imu', '/rosout']"
1681490342.0692039,60720,1681490342,68010091,,2,/imu_driver,Current time 1681490342 66874742,driver.py,driver,56,"['/imu', '/rosout']"
1681490342.093052,60721,1681490342,92793941,,2,/imu_driver,Current time 1681490342 91791868,driver.py,driver,56,"['/imu', '/rosout']"
1681490342.1181917,60722,1681490342,117909908,,2,/imu_driver,Current time 1681490342 116759538,driver.py,driver,56,"['/imu', '/rosout']"
1681490342.1431792,60723,1681490342,142822504,,2,/imu_driver,Current time 1681490342 141552209,driver.py,driver,56,"['/imu', '/rosout']"
1681490342.1689625,60724,1681490342,168646812,,2,/imu_driver,Current time 1681490342 166900157,driver.py,driver,56,"['/imu', '/rosout']"
1681490342.1929307,60725,1681490342,192714929,,2,/imu_driver,Current time 1681490342 191542863,driver.py,driver,56,"['/imu', '/rosout']"
1681490342.2179408,60726,1681490342,217721462,,2,/imu_driver,Current time 1681490342 216583490,driver.py,driver,56,"['/imu', '/rosout']"
1681490342.2431107,60727,1681490342,242826938,,2,/imu_driver,Current time 1681490342 241455793,driver.py,driver,56,"['/imu', '/rosout']"
1681490342.2683806,60728,1681490342,267563343,,2,/imu_driver,Current time 1681490342 266598224,driver.py,driver,56,"['/imu', '/rosout']"
1681490342.292803,60729,1681490342,292439222,,2,/imu_driver,Current time 1681490342 291382074,driver.py,driver,56,"['/imu', '/rosout']"
1681490342.3179858,60730,1681490342,317475557,,2,/imu_driver,Current time 1681490342 316374301,driver.py,driver,56,"['/imu', '/rosout']"
1681490342.3428001,60731,1681490342,342552423,,2,/imu_driver,Current time 1681490342 341598510,driver.py,driver,56,"['/imu', '/rosout']"
1681490342.3682992,60732,1681490342,367580175,,2,/imu_driver,Current time 1681490342 366582870,driver.py,driver,56,"['/imu', '/rosout']"
1681490342.3941627,60733,1681490342,392835855,,2,/imu_driver,Current time 1681490342 391333818,driver.py,driver,56,"['/imu', '/rosout']"
1681490342.4182162,60734,1681490342,417415142,,2,/imu_driver,Current time 1681490342 416406154,driver.py,driver,56,"['/imu', '/rosout']"
1681490342.443158,60735,1681490342,442514181,,2,/imu_driver,Current time 1681490342 441396236,driver.py,driver,56,"['/imu', '/rosout']"
1681490342.4688098,60736,1681490342,468268871,,2,/imu_driver,Current time 1681490342 467261791,driver.py,driver,56,"['/imu', '/rosout']"
1681490342.492991,60737,1681490342,492466211,,2,/imu_driver,Current time 1681490342 491209506,driver.py,driver,56,"['/imu', '/rosout']"
1681490342.518749,60738,1681490342,518332004,,2,/imu_driver,Current time 1681490342 517297744,driver.py,driver,56,"['/imu', '/rosout']"
1681490342.5436149,60739,1681490342,543235063,,2,/imu_driver,Current time 1681490342 542247772,driver.py,driver,56,"['/imu', '/rosout']"
1681490342.5689688,60740,1681490342,568428516,,2,/imu_driver,Current time 1681490342 567219734,driver.py,driver,56,"['/imu', '/rosout']"
1681490342.593447,60741,1681490342,593257665,,2,/imu_driver,Current time 1681490342 592297315,driver.py,driver,56,"['/imu', '/rosout']"
1681490342.6188984,60742,1681490342,618279695,,2,/imu_driver,Current time 1681490342 617131233,driver.py,driver,56,"['/imu', '/rosout']"
1681490342.6433454,60743,1681490342,642582416,,2,/imu_driver,Current time 1681490342 641210556,driver.py,driver,56,"['/imu', '/rosout']"
1681490342.6687706,60744,1681490342,668409347,,2,/imu_driver,Current time 1681490342 667197227,driver.py,driver,56,"['/imu', '/rosout']"
1681490342.693429,60745,1681490342,693195343,,2,/imu_driver,Current time 1681490342 692245483,driver.py,driver,56,"['/imu', '/rosout']"
1681490342.71885,60746,1681490342,718321561,,2,/imu_driver,Current time 1681490342 717243194,driver.py,driver,56,"['/imu', '/rosout']"
1681490342.7438974,60747,1681490342,743454456,,2,/imu_driver,Current time 1681490342 742117881,driver.py,driver,56,"['/imu', '/rosout']"
1681490342.7685537,60748,1681490342,768189668,,2,/imu_driver,Current time 1681490342 767070055,driver.py,driver,56,"['/imu', '/rosout']"
1681490342.7942135,60749,1681490342,793438911,,2,/imu_driver,Current time 1681490342 792125701,driver.py,driver,56,"['/imu', '/rosout']"
1681490342.8194947,60750,1681490342,818674087,,2,/imu_driver,Current time 1681490342 817478895,driver.py,driver,56,"['/imu', '/rosout']"
1681490342.843291,60751,1681490342,843085289,,2,/imu_driver,Current time 1681490342 841997146,driver.py,driver,56,"['/imu', '/rosout']"
1681490342.8683147,60752,1681490342,868002653,,2,/imu_driver,Current time 1681490342 867027044,driver.py,driver,56,"['/imu', '/rosout']"
1681490342.8937166,60753,1681490342,893312215,,2,/imu_driver,Current time 1681490342 891968488,driver.py,driver,56,"['/imu', '/rosout']"
1681490342.918279,60754,1681490342,917980909,,2,/imu_driver,Current time 1681490342 917000532,driver.py,driver,56,"['/imu', '/rosout']"
1681490342.9432793,60755,1681490342,943028450,,2,/imu_driver,Current time 1681490342 941980600,driver.py,driver,56,"['/imu', '/rosout']"
1681490342.9682539,60756,1681490342,967899560,,2,/imu_driver,Current time 1681490342 966860771,driver.py,driver,56,"['/imu', '/rosout']"
1681490342.9935813,60757,1681490342,993286371,,2,/imu_driver,Current time 1681490342 992009878,driver.py,driver,56,"['/imu', '/rosout']"
1681490343.018159,60758,1681490343,17936229,,2,/imu_driver,Current time 1681490343 16960144,driver.py,driver,56,"['/imu', '/rosout']"
1681490343.0431979,60759,1681490343,42870521,,2,/imu_driver,Current time 1681490343 41861295,driver.py,driver,56,"['/imu', '/rosout']"
1681490343.0685809,60760,1681490343,67855119,,2,/imu_driver,Current time 1681490343 66797256,driver.py,driver,56,"['/imu', '/rosout']"
1681490343.0937402,60761,1681490343,93220949,,2,/imu_driver,Current time 1681490343 91963291,driver.py,driver,56,"['/imu', '/rosout']"
1681490343.1184337,60762,1681490343,118180036,,2,/imu_driver,Current time 1681490343 116809129,driver.py,driver,56,"['/imu', '/rosout']"
1681490343.143516,60763,1681490343,143276691,,2,/imu_driver,Current time 1681490343 141947031,driver.py,driver,56,"['/imu', '/rosout']"
1681490343.1682687,60764,1681490343,167976140,,2,/imu_driver,Current time 1681490343 166757345,driver.py,driver,56,"['/imu', '/rosout']"
1681490343.193266,60765,1681490343,192841291,,2,/imu_driver,Current time 1681490343 191671609,driver.py,driver,56,"['/imu', '/rosout']"
1681490343.2182257,60766,1681490343,217907905,,2,/imu_driver,Current time 1681490343 216945409,driver.py,driver,56,"['/imu', '/rosout']"
1681490343.2483854,60767,1681490343,247900724,,2,/imu_driver,Current time 1681490343 241688728,driver.py,driver,56,"['/imu', '/rosout']"
1681490343.2684135,60768,1681490343,268002748,,2,/imu_driver,Current time 1681490343 266818284,driver.py,driver,56,"['/imu', '/rosout']"
1681490343.294624,60769,1681490343,293982028,,2,/imu_driver,Current time 1681490343 291735410,driver.py,driver,56,"['/imu', '/rosout']"
1681490343.3183935,60770,1681490343,317806959,,2,/imu_driver,Current time 1681490343 316773176,driver.py,driver,56,"['/imu', '/rosout']"
1681490343.3432033,60771,1681490343,342890501,,2,/imu_driver,Current time 1681490343 341919422,driver.py,driver,56,"['/imu', '/rosout']"
1681490343.3684225,60772,1681490343,367792606,,2,/imu_driver,Current time 1681490343 366610765,driver.py,driver,56,"['/imu', '/rosout']"
1681490343.3949244,60773,1681490343,393798589,,2,/imu_driver,Current time 1681490343 392216920,driver.py,driver,56,"['/imu', '/rosout']"
1681490343.4178467,60774,1681490343,417596578,,2,/imu_driver,Current time 1681490343 416770935,driver.py,driver,56,"['/imu', '/rosout']"
1681490343.4432173,60775,1681490343,442758321,,2,/imu_driver,Current time 1681490343 441704750,driver.py,driver,56,"['/imu', '/rosout']"
1681490343.4687655,60776,1681490343,467835187,,2,/imu_driver,Current time 1681490343 466722249,driver.py,driver,56,"['/imu', '/rosout']"
1681490343.4963233,60777,1681490343,493149518,,2,/imu_driver,Current time 1681490343 491620063,driver.py,driver,56,"['/imu', '/rosout']"
1681490343.5180802,60778,1681490343,517625093,,2,/imu_driver,Current time 1681490343 516595363,driver.py,driver,56,"['/imu', '/rosout']"
1681490343.5431385,60779,1681490343,542586088,,2,/imu_driver,Current time 1681490343 541497230,driver.py,driver,56,"['/imu', '/rosout']"
1681490343.5680923,60780,1681490343,567585945,,2,/imu_driver,Current time 1681490343 566446542,driver.py,driver,56,"['/imu', '/rosout']"
1681490343.592938,60781,1681490343,592496395,,2,/imu_driver,Current time 1681490343 591440200,driver.py,driver,56,"['/imu', '/rosout']"
1681490343.6181269,60782,1681490343,617559432,,2,/imu_driver,Current time 1681490343 616303443,driver.py,driver,56,"['/imu', '/rosout']"
1681490343.6464596,60783,1681490343,645646333,,2,/imu_driver,Current time 1681490343 644395112,driver.py,driver,56,"['/imu', '/rosout']"
1681490343.6676195,60784,1681490343,667394399,,2,/imu_driver,Current time 1681490343 666458845,driver.py,driver,56,"['/imu', '/rosout']"
1681490343.6930225,60785,1681490343,692503213,,2,/imu_driver,Current time 1681490343 691436529,driver.py,driver,56,"['/imu', '/rosout']"
1681490343.717983,60786,1681490343,717493295,,2,/imu_driver,Current time 1681490343 716494560,driver.py,driver,56,"['/imu', '/rosout']"
1681490343.7432148,60787,1681490343,742509841,,2,/imu_driver,Current time 1681490343 741339921,driver.py,driver,56,"['/imu', '/rosout']"
1681490343.7688308,60788,1681490343,768501520,,2,/imu_driver,Current time 1681490343 767362594,driver.py,driver,56,"['/imu', '/rosout']"
1681490343.7926664,60789,1681490343,792243003,,2,/imu_driver,Current time 1681490343 791201591,driver.py,driver,56,"['/imu', '/rosout']"
1681490343.8186707,60790,1681490343,818289041,,2,/imu_driver,Current time 1681490343 817317724,driver.py,driver,56,"['/imu', '/rosout']"
1681490343.8438487,60791,1681490343,843405723,,2,/imu_driver,Current time 1681490343 842264652,driver.py,driver,56,"['/imu', '/rosout']"
1681490343.8688626,60792,1681490343,868388652,,2,/imu_driver,Current time 1681490343 867325544,driver.py,driver,56,"['/imu', '/rosout']"
1681490343.8936305,60793,1681490343,893342733,,2,/imu_driver,Current time 1681490343 892131567,driver.py,driver,56,"['/imu', '/rosout']"
1681490343.918725,60794,1681490343,918195724,,2,/imu_driver,Current time 1681490343 917193412,driver.py,driver,56,"['/imu', '/rosout']"
1681490343.9437096,60795,1681490343,943095922,,2,/imu_driver,Current time 1681490343 942057132,driver.py,driver,56,"['/imu', '/rosout']"
1681490343.968765,60796,1681490343,968247890,,2,/imu_driver,Current time 1681490343 967193603,driver.py,driver,56,"['/imu', '/rosout']"
1681490343.9945567,60797,1681490343,993598222,,2,/imu_driver,Current time 1681490343 992229223,driver.py,driver,56,"['/imu', '/rosout']"
1681490344.0187998,60798,1681490344,18281459,,2,/imu_driver,Current time 1681490344 17239093,driver.py,driver,56,"['/imu', '/rosout']"
1681490344.0440626,60799,1681490344,43158292,,2,/imu_driver,Current time 1681490344 42091608,driver.py,driver,56,"['/imu', '/rosout']"
1681490344.0687423,60800,1681490344,68120002,,2,/imu_driver,Current time 1681490344 67046165,driver.py,driver,56,"['/imu', '/rosout']"
1681490344.0933266,60801,1681490344,93131542,,2,/imu_driver,Current time 1681490344 92093706,driver.py,driver,56,"['/imu', '/rosout']"
1681490344.1186574,60802,1681490344,118363142,,2,/imu_driver,Current time 1681490344 117076635,driver.py,driver,56,"['/imu', '/rosout']"
1681490344.144385,60803,1681490344,143820285,,2,/imu_driver,Current time 1681490344 142362833,driver.py,driver,56,"['/imu', '/rosout']"
1681490344.1690812,60804,1681490344,168217420,,2,/imu_driver,Current time 1681490344 167051076,driver.py,driver,56,"['/imu', '/rosout']"
1681490344.1933157,60805,1681490344,193064689,,2,/imu_driver,Current time 1681490344 192035913,driver.py,driver,56,"['/imu', '/rosout']"
1681490344.2184231,60806,1681490344,218167781,,2,/imu_driver,Current time 1681490344 217017412,driver.py,driver,56,"['/imu', '/rosout']"
1681490344.259575,60807,1681490344,258843898,,2,/imu_driver,Current time 1681490344 257514715,driver.py,driver,56,"['/imu', '/rosout']"
1681490344.268996,60808,1681490344,268260717,,2,/imu_driver,Current time 1681490344 267017126,driver.py,driver,56,"['/imu', '/rosout']"
1681490344.2939935,60809,1681490344,293403863,,2,/imu_driver,Current time 1681490344 292157649,driver.py,driver,56,"['/imu', '/rosout']"
1681490344.3191504,60810,1681490344,318397045,,2,/imu_driver,Current time 1681490344 317098379,driver.py,driver,56,"['/imu', '/rosout']"
1681490344.3438733,60811,1681490344,343147516,,2,/imu_driver,Current time 1681490344 342007875,driver.py,driver,56,"['/imu', '/rosout']"
1681490344.3689947,60812,1681490344,368012905,,2,/imu_driver,Current time 1681490344 367022991,driver.py,driver,56,"['/imu', '/rosout']"
1681490344.3969815,60813,1681490344,396409273,,2,/imu_driver,Current time 1681490344 394901037,driver.py,driver,56,"['/imu', '/rosout']"
1681490344.4181476,60814,1681490344,417694807,,2,/imu_driver,Current time 1681490344 416903018,driver.py,driver,56,"['/imu', '/rosout']"
1681490344.444091,60815,1681490344,443108081,,2,/imu_driver,Current time 1681490344 441956043,driver.py,driver,56,"['/imu', '/rosout']"
1681490344.468357,60816,1681490344,467823266,,2,/imu_driver,Current time 1681490344 466885566,driver.py,driver,56,"['/imu', '/rosout']"
1681490344.4940004,60817,1681490344,493349075,,2,/imu_driver,Current time 1681490344 491902351,driver.py,driver,56,"['/imu', '/rosout']"
1681490344.5184188,60818,1681490344,518044471,,2,/imu_driver,Current time 1681490344 516815423,driver.py,driver,56,"['/imu', '/rosout']"
1681490344.54323,60819,1681490344,542713403,,2,/imu_driver,Current time 1681490344 541746854,driver.py,driver,56,"['/imu', '/rosout']"
1681490344.568102,60820,1681490344,567808628,,2,/imu_driver,Current time 1681490344 566706418,driver.py,driver,56,"['/imu', '/rosout']"
1681490344.5931199,60821,1681490344,592823982,,2,/imu_driver,Current time 1681490344 591805934,driver.py,driver,56,"['/imu', '/rosout']"
1681490344.618166,60822,1681490344,617893457,,2,/imu_driver,Current time 1681490344 616732597,driver.py,driver,56,"['/imu', '/rosout']"
1681490344.6432948,60823,1681490344,642965555,,2,/imu_driver,Current time 1681490344 641707181,driver.py,driver,56,"['/imu', '/rosout']"
1681490344.6686084,60824,1681490344,668306589,,2,/imu_driver,Current time 1681490344 666867971,driver.py,driver,56,"['/imu', '/rosout']"
1681490344.692984,60825,1681490344,692612171,,2,/imu_driver,Current time 1681490344 691584110,driver.py,driver,56,"['/imu', '/rosout']"
1681490344.71839,60826,1681490344,717702150,,2,/imu_driver,Current time 1681490344 716597080,driver.py,driver,56,"['/imu', '/rosout']"
1681490344.7442575,60827,1681490344,742861747,,2,/imu_driver,Current time 1681490344 741643190,driver.py,driver,56,"['/imu', '/rosout']"
1681490344.7683256,60828,1681490344,767715215,,2,/imu_driver,Current time 1681490344 766737222,driver.py,driver,56,"['/imu', '/rosout']"
1681490344.7931223,60829,1681490344,792838335,,2,/imu_driver,Current time 1681490344 791806936,driver.py,driver,56,"['/imu', '/rosout']"
1681490344.8180072,60830,1681490344,817753553,,2,/imu_driver,Current time 1681490344 816807270,driver.py,driver,56,"['/imu', '/rosout']"
1681490344.8433237,60831,1681490344,842761039,,2,/imu_driver,Current time 1681490344 841664552,driver.py,driver,56,"['/imu', '/rosout']"
1681490344.8686287,60832,1681490344,867717742,,2,/imu_driver,Current time 1681490344 866657257,driver.py,driver,56,"['/imu', '/rosout']"
1681490344.8935876,60833,1681490344,893110275,,2,/imu_driver,Current time 1681490344 891590118,driver.py,driver,56,"['/imu', '/rosout']"
1681490344.918071,60834,1681490344,917722225,,2,/imu_driver,Current time 1681490344 916603088,driver.py,driver,56,"['/imu', '/rosout']"
1681490344.9431822,60835,1681490344,942758083,,2,/imu_driver,Current time 1681490344 941639900,driver.py,driver,56,"['/imu', '/rosout']"
1681490344.9683,60836,1681490344,967715740,,2,/imu_driver,Current time 1681490344 966558456,driver.py,driver,56,"['/imu', '/rosout']"
1681490344.9937084,60837,1681490344,993020057,,2,/imu_driver,Current time 1681490344 991550207,driver.py,driver,56,"['/imu', '/rosout']"
1681490345.0178127,60838,1681490345,17550706,,2,/imu_driver,Current time 1681490345 16566276,driver.py,driver,56,"['/imu', '/rosout']"
1681490345.0433466,60839,1681490345,42735338,,2,/imu_driver,Current time 1681490345 41517972,driver.py,driver,56,"['/imu', '/rosout']"
1681490345.0680015,60840,1681490345,67535400,,2,/imu_driver,Current time 1681490345 66415071,driver.py,driver,56,"['/imu', '/rosout']"
1681490345.0926728,60841,1681490345,92452764,,2,/imu_driver,Current time 1681490345 91394662,driver.py,driver,56,"['/imu', '/rosout']"
1681490345.1178586,60842,1681490345,117578744,,2,/imu_driver,Current time 1681490345 116550922,driver.py,driver,56,"['/imu', '/rosout']"
1681490345.143512,60843,1681490345,142859458,,2,/imu_driver,Current time 1681490345 141392230,driver.py,driver,56,"['/imu', '/rosout']"
1681490345.1680253,60844,1681490345,167597293,,2,/imu_driver,Current time 1681490345 166467189,driver.py,driver,56,"['/imu', '/rosout']"
1681490345.1929195,60845,1681490345,192468166,,2,/imu_driver,Current time 1681490345 191493034,driver.py,driver,56,"['/imu', '/rosout']"
1681490345.2191334,60846,1681490345,218543052,,2,/imu_driver,Current time 1681490345 217328786,driver.py,driver,56,"['/imu', '/rosout']"
1681490345.2436738,60847,1681490345,242741346,,2,/imu_driver,Current time 1681490345 241311788,driver.py,driver,56,"['/imu', '/rosout']"
1681490345.2689748,60848,1681490345,268355131,,2,/imu_driver,Current time 1681490345 267271280,driver.py,driver,56,"['/imu', '/rosout']"
1681490345.2928038,60849,1681490345,292348623,,2,/imu_driver,Current time 1681490345 291363954,driver.py,driver,56,"['/imu', '/rosout']"
1681490345.3187456,60850,1681490345,318075895,,2,/imu_driver,Current time 1681490345 317169189,driver.py,driver,56,"['/imu', '/rosout']"
1681490345.3435676,60851,1681490345,343320369,,2,/imu_driver,Current time 1681490345 342283010,driver.py,driver,56,"['/imu', '/rosout']"
1681490345.3684733,60852,1681490345,368246793,,2,/imu_driver,Current time 1681490345 367252111,driver.py,driver,56,"['/imu', '/rosout']"
1681490345.3940675,60853,1681490345,393786430,,2,/imu_driver,Current time 1681490345 392297744,driver.py,driver,56,"['/imu', '/rosout']"
1681490345.418808,60854,1681490345,418500661,,2,/imu_driver,Current time 1681490345 417198419,driver.py,driver,56,"['/imu', '/rosout']"
1681490345.4438481,60855,1681490345,443273544,,2,/imu_driver,Current time 1681490345 442183017,driver.py,driver,56,"['/imu', '/rosout']"
1681490345.4690044,60856,1681490345,468297004,,2,/imu_driver,Current time 1681490345 467123508,driver.py,driver,56,"['/imu', '/rosout']"
1681490345.4944863,60857,1681490345,493923425,,2,/imu_driver,Current time 1681490345 492313146,driver.py,driver,56,"['/imu', '/rosout']"
1681490345.5192127,60858,1681490345,518336057,,2,/imu_driver,Current time 1681490345 517170190,driver.py,driver,56,"['/imu', '/rosout']"
1681490345.5440044,60859,1681490345,543390512,,2,/imu_driver,Current time 1681490345 542067050,driver.py,driver,56,"['/imu', '/rosout']"
1681490345.5685,60860,1681490345,568145513,,2,/imu_driver,Current time 1681490345 567014455,driver.py,driver,56,"['/imu', '/rosout']"
1681490345.593361,60861,1681490345,593131065,,2,/imu_driver,Current time 1681490345 592152357,driver.py,driver,56,"['/imu', '/rosout']"
1681490345.6184583,60862,1681490345,618008375,,2,/imu_driver,Current time 1681490345 617033720,driver.py,driver,56,"['/imu', '/rosout']"
1681490345.645093,60863,1681490345,643221139,,2,/imu_driver,Current time 1681490345 641895532,driver.py,driver,56,"['/imu', '/rosout']"
1681490345.669097,60864,1681490345,668242931,,2,/imu_driver,Current time 1681490345 666923046,driver.py,driver,56,"['/imu', '/rosout']"
1681490345.6934803,60865,1681490345,692980289,,2,/imu_driver,Current time 1681490345 691957712,driver.py,driver,56,"['/imu', '/rosout']"
1681490345.718486,60866,1681490345,718150854,,2,/imu_driver,Current time 1681490345 716975212,driver.py,driver,56,"['/imu', '/rosout']"
1681490345.7452042,60867,1681490345,744621276,,2,/imu_driver,Current time 1681490345 743285655,driver.py,driver,56,"['/imu', '/rosout']"
1681490345.7688012,60868,1681490345,768285989,,2,/imu_driver,Current time 1681490345 767060041,driver.py,driver,56,"['/imu', '/rosout']"
1681490345.7939248,60869,1681490345,793089866,,2,/imu_driver,Current time 1681490345 791891813,driver.py,driver,56,"['/imu', '/rosout']"
1681490345.8188944,60870,1681490345,818130254,,2,/imu_driver,Current time 1681490345 816962957,driver.py,driver,56,"['/imu', '/rosout']"
1681490345.8434424,60871,1681490345,842894554,,2,/imu_driver,Current time 1681490345 841898202,driver.py,driver,56,"['/imu', '/rosout']"
1681490345.868646,60872,1681490345,867994546,,2,/imu_driver,Current time 1681490345 866928100,driver.py,driver,56,"['/imu', '/rosout']"
1681490345.8943264,60873,1681490345,893599748,,2,/imu_driver,Current time 1681490345 891822338,driver.py,driver,56,"['/imu', '/rosout']"
1681490345.9183216,60874,1681490345,917716503,,2,/imu_driver,Current time 1681490345 916762351,driver.py,driver,56,"['/imu', '/rosout']"
1681490345.9433396,60875,1681490345,942862749,,2,/imu_driver,Current time 1681490345 941921472,driver.py,driver,56,"['/imu', '/rosout']"
1681490345.9685392,60876,1681490345,967884778,,2,/imu_driver,Current time 1681490345 966867208,driver.py,driver,56,"['/imu', '/rosout']"
1681490345.9944177,60877,1681490345,993719339,,2,/imu_driver,Current time 1681490345 992482900,driver.py,driver,56,"['/imu', '/rosout']"
1681490346.0181813,60878,1681490346,17878293,,2,/imu_driver,Current time 1681490346 16870260,driver.py,driver,56,"['/imu', '/rosout']"
1681490346.043902,60879,1681490346,43170452,,2,/imu_driver,Current time 1681490346 42014837,driver.py,driver,56,"['/imu', '/rosout']"
1681490346.068379,60880,1681490346,67942380,,2,/imu_driver,Current time 1681490346 66845655,driver.py,driver,56,"['/imu', '/rosout']"
1681490346.093436,60881,1681490346,92859745,,2,/imu_driver,Current time 1681490346 91736555,driver.py,driver,56,"['/imu', '/rosout']"
1681490346.1182683,60882,1681490346,117883682,,2,/imu_driver,Current time 1681490346 116750240,driver.py,driver,56,"['/imu', '/rosout']"
1681490346.1435623,60883,1681490346,143169879,,2,/imu_driver,Current time 1681490346 141722440,driver.py,driver,56,"['/imu', '/rosout']"
1681490346.1686006,60884,1681490346,167810201,,2,/imu_driver,Current time 1681490346 166701793,driver.py,driver,56,"['/imu', '/rosout']"
1681490346.1935256,60885,1681490346,192713499,,2,/imu_driver,Current time 1681490346 191668033,driver.py,driver,56,"['/imu', '/rosout']"
1681490346.218919,60886,1681490346,218130350,,2,/imu_driver,Current time 1681490346 216690778,driver.py,driver,56,"['/imu', '/rosout']"
1681490346.2437027,60887,1681490346,243037700,,2,/imu_driver,Current time 1681490346 241634845,driver.py,driver,56,"['/imu', '/rosout']"
1681490346.2682707,60888,1681490346,267852783,,2,/imu_driver,Current time 1681490346 266816854,driver.py,driver,56,"['/imu', '/rosout']"
1681490346.292789,60889,1681490346,292490482,,2,/imu_driver,Current time 1681490346 291454553,driver.py,driver,56,"['/imu', '/rosout']"
1681490346.317987,60890,1681490346,317703247,,2,/imu_driver,Current time 1681490346 316659450,driver.py,driver,56,"['/imu', '/rosout']"
1681490346.3426778,60891,1681490346,342446804,,2,/imu_driver,Current time 1681490346 341467142,driver.py,driver,56,"['/imu', '/rosout']"
1681490346.3689315,60892,1681490346,367549657,,2,/imu_driver,Current time 1681490346 366565704,driver.py,driver,56,"['/imu', '/rosout']"
1681490346.3938994,60893,1681490346,393281221,,2,/imu_driver,Current time 1681490346 391499996,driver.py,driver,56,"['/imu', '/rosout']"
1681490346.4184532,60894,1681490346,417479276,,2,/imu_driver,Current time 1681490346 416455268,driver.py,driver,56,"['/imu', '/rosout']"
1681490346.4430115,60895,1681490346,442523717,,2,/imu_driver,Current time 1681490346 441554069,driver.py,driver,56,"['/imu', '/rosout']"
1681490346.4685056,60896,1681490346,467499494,,2,/imu_driver,Current time 1681490346 466467857,driver.py,driver,56,"['/imu', '/rosout']"
1681490346.4958663,60897,1681490346,495239257,,2,/imu_driver,Current time 1681490346 493877410,driver.py,driver,56,"['/imu', '/rosout']"
1681490346.5178804,60898,1681490346,517373323,,2,/imu_driver,Current time 1681490346 516357660,driver.py,driver,56,"['/imu', '/rosout']"
1681490346.5456703,60899,1681490346,544535398,,2,/imu_driver,Current time 1681490346 543063879,driver.py,driver,56,"['/imu', '/rosout']"
1681490346.569096,60900,1681490346,568679571,,2,/imu_driver,Current time 1681490346 567379474,driver.py,driver,56,"['/imu', '/rosout']"
1681490346.5928092,60901,1681490346,592623949,,2,/imu_driver,Current time 1681490346 591416597,driver.py,driver,56,"['/imu', '/rosout']"
1681490346.61868,60902,1681490346,618370056,,2,/imu_driver,Current time 1681490346 617249965,driver.py,driver,56,"['/imu', '/rosout']"
1681490346.6433303,60903,1681490346,643132209,,2,/imu_driver,Current time 1681490346 641706705,driver.py,driver,56,"['/imu', '/rosout']"
1681490346.6691558,60904,1681490346,668589353,,2,/imu_driver,Current time 1681490346 667339801,driver.py,driver,56,"['/imu', '/rosout']"
1681490346.6943882,60905,1681490346,693482637,,2,/imu_driver,Current time 1681490346 692408084,driver.py,driver,56,"['/imu', '/rosout']"
1681490346.7185352,60906,1681490346,718317747,,2,/imu_driver,Current time 1681490346 717212200,driver.py,driver,56,"['/imu', '/rosout']"
1681490346.7442243,60907,1681490346,743649005,,2,/imu_driver,Current time 1681490346 742172002,driver.py,driver,56,"['/imu', '/rosout']"
1681490346.7690816,60908,1681490346,768452644,,2,/imu_driver,Current time 1681490346 767241716,driver.py,driver,56,"['/imu', '/rosout']"
1681490346.7943091,60909,1681490346,793361902,,2,/imu_driver,Current time 1681490346 792225122,driver.py,driver,56,"['/imu', '/rosout']"
1681490346.818594,60910,1681490346,818113565,,2,/imu_driver,Current time 1681490346 817204236,driver.py,driver,56,"['/imu', '/rosout']"
1681490346.8440282,60911,1681490346,843253135,,2,/imu_driver,Current time 1681490346 842108964,driver.py,driver,56,"['/imu', '/rosout']"
1681490346.8684657,60912,1681490346,868201255,,2,/imu_driver,Current time 1681490346 867140531,driver.py,driver,56,"['/imu', '/rosout']"
1681490346.8938534,60913,1681490346,893425464,,2,/imu_driver,Current time 1681490346 892219543,driver.py,driver,56,"['/imu', '/rosout']"
1681490346.9186544,60914,1681490346,918117046,,2,/imu_driver,Current time 1681490346 917005300,driver.py,driver,56,"['/imu', '/rosout']"
1681490346.9434245,60915,1681490346,943085193,,2,/imu_driver,Current time 1681490346 942165613,driver.py,driver,56,"['/imu', '/rosout']"
1681490346.9687343,60916,1681490346,968445539,,2,/imu_driver,Current time 1681490346 966993331,driver.py,driver,56,"['/imu', '/rosout']"
1681490346.9933634,60917,1681490346,993189573,,2,/imu_driver,Current time 1681490346 992121696,driver.py,driver,56,"['/imu', '/rosout']"
1681490347.0186272,60918,1681490347,18121719,,2,/imu_driver,Current time 1681490347 17038583,driver.py,driver,56,"['/imu', '/rosout']"
1681490347.0450215,60919,1681490347,44418811,,2,/imu_driver,Current time 1681490347 41916131,driver.py,driver,56,"['/imu', '/rosout']"
1681490347.069315,60920,1681490347,68583488,,2,/imu_driver,Current time 1681490347 67365646,driver.py,driver,56,"['/imu', '/rosout']"
1681490347.0935087,60921,1681490347,92978000,,2,/imu_driver,Current time 1681490347 91941833,driver.py,driver,56,"['/imu', '/rosout']"
1681490347.1184242,60922,1681490347,117810964,,2,/imu_driver,Current time 1681490347 116813659,driver.py,driver,56,"['/imu', '/rosout']"
1681490347.1437242,60923,1681490347,143209457,,2,/imu_driver,Current time 1681490347 141863584,driver.py,driver,56,"['/imu', '/rosout']"
1681490347.1685264,60924,1681490347,168026208,,2,/imu_driver,Current time 1681490347 166976928,driver.py,driver,56,"['/imu', '/rosout']"
1681490347.1937773,60925,1681490347,192988872,,2,/imu_driver,Current time 1681490347 191935062,driver.py,driver,56,"['/imu', '/rosout']"
1681490347.2188313,60926,1681490347,218212127,,2,/imu_driver,Current time 1681490347 217041969,driver.py,driver,56,"['/imu', '/rosout']"
1681490347.243865,60927,1681490347,243353366,,2,/imu_driver,Current time 1681490347 242033243,driver.py,driver,56,"['/imu', '/rosout']"
1681490347.2688053,60928,1681490347,268217802,,2,/imu_driver,Current time 1681490347 267019748,driver.py,driver,56,"['/imu', '/rosout']"
1681490347.2955022,60929,1681490347,294222831,,2,/imu_driver,Current time 1681490347 291743755,driver.py,driver,56,"['/imu', '/rosout']"
1681490347.3183303,60930,1681490347,317727565,,2,/imu_driver,Current time 1681490347 316765069,driver.py,driver,56,"['/imu', '/rosout']"
1681490347.3433442,60931,1681490347,342858552,,2,/imu_driver,Current time 1681490347 341878890,driver.py,driver,56,"['/imu', '/rosout']"
1681490347.3684297,60932,1681490347,367939233,,2,/imu_driver,Current time 1681490347 366755723,driver.py,driver,56,"['/imu', '/rosout']"
1681490347.3941102,60933,1681490347,393597364,,2,/imu_driver,Current time 1681490347 392341136,driver.py,driver,56,"['/imu', '/rosout']"
1681490347.4182305,60934,1681490347,417702674,,2,/imu_driver,Current time 1681490347 416718482,driver.py,driver,56,"['/imu', '/rosout']"
1681490347.4434502,60935,1681490347,442962169,,2,/imu_driver,Current time 1681490347 441715002,driver.py,driver,56,"['/imu', '/rosout']"
1681490347.4686213,60936,1681490347,468002557,,2,/imu_driver,Current time 1681490347 466714143,driver.py,driver,56,"['/imu', '/rosout']"
1681490347.4935596,60937,1681490347,493021726,,2,/imu_driver,Current time 1681490347 491861343,driver.py,driver,56,"['/imu', '/rosout']"
1681490347.5182588,60938,1681490347,517789363,,2,/imu_driver,Current time 1681490347 516724586,driver.py,driver,56,"['/imu', '/rosout']"
1681490347.546766,60939,1681490347,546123743,,2,/imu_driver,Current time 1681490347 542916536,driver.py,driver,56,"['/imu', '/rosout']"
1681490347.5683777,60940,1681490347,567618370,,2,/imu_driver,Current time 1681490347 566607713,driver.py,driver,56,"['/imu', '/rosout']"
1681490347.593474,60941,1681490347,592606782,,2,/imu_driver,Current time 1681490347 591608047,driver.py,driver,56,"['/imu', '/rosout']"
1681490347.617943,60942,1681490347,617738485,,2,/imu_driver,Current time 1681490347 616631031,driver.py,driver,56,"['/imu', '/rosout']"
1681490347.643445,60943,1681490347,643202781,,2,/imu_driver,Current time 1681490347 641638755,driver.py,driver,56,"['/imu', '/rosout']"
1681490347.6677597,60944,1681490347,667588710,,2,/imu_driver,Current time 1681490347 666496276,driver.py,driver,56,"['/imu', '/rosout']"
1681490347.692966,60945,1681490347,692721366,,2,/imu_driver,Current time 1681490347 691466331,driver.py,driver,56,"['/imu', '/rosout']"
1681490347.7181609,60946,1681490347,717890501,,2,/imu_driver,Current time 1681490347 716691255,driver.py,driver,56,"['/imu', '/rosout']"
1681490347.7428548,60947,1681490347,742682933,,2,/imu_driver,Current time 1681490347 741621017,driver.py,driver,56,"['/imu', '/rosout']"
1681490347.768014,60948,1681490347,767677545,,2,/imu_driver,Current time 1681490347 766535520,driver.py,driver,56,"['/imu', '/rosout']"
1681490347.7939587,60949,1681490347,793711423,,2,/imu_driver,Current time 1681490347 792054414,driver.py,driver,56,"['/imu', '/rosout']"
1681490347.8177292,60950,1681490347,817486763,,2,/imu_driver,Current time 1681490347 816467761,driver.py,driver,56,"['/imu', '/rosout']"
1681490347.8426204,60951,1681490347,842449903,,2,/imu_driver,Current time 1681490347 841383695,driver.py,driver,56,"['/imu', '/rosout']"
1681490347.8687956,60952,1681490347,868363857,,2,/imu_driver,Current time 1681490347 867292642,driver.py,driver,56,"['/imu', '/rosout']"
1681490347.8941982,60953,1681490347,892615795,,2,/imu_driver,Current time 1681490347 891299247,driver.py,driver,56,"['/imu', '/rosout']"
1681490347.9185522,60954,1681490347,918382644,,2,/imu_driver,Current time 1681490347 917313575,driver.py,driver,56,"['/imu', '/rosout']"
1681490347.9455705,60955,1681490347,943423509,,2,/imu_driver,Current time 1681490347 942240715,driver.py,driver,56,"['/imu', '/rosout']"
1681490347.9688551,60956,1681490347,968377351,,2,/imu_driver,Current time 1681490347 967354536,driver.py,driver,56,"['/imu', '/rosout']"
1681490347.9943497,60957,1681490347,993837594,,2,/imu_driver,Current time 1681490347 992664575,driver.py,driver,56,"['/imu', '/rosout']"
1681490348.018772,60958,1681490348,18409490,,2,/imu_driver,Current time 1681490348 17228126,driver.py,driver,56,"['/imu', '/rosout']"
1681490348.0442164,60959,1681490348,43342590,,2,/imu_driver,Current time 1681490348 42119264,driver.py,driver,56,"['/imu', '/rosout']"
1681490348.0691204,60960,1681490348,68512439,,2,/imu_driver,Current time 1681490348 67256689,driver.py,driver,56,"['/imu', '/rosout']"
1681490348.093855,60961,1681490348,93206882,,2,/imu_driver,Current time 1681490348 92125654,driver.py,driver,56,"['/imu', '/rosout']"
1681490348.118629,60962,1681490348,118402719,,2,/imu_driver,Current time 1681490348 117211103,driver.py,driver,56,"['/imu', '/rosout']"
1681490348.1443305,60963,1681490348,143548488,,2,/imu_driver,Current time 1681490348 142083168,driver.py,driver,56,"['/imu', '/rosout']"
1681490348.1692314,60964,1681490348,168651342,,2,/imu_driver,Current time 1681490348 167152166,driver.py,driver,56,"['/imu', '/rosout']"
1681490348.1936748,60965,1681490348,193177938,,2,/imu_driver,Current time 1681490348 191983938,driver.py,driver,56,"['/imu', '/rosout']"
1681490348.2187786,60966,1681490348,218030452,,2,/imu_driver,Current time 1681490348 217035055,driver.py,driver,56,"['/imu', '/rosout']"
1681490348.2432845,60967,1681490348,243030548,,2,/imu_driver,Current time 1681490348 242009639,driver.py,driver,56,"['/imu', '/rosout']"
1681490348.2686493,60968,1681490348,268341541,,2,/imu_driver,Current time 1681490348 267075300,driver.py,driver,56,"['/imu', '/rosout']"
1681490348.2953453,60969,1681490348,294585704,,2,/imu_driver,Current time 1681490348 292885065,driver.py,driver,56,"['/imu', '/rosout']"
1681490348.3194058,60970,1681490348,318465232,,2,/imu_driver,Current time 1681490348 317059040,driver.py,driver,56,"['/imu', '/rosout']"
1681490348.3432403,60971,1681490348,342958927,,2,/imu_driver,Current time 1681490348 341942310,driver.py,driver,56,"['/imu', '/rosout']"
1681490348.3685205,60972,1681490348,367851257,,2,/imu_driver,Current time 1681490348 366819620,driver.py,driver,56,"['/imu', '/rosout']"
1681490348.39373,60973,1681490348,393393516,,2,/imu_driver,Current time 1681490348 391959190,driver.py,driver,56,"['/imu', '/rosout']"
1681490348.4190044,60974,1681490348,418190002,,2,/imu_driver,Current time 1681490348 416945219,driver.py,driver,56,"['/imu', '/rosout']"
1681490348.4451785,60975,1681490348,443442106,,2,/imu_driver,Current time 1681490348 441962480,driver.py,driver,56,"['/imu', '/rosout']"
1681490348.4688344,60976,1681490348,468112707,,2,/imu_driver,Current time 1681490348 467010974,driver.py,driver,56,"['/imu', '/rosout']"
1681490348.4932656,60977,1681490348,492989301,,2,/imu_driver,Current time 1681490348 491930961,driver.py,driver,56,"['/imu', '/rosout']"
1681490348.5185692,60978,1681490348,517927408,,2,/imu_driver,Current time 1681490348 516891241,driver.py,driver,56,"['/imu', '/rosout']"
1681490348.544563,60979,1681490348,543285846,,2,/imu_driver,Current time 1681490348 541769027,driver.py,driver,56,"['/imu', '/rosout']"
1681490348.5686862,60980,1681490348,567723512,,2,/imu_driver,Current time 1681490348 566795110,driver.py,driver,56,"['/imu', '/rosout']"
1681490348.593025,60981,1681490348,592735767,,2,/imu_driver,Current time 1681490348 591775417,driver.py,driver,56,"['/imu', '/rosout']"
1681490348.6180182,60982,1681490348,617809772,,2,/imu_driver,Current time 1681490348 616852998,driver.py,driver,56,"['/imu', '/rosout']"
1681490348.643651,60983,1681490348,643378496,,2,/imu_driver,Current time 1681490348 641717433,driver.py,driver,56,"['/imu', '/rosout']"
1681490348.6683793,60984,1681490348,667993783,,2,/imu_driver,Current time 1681490348 666818857,driver.py,driver,56,"['/imu', '/rosout']"
1681490348.6932542,60985,1681490348,692949771,,2,/imu_driver,Current time 1681490348 691722393,driver.py,driver,56,"['/imu', '/rosout']"
1681490348.7182,60986,1681490348,717936992,,2,/imu_driver,Current time 1681490348 716890335,driver.py,driver,56,"['/imu', '/rosout']"
1681490348.7429616,60987,1681490348,742743015,,2,/imu_driver,Current time 1681490348 741705417,driver.py,driver,56,"['/imu', '/rosout']"
1681490348.7684069,60988,1681490348,768099069,,2,/imu_driver,Current time 1681490348 766942977,driver.py,driver,56,"['/imu', '/rosout']"
1681490348.7936895,60989,1681490348,793384552,,2,/imu_driver,Current time 1681490348 791771650,driver.py,driver,56,"['/imu', '/rosout']"
1681490348.8185518,60990,1681490348,818223953,,2,/imu_driver,Current time 1681490348 816698551,driver.py,driver,56,"['/imu', '/rosout']"
1681490348.843656,60991,1681490348,842918872,,2,/imu_driver,Current time 1681490348 841533660,driver.py,driver,56,"['/imu', '/rosout']"
1681490348.8694983,60992,1681490348,868319988,,2,/imu_driver,Current time 1681490348 866882801,driver.py,driver,56,"['/imu', '/rosout']"
1681490348.8944197,60993,1681490348,893001317,,2,/imu_driver,Current time 1681490348 891534328,driver.py,driver,56,"['/imu', '/rosout']"
1681490348.9184146,60994,1681490348,917813062,,2,/imu_driver,Current time 1681490348 916522502,driver.py,driver,56,"['/imu', '/rosout']"
1681490348.9434774,60995,1681490348,942641735,,2,/imu_driver,Current time 1681490348 941464424,driver.py,driver,56,"['/imu', '/rosout']"
1681490348.96785,60996,1681490348,967397689,,2,/imu_driver,Current time 1681490348 966404438,driver.py,driver,56,"['/imu', '/rosout']"
1681490348.9931128,60997,1681490348,992574453,,2,/imu_driver,Current time 1681490348 991519451,driver.py,driver,56,"['/imu', '/rosout']"
1681490349.0183425,60998,1681490349,17622232,,2,/imu_driver,Current time 1681490349 16638278,driver.py,driver,56,"['/imu', '/rosout']"
1681490349.0469966,60999,1681490349,43459892,,2,/imu_driver,Current time 1681490349 42202472,driver.py,driver,56,"['/imu', '/rosout']"
1681490349.0695684,61000,1681490349,69313049,,2,/imu_driver,Current time 1681490349 68069696,driver.py,driver,56,"['/imu', '/rosout']"
1681490349.092812,61001,1681490349,92649221,,2,/imu_driver,Current time 1681490349 91614484,driver.py,driver,56,"['/imu', '/rosout']"
1681490349.1188264,61002,1681490349,118447303,,2,/imu_driver,Current time 1681490349 117309331,driver.py,driver,56,"['/imu', '/rosout']"
1681490349.144339,61003,1681490349,143921613,,2,/imu_driver,Current time 1681490349 142364263,driver.py,driver,56,"['/imu', '/rosout']"
1681490349.1690598,61004,1681490349,168846845,,2,/imu_driver,Current time 1681490349 167550563,driver.py,driver,56,"['/imu', '/rosout']"
1681490349.1937695,61005,1681490349,193568706,,2,/imu_driver,Current time 1681490349 192304134,driver.py,driver,56,"['/imu', '/rosout']"
1681490349.2186718,61006,1681490349,218338966,,2,/imu_driver,Current time 1681490349 217363357,driver.py,driver,56,"['/imu', '/rosout']"
1681490349.2441099,61007,1681490349,243653774,,2,/imu_driver,Current time 1681490349 242217540,driver.py,driver,56,"['/imu', '/rosout']"
1681490349.2687697,61008,1681490349,268523454,,2,/imu_driver,Current time 1681490349 267291069,driver.py,driver,56,"['/imu', '/rosout']"
1681490349.2941968,61009,1681490349,293906688,,2,/imu_driver,Current time 1681490349 292343854,driver.py,driver,56,"['/imu', '/rosout']"
1681490349.318814,61010,1681490349,318614244,,2,/imu_driver,Current time 1681490349 317307233,driver.py,driver,56,"['/imu', '/rosout']"
1681490349.3436985,61011,1681490349,343511581,,2,/imu_driver,Current time 1681490349 342338323,driver.py,driver,56,"['/imu', '/rosout']"
1681490349.3688018,61012,1681490349,368541002,,2,/imu_driver,Current time 1681490349 367147684,driver.py,driver,56,"['/imu', '/rosout']"
1681490349.39424,61013,1681490349,393516540,,2,/imu_driver,Current time 1681490349 392150640,driver.py,driver,56,"['/imu', '/rosout']"
1681490349.4186754,61014,1681490349,418182134,,2,/imu_driver,Current time 1681490349 417088270,driver.py,driver,56,"['/imu', '/rosout']"
1681490349.445012,61015,1681490349,443671464,,2,/imu_driver,Current time 1681490349 442162752,driver.py,driver,56,"['/imu', '/rosout']"
1681490349.4685915,61016,1681490349,468108892,,2,/imu_driver,Current time 1681490349 467123746,driver.py,driver,56,"['/imu', '/rosout']"
1681490349.4936113,61017,1681490349,493219375,,2,/imu_driver,Current time 1681490349 492134809,driver.py,driver,56,"['/imu', '/rosout']"
1681490349.5185883,61018,1681490349,518010854,,2,/imu_driver,Current time 1681490349 516962528,driver.py,driver,56,"['/imu', '/rosout']"
1681490349.5439844,61019,1681490349,543337821,,2,/imu_driver,Current time 1681490349 541974306,driver.py,driver,56,"['/imu', '/rosout']"
1681490349.5685759,61020,1681490349,568382740,,2,/imu_driver,Current time 1681490349 567091464,driver.py,driver,56,"['/imu', '/rosout']"
1681490349.5933614,61021,1681490349,593135833,,2,/imu_driver,Current time 1681490349 592031478,driver.py,driver,56,"['/imu', '/rosout']"
1681490349.6182044,61022,1681490349,618015766,,2,/imu_driver,Current time 1681490349 616929292,driver.py,driver,56,"['/imu', '/rosout']"
1681490349.644489,61023,1681490349,644226312,,2,/imu_driver,Current time 1681490349 642778635,driver.py,driver,56,"['/imu', '/rosout']"
1681490349.6685061,61024,1681490349,667975187,,2,/imu_driver,Current time 1681490349 666984796,driver.py,driver,56,"['/imu', '/rosout']"
1681490349.6939085,61025,1681490349,693204164,,2,/imu_driver,Current time 1681490349 691866159,driver.py,driver,56,"['/imu', '/rosout']"
1681490349.7185204,61026,1681490349,717919826,,2,/imu_driver,Current time 1681490349 716931819,driver.py,driver,56,"['/imu', '/rosout']"
1681490349.74315,61027,1681490349,742853879,,2,/imu_driver,Current time 1681490349 741831541,driver.py,driver,56,"['/imu', '/rosout']"
1681490349.7685428,61028,1681490349,768031835,,2,/imu_driver,Current time 1681490349 766946077,driver.py,driver,56,"['/imu', '/rosout']"
1681490349.7976098,61029,1681490349,794222116,,2,/imu_driver,Current time 1681490349 791767358,driver.py,driver,56,"['/imu', '/rosout']"
1681490349.8189392,61030,1681490349,818045139,,2,/imu_driver,Current time 1681490349 816892623,driver.py,driver,56,"['/imu', '/rosout']"
1681490349.843248,61031,1681490349,842721700,,2,/imu_driver,Current time 1681490349 841746807,driver.py,driver,56,"['/imu', '/rosout']"
1681490349.8683946,61032,1681490349,867940187,,2,/imu_driver,Current time 1681490349 866973638,driver.py,driver,56,"['/imu', '/rosout']"
1681490349.8930478,61033,1681490349,892676115,,2,/imu_driver,Current time 1681490349 891752719,driver.py,driver,56,"['/imu', '/rosout']"
1681490349.9182346,61034,1681490349,918039083,,2,/imu_driver,Current time 1681490349 916926145,driver.py,driver,56,"['/imu', '/rosout']"
1681490349.943429,61035,1681490349,943252325,,2,/imu_driver,Current time 1681490349 941823959,driver.py,driver,56,"['/imu', '/rosout']"
1681490349.9690053,61036,1681490349,968327999,,2,/imu_driver,Current time 1681490349 966984748,driver.py,driver,56,"['/imu', '/rosout']"
1681490349.9938316,61037,1681490349,992948532,,2,/imu_driver,Current time 1681490349 991743326,driver.py,driver,56,"['/imu', '/rosout']"
1681490350.0181324,61038,1681490350,17959356,,2,/imu_driver,Current time 1681490350 16744375,driver.py,driver,56,"['/imu', '/rosout']"
1681490350.043584,61039,1681490350,43294191,,2,/imu_driver,Current time 1681490350 41834592,driver.py,driver,56,"['/imu', '/rosout']"
1681490350.0679574,61040,1681490350,67795515,,2,/imu_driver,Current time 1681490350 66632986,driver.py,driver,56,"['/imu', '/rosout']"
1681490350.0930498,61041,1681490350,92818975,,2,/imu_driver,Current time 1681490350 91738700,driver.py,driver,56,"['/imu', '/rosout']"
1681490350.1180902,61042,1681490350,117903709,,2,/imu_driver,Current time 1681490350 116597414,driver.py,driver,56,"['/imu', '/rosout']"
1681490350.1427217,61043,1681490350,142592191,,2,/imu_driver,Current time 1681490350 141547441,driver.py,driver,56,"['/imu', '/rosout']"
1681490350.168087,61044,1681490350,167881727,,2,/imu_driver,Current time 1681490350 166787385,driver.py,driver,56,"['/imu', '/rosout']"
1681490350.1958597,61045,1681490350,193446397,,2,/imu_driver,Current time 1681490350 191986083,driver.py,driver,56,"['/imu', '/rosout']"
1681490350.2182198,61046,1681490350,217871665,,2,/imu_driver,Current time 1681490350 216822862,driver.py,driver,56,"['/imu', '/rosout']"
1681490350.2426734,61047,1681490350,242491245,,2,/imu_driver,Current time 1681490350 241468906,driver.py,driver,56,"['/imu', '/rosout']"
1681490350.2678392,61048,1681490350,267665863,,2,/imu_driver,Current time 1681490350 266430139,driver.py,driver,56,"['/imu', '/rosout']"
1681490350.2935662,61049,1681490350,293390035,,2,/imu_driver,Current time 1681490350 291866064,driver.py,driver,56,"['/imu', '/rosout']"
1681490350.3180168,61050,1681490350,317820072,,2,/imu_driver,Current time 1681490350 316756010,driver.py,driver,56,"['/imu', '/rosout']"
1681490350.343644,61051,1681490350,343436717,,2,/imu_driver,Current time 1681490350 342299938,driver.py,driver,56,"['/imu', '/rosout']"
1681490350.368954,61052,1681490350,368501424,,2,/imu_driver,Current time 1681490350 367424011,driver.py,driver,56,"['/imu', '/rosout']"
1681490350.3946612,61053,1681490350,393849611,,2,/imu_driver,Current time 1681490350 392598867,driver.py,driver,56,"['/imu', '/rosout']"
1681490350.41878,61054,1681490350,418349742,,2,/imu_driver,Current time 1681490350 417419672,driver.py,driver,56,"['/imu', '/rosout']"
1681490350.4450912,61055,1681490350,444694995,,2,/imu_driver,Current time 1681490350 443487167,driver.py,driver,56,"['/imu', '/rosout']"
1681490350.469257,61056,1681490350,468580722,,2,/imu_driver,Current time 1681490350 467352628,driver.py,driver,56,"['/imu', '/rosout']"
1681490350.493478,61057,1681490350,493184328,,2,/imu_driver,Current time 1681490350 492226362,driver.py,driver,56,"['/imu', '/rosout']"
1681490350.5186203,61058,1681490350,518285274,,2,/imu_driver,Current time 1681490350 517213344,driver.py,driver,56,"['/imu', '/rosout']"
1681490350.544195,61059,1681490350,543918132,,2,/imu_driver,Current time 1681490350 542654514,driver.py,driver,56,"['/imu', '/rosout']"
1681490350.5684845,61060,1681490350,568299055,,2,/imu_driver,Current time 1681490350 567220449,driver.py,driver,56,"['/imu', '/rosout']"
1681490350.593562,61061,1681490350,593382358,,2,/imu_driver,Current time 1681490350 592268943,driver.py,driver,56,"['/imu', '/rosout']"
1681490350.61877,61062,1681490350,618603706,,2,/imu_driver,Current time 1681490350 617570877,driver.py,driver,56,"['/imu', '/rosout']"
1681490350.6438704,61063,1681490350,643561124,,2,/imu_driver,Current time 1681490350 642164230,driver.py,driver,56,"['/imu', '/rosout']"
1681490350.6688702,61064,1681490350,668657779,,2,/imu_driver,Current time 1681490350 667422294,driver.py,driver,56,"['/imu', '/rosout']"
1681490350.6985376,61065,1681490350,698231697,,2,/imu_driver,Current time 1681490350 695477962,driver.py,driver,56,"['/imu', '/rosout']"
1681490350.718228,61066,1681490350,718106508,,2,/imu_driver,Current time 1681490350 717174768,driver.py,driver,56,"['/imu', '/rosout']"
1681490350.7432911,61067,1681490350,743097543,,2,/imu_driver,Current time 1681490350 742118358,driver.py,driver,56,"['/imu', '/rosout']"
1681490350.768449,61068,1681490350,768255472,,2,/imu_driver,Current time 1681490350 767160654,driver.py,driver,56,"['/imu', '/rosout']"
1681490350.793717,61069,1681490350,793514013,,2,/imu_driver,Current time 1681490350 792092561,driver.py,driver,56,"['/imu', '/rosout']"
1681490350.818487,61070,1681490350,818311691,,2,/imu_driver,Current time 1681490350 817311525,driver.py,driver,56,"['/imu', '/rosout']"
1681490350.8434384,61071,1681490350,843227148,,2,/imu_driver,Current time 1681490350 842184543,driver.py,driver,56,"['/imu', '/rosout']"
1681490350.8690078,61072,1681490350,868421554,,2,/imu_driver,Current time 1681490350 867057085,driver.py,driver,56,"['/imu', '/rosout']"
1681490350.8955798,61073,1681490350,894599914,,2,/imu_driver,Current time 1681490350 892433404,driver.py,driver,56,"['/imu', '/rosout']"
1681490350.921848,61074,1681490350,921102762,,2,/imu_driver,Current time 1681490350 919763088,driver.py,driver,56,"['/imu', '/rosout']"
1681490350.9443367,61075,1681490350,944104909,,2,/imu_driver,Current time 1681490350 942504644,driver.py,driver,56,"['/imu', '/rosout']"
1681490350.9695559,61076,1681490350,968313932,,2,/imu_driver,Current time 1681490350 967053413,driver.py,driver,56,"['/imu', '/rosout']"
1681490350.9938636,61077,1681490350,993273496,,2,/imu_driver,Current time 1681490350 992047309,driver.py,driver,56,"['/imu', '/rosout']"
1681490351.018533,61078,1681490351,18106222,,2,/imu_driver,Current time 1681490351 16935586,driver.py,driver,56,"['/imu', '/rosout']"
1681490351.0436454,61079,1681490351,43374776,,2,/imu_driver,Current time 1681490351 41986703,driver.py,driver,56,"['/imu', '/rosout']"
1681490351.0688229,61080,1681490351,68154811,,2,/imu_driver,Current time 1681490351 67056655,driver.py,driver,56,"['/imu', '/rosout']"
1681490351.0935328,61081,1681490351,92747926,,2,/imu_driver,Current time 1681490351 91810226,driver.py,driver,56,"['/imu', '/rosout']"
1681490351.1181872,61082,1681490351,117964744,,2,/imu_driver,Current time 1681490351 116784095,driver.py,driver,56,"['/imu', '/rosout']"
1681490351.143327,61083,1681490351,142993450,,2,/imu_driver,Current time 1681490351 141954421,driver.py,driver,56,"['/imu', '/rosout']"
1681490351.1684992,61084,1681490351,168198347,,2,/imu_driver,Current time 1681490351 166872978,driver.py,driver,56,"['/imu', '/rosout']"
1681490351.1937096,61085,1681490351,193374156,,2,/imu_driver,Current time 1681490351 191811561,driver.py,driver,56,"['/imu', '/rosout']"
1681490351.2181025,61086,1681490351,217772722,,2,/imu_driver,Current time 1681490351 216763973,driver.py,driver,56,"['/imu', '/rosout']"
1681490351.2431164,61087,1681490351,242838621,,2,/imu_driver,Current time 1681490351 241911888,driver.py,driver,56,"['/imu', '/rosout']"
1681490351.2681458,61088,1681490351,267708301,,2,/imu_driver,Current time 1681490351 266674757,driver.py,driver,56,"['/imu', '/rosout']"
1681490351.2932262,61089,1681490351,292924404,,2,/imu_driver,Current time 1681490351 291628122,driver.py,driver,56,"['/imu', '/rosout']"
1681490351.3180494,61090,1681490351,317833423,,2,/imu_driver,Current time 1681490351 316858530,driver.py,driver,56,"['/imu', '/rosout']"
1681490351.3430727,61091,1681490351,342695236,,2,/imu_driver,Current time 1681490351 341662645,driver.py,driver,56,"['/imu', '/rosout']"
1681490351.368095,61092,1681490351,367790937,,2,/imu_driver,Current time 1681490351 366851806,driver.py,driver,56,"['/imu', '/rosout']"
1681490351.3934321,61093,1681490351,393152952,,2,/imu_driver,Current time 1681490351 391977787,driver.py,driver,56,"['/imu', '/rosout']"
1681490351.4177544,61094,1681490351,417494773,,2,/imu_driver,Current time 1681490351 416582584,driver.py,driver,56,"['/imu', '/rosout']"
1681490351.4440358,61095,1681490351,443685531,,2,/imu_driver,Current time 1681490351 442307949,driver.py,driver,56,"['/imu', '/rosout']"
1681490351.4676948,61096,1681490351,467460870,,2,/imu_driver,Current time 1681490351 466541767,driver.py,driver,56,"['/imu', '/rosout']"
1681490351.4928212,61097,1681490351,492622852,,2,/imu_driver,Current time 1681490351 491634607,driver.py,driver,56,"['/imu', '/rosout']"
1681490351.5181806,61098,1681490351,517706394,,2,/imu_driver,Current time 1681490351 516626358,driver.py,driver,56,"['/imu', '/rosout']"
1681490351.5441005,61099,1681490351,543145895,,2,/imu_driver,Current time 1681490351 541575431,driver.py,driver,56,"['/imu', '/rosout']"
1681490351.568634,61100,1681490351,567716121,,2,/imu_driver,Current time 1681490351 566678285,driver.py,driver,56,"['/imu', '/rosout']"
1681490351.5928075,61101,1681490351,592433214,,2,/imu_driver,Current time 1681490351 591423034,driver.py,driver,56,"['/imu', '/rosout']"
1681490351.6187084,61102,1681490351,618454456,,2,/imu_driver,Current time 1681490351 617449760,driver.py,driver,56,"['/imu', '/rosout']"
1681490351.6426823,61103,1681490351,642524003,,2,/imu_driver,Current time 1681490351 641401290,driver.py,driver,56,"['/imu', '/rosout']"
1681490351.6687691,61104,1681490351,668512821,,2,/imu_driver,Current time 1681490351 667417764,driver.py,driver,56,"['/imu', '/rosout']"
1681490351.6930425,61105,1681490351,692841529,,2,/imu_driver,Current time 1681490351 691393613,driver.py,driver,56,"['/imu', '/rosout']"
1681490351.7187793,61106,1681490351,718603372,,2,/imu_driver,Current time 1681490351 717510223,driver.py,driver,56,"['/imu', '/rosout']"
1681490351.743419,61107,1681490351,743151903,,2,/imu_driver,Current time 1681490351 742240905,driver.py,driver,56,"['/imu', '/rosout']"
1681490351.7686114,61108,1681490351,768460988,,2,/imu_driver,Current time 1681490351 767394065,driver.py,driver,56,"['/imu', '/rosout']"
1681490351.796176,61109,1681490351,795964479,,2,/imu_driver,Current time 1681490351 794724941,driver.py,driver,56,"['/imu', '/rosout']"
1681490351.8184981,61110,1681490351,818341970,,2,/imu_driver,Current time 1681490351 817248582,driver.py,driver,56,"['/imu', '/rosout']"
1681490351.8435652,61111,1681490351,843400716,,2,/imu_driver,Current time 1681490351 842245817,driver.py,driver,56,"['/imu', '/rosout']"
1681490351.8688908,61112,1681490351,868364095,,2,/imu_driver,Current time 1681490351 867320775,driver.py,driver,56,"['/imu', '/rosout']"
1681490351.8937018,61113,1681490351,893144845,,2,/imu_driver,Current time 1681490351 892078638,driver.py,driver,56,"['/imu', '/rosout']"
1681490351.9189606,61114,1681490351,918225049,,2,/imu_driver,Current time 1681490351 917182922,driver.py,driver,56,"['/imu', '/rosout']"
1681490351.9449074,61115,1681490351,944211721,,2,/imu_driver,Current time 1681490351 943044424,driver.py,driver,56,"['/imu', '/rosout']"
1681490351.9751792,61116,1681490351,972432136,,2,/imu_driver,Current time 1681490351 967842340,driver.py,driver,56,"['/imu', '/rosout']"
1681490351.9936206,61117,1681490351,993173837,,2,/imu_driver,Current time 1681490351 992203712,driver.py,driver,56,"['/imu', '/rosout']"
1681490352.018831,61118,1681490352,18123865,,2,/imu_driver,Current time 1681490352 17016649,driver.py,driver,56,"['/imu', '/rosout']"
1681490352.0438719,61119,1681490352,43638229,,2,/imu_driver,Current time 1681490352 42338848,driver.py,driver,56,"['/imu', '/rosout']"
1681490352.0689266,61120,1681490352,68119049,,2,/imu_driver,Current time 1681490352 67080259,driver.py,driver,56,"['/imu', '/rosout']"
1681490352.094587,61121,1681490352,93903303,,2,/imu_driver,Current time 1681490352 92332124,driver.py,driver,56,"['/imu', '/rosout']"
1681490352.1190188,61122,1681490352,118254661,,2,/imu_driver,Current time 1681490352 117068052,driver.py,driver,56,"['/imu', '/rosout']"
1681490352.1435876,61123,1681490352,143059492,,2,/imu_driver,Current time 1681490352 142085790,driver.py,driver,56,"['/imu', '/rosout']"
1681490352.1687887,61124,1681490352,168377637,,2,/imu_driver,Current time 1681490352 167270183,driver.py,driver,56,"['/imu', '/rosout']"
1681490352.194579,61125,1681490352,193691253,,2,/imu_driver,Current time 1681490352 192405223,driver.py,driver,56,"['/imu', '/rosout']"
1681490352.218737,61126,1681490352,218419551,,2,/imu_driver,Current time 1681490352 217195749,driver.py,driver,56,"['/imu', '/rosout']"
1681490352.243567,61127,1681490352,242977857,,2,/imu_driver,Current time 1681490352 241899490,driver.py,driver,56,"['/imu', '/rosout']"
1681490352.2696474,61128,1681490352,268661022,,2,/imu_driver,Current time 1681490352 267138481,driver.py,driver,56,"['/imu', '/rosout']"
1681490352.2946203,61129,1681490352,293603897,,2,/imu_driver,Current time 1681490352 291970491,driver.py,driver,56,"['/imu', '/rosout']"
1681490352.3185906,61130,1681490352,318337440,,2,/imu_driver,Current time 1681490352 317006826,driver.py,driver,56,"['/imu', '/rosout']"
1681490352.343912,61131,1681490352,343253612,,2,/imu_driver,Current time 1681490352 342010736,driver.py,driver,56,"['/imu', '/rosout']"
1681490352.3688166,61132,1681490352,368176698,,2,/imu_driver,Current time 1681490352 366922140,driver.py,driver,56,"['/imu', '/rosout']"
1681490352.3934495,61133,1681490352,393133163,,2,/imu_driver,Current time 1681490352 392066717,driver.py,driver,56,"['/imu', '/rosout']"
1681490352.418484,61134,1681490352,417870759,,2,/imu_driver,Current time 1681490352 416758060,driver.py,driver,56,"['/imu', '/rosout']"
1681490352.4443302,61135,1681490352,443708181,,2,/imu_driver,Current time 1681490352 442103147,driver.py,driver,56,"['/imu', '/rosout']"
1681490352.4687004,61136,1681490352,467965602,,2,/imu_driver,Current time 1681490352 466856002,driver.py,driver,56,"['/imu', '/rosout']"
1681490352.4934363,61137,1681490352,492887735,,2,/imu_driver,Current time 1681490352 491874217,driver.py,driver,56,"['/imu', '/rosout']"
1681490352.5185788,61138,1681490352,517924785,,2,/imu_driver,Current time 1681490352 516728639,driver.py,driver,56,"['/imu', '/rosout']"
1681490352.5446675,61139,1681490352,543861150,,2,/imu_driver,Current time 1681490352 542271375,driver.py,driver,56,"['/imu', '/rosout']"
1681490352.5685122,61140,1681490352,567909717,,2,/imu_driver,Current time 1681490352 566855192,driver.py,driver,56,"['/imu', '/rosout']"
1681490352.5940926,61141,1681490352,593824148,,2,/imu_driver,Current time 1681490352 591712951,driver.py,driver,56,"['/imu', '/rosout']"
1681490352.6178124,61142,1681490352,617652893,,2,/imu_driver,Current time 1681490352 616738557,driver.py,driver,56,"['/imu', '/rosout']"
1681490352.6429758,61143,1681490352,642776012,,2,/imu_driver,Current time 1681490352 641664266,driver.py,driver,56,"['/imu', '/rosout']"
1681490352.6681569,61144,1681490352,667921304,,2,/imu_driver,Current time 1681490352 666827917,driver.py,driver,56,"['/imu', '/rosout']"
1681490352.693396,61145,1681490352,693184614,,2,/imu_driver,Current time 1681490352 691747188,driver.py,driver,56,"['/imu', '/rosout']"
1681490352.717951,61146,1681490352,717778682,,2,/imu_driver,Current time 1681490352 716788530,driver.py,driver,56,"['/imu', '/rosout']"
1681490352.742878,61147,1681490352,742631196,,2,/imu_driver,Current time 1681490352 741697788,driver.py,driver,56,"['/imu', '/rosout']"
1681490352.768085,61148,1681490352,767718553,,2,/imu_driver,Current time 1681490352 766630887,driver.py,driver,56,"['/imu', '/rosout']"
1681490352.79474,61149,1681490352,793869733,,2,/imu_driver,Current time 1681490352 792379617,driver.py,driver,56,"['/imu', '/rosout']"
1681490352.8186474,61150,1681490352,818044185,,2,/imu_driver,Current time 1681490352 816768884,driver.py,driver,56,"['/imu', '/rosout']"
1681490352.843363,61151,1681490352,842905998,,2,/imu_driver,Current time 1681490352 841842412,driver.py,driver,56,"['/imu', '/rosout']"
1681490352.8681417,61152,1681490352,867746114,,2,/imu_driver,Current time 1681490352 866686105,driver.py,driver,56,"['/imu', '/rosout']"
1681490352.8931575,61153,1681490352,892679929,,2,/imu_driver,Current time 1681490352 891500234,driver.py,driver,56,"['/imu', '/rosout']"
1681490352.9196029,61154,1681490352,919188737,,2,/imu_driver,Current time 1681490352 917724609,driver.py,driver,56,"['/imu', '/rosout']"
1681490352.9442213,61155,1681490352,943839550,,2,/imu_driver,Current time 1681490352 942518949,driver.py,driver,56,"['/imu', '/rosout']"
1681490352.9693015,61156,1681490352,968741655,,2,/imu_driver,Current time 1681490352 967394351,driver.py,driver,56,"['/imu', '/rosout']"
1681490352.9938781,61157,1681490352,993549346,,2,/imu_driver,Current time 1681490352 992493391,driver.py,driver,56,"['/imu', '/rosout']"
1681490353.018978,61158,1681490353,18475532,,2,/imu_driver,Current time 1681490353 17382621,driver.py,driver,56,"['/imu', '/rosout']"
1681490353.0445545,61159,1681490353,43865203,,2,/imu_driver,Current time 1681490353 42434215,driver.py,driver,56,"['/imu', '/rosout']"
1681490353.0694137,61160,1681490353,68884134,,2,/imu_driver,Current time 1681490353 67753791,driver.py,driver,56,"['/imu', '/rosout']"
1681490353.0940874,61161,1681490353,93358278,,2,/imu_driver,Current time 1681490353 92205286,driver.py,driver,56,"['/imu', '/rosout']"
1681490353.1188023,61162,1681490353,118379116,,2,/imu_driver,Current time 1681490353 117479085,driver.py,driver,56,"['/imu', '/rosout']"
1681490353.1435843,61163,1681490353,143362283,,2,/imu_driver,Current time 1681490353 142358541,driver.py,driver,56,"['/imu', '/rosout']"
1681490353.169071,61164,1681490353,168642997,,2,/imu_driver,Current time 1681490353 167533874,driver.py,driver,56,"['/imu', '/rosout']"
1681490353.1981711,61165,1681490353,197413921,,2,/imu_driver,Current time 1681490353 196075677,driver.py,driver,56,"['/imu', '/rosout']"
1681490353.2188978,61166,1681490353,218257665,,2,/imu_driver,Current time 1681490353 217162132,driver.py,driver,56,"['/imu', '/rosout']"
1681490353.2438827,61167,1681490353,243246316,,2,/imu_driver,Current time 1681490353 242218732,driver.py,driver,56,"['/imu', '/rosout']"
1681490353.2692068,61168,1681490353,268535137,,2,/imu_driver,Current time 1681490353 267332315,driver.py,driver,56,"['/imu', '/rosout']"
1681490353.2979045,61169,1681490353,297505617,,2,/imu_driver,Current time 1681490353 295181512,driver.py,driver,56,"['/imu', '/rosout']"
1681490353.3183985,61170,1681490353,318208932,,2,/imu_driver,Current time 1681490353 317243099,driver.py,driver,56,"['/imu', '/rosout']"
1681490353.3436365,61171,1681490353,343438863,,2,/imu_driver,Current time 1681490353 342294216,driver.py,driver,56,"['/imu', '/rosout']"
1681490353.3687646,61172,1681490353,368463754,,2,/imu_driver,Current time 1681490353 367166757,driver.py,driver,56,"['/imu', '/rosout']"
1681490353.3952055,61173,1681490353,393226385,,2,/imu_driver,Current time 1681490353 392055988,driver.py,driver,56,"['/imu', '/rosout']"
1681490353.4185915,61174,1681490353,418396472,,2,/imu_driver,Current time 1681490353 417319774,driver.py,driver,56,"['/imu', '/rosout']"
1681490353.44384,61175,1681490353,443511247,,2,/imu_driver,Current time 1681490353 442130804,driver.py,driver,56,"['/imu', '/rosout']"
1681490353.4751403,61176,1681490353,472894430,,2,/imu_driver,Current time 1681490353 467072486,driver.py,driver,56,"['/imu', '/rosout']"
1681490353.4938436,61177,1681490353,493515968,,2,/imu_driver,Current time 1681490353 492229461,driver.py,driver,56,"['/imu', '/rosout']"
1681490353.5187004,61178,1681490353,518359184,,2,/imu_driver,Current time 1681490353 517089843,driver.py,driver,56,"['/imu', '/rosout']"
1681490353.5442834,61179,1681490353,543890714,,2,/imu_driver,Current time 1681490353 542454004,driver.py,driver,56,"['/imu', '/rosout']"
1681490353.5686798,61180,1681490353,568344354,,2,/imu_driver,Current time 1681490353 567069768,driver.py,driver,56,"['/imu', '/rosout']"
1681490353.5934067,61181,1681490353,593203783,,2,/imu_driver,Current time 1681490353 592176198,driver.py,driver,56,"['/imu', '/rosout']"
1681490353.6181715,61182,1681490353,617954730,,2,/imu_driver,Current time 1681490353 616892576,driver.py,driver,56,"['/imu', '/rosout']"
1681490353.643873,61183,1681490353,643446683,,2,/imu_driver,Current time 1681490353 642053365,driver.py,driver,56,"['/imu', '/rosout']"
1681490353.6686287,61184,1681490353,668277740,,2,/imu_driver,Current time 1681490353 667013645,driver.py,driver,56,"['/imu', '/rosout']"
1681490353.693822,61185,1681490353,693372964,,2,/imu_driver,Current time 1681490353 692277193,driver.py,driver,56,"['/imu', '/rosout']"
1681490353.7188134,61186,1681490353,718424797,,2,/imu_driver,Current time 1681490353 717128276,driver.py,driver,56,"['/imu', '/rosout']"
1681490353.74319,61187,1681490353,742966413,,2,/imu_driver,Current time 1681490353 741894721,driver.py,driver,56,"['/imu', '/rosout']"
1681490353.768318,61188,1681490353,768119335,,2,/imu_driver,Current time 1681490353 766925573,driver.py,driver,56,"['/imu', '/rosout']"
1681490353.7946272,61189,1681490353,793791294,,2,/imu_driver,Current time 1681490353 792470693,driver.py,driver,56,"['/imu', '/rosout']"
1681490353.818817,61190,1681490353,818211078,,2,/imu_driver,Current time 1681490353 816894769,driver.py,driver,56,"['/imu', '/rosout']"
1681490353.8431752,61191,1681490353,842657804,,2,/imu_driver,Current time 1681490353 841672897,driver.py,driver,56,"['/imu', '/rosout']"
1681490353.8681846,61192,1681490353,867618799,,2,/imu_driver,Current time 1681490353 866668939,driver.py,driver,56,"['/imu', '/rosout']"
1681490353.8942692,61193,1681490353,893211841,,2,/imu_driver,Current time 1681490353 891697645,driver.py,driver,56,"['/imu', '/rosout']"
1681490353.918389,61194,1681490353,917858123,,2,/imu_driver,Current time 1681490353 916785955,driver.py,driver,56,"['/imu', '/rosout']"
1681490353.9441686,61195,1681490353,943531036,,2,/imu_driver,Current time 1681490353 941933393,driver.py,driver,56,"['/imu', '/rosout']"
1681490353.9681654,61196,1681490353,967548608,,2,/imu_driver,Current time 1681490353 966665983,driver.py,driver,56,"['/imu', '/rosout']"
1681490353.9933379,61197,1681490353,992823600,,2,/imu_driver,Current time 1681490353 991830348,driver.py,driver,56,"['/imu', '/rosout']"
1681490354.018153,61198,1681490354,17891407,,2,/imu_driver,Current time 1681490354 16644954,driver.py,driver,56,"['/imu', '/rosout']"
1681490354.0437784,61199,1681490354,43025732,,2,/imu_driver,Current time 1681490354 41635274,driver.py,driver,56,"['/imu', '/rosout']"
1681490354.0686462,61200,1681490354,67849159,,2,/imu_driver,Current time 1681490354 66783905,driver.py,driver,56,"['/imu', '/rosout']"
1681490354.0933487,61201,1681490354,92776536,,2,/imu_driver,Current time 1681490354 91756105,driver.py,driver,56,"['/imu', '/rosout']"
1681490354.1182609,61202,1681490354,117676496,,2,/imu_driver,Current time 1681490354 116636753,driver.py,driver,56,"['/imu', '/rosout']"
1681490354.1440754,61203,1681490354,143332242,,2,/imu_driver,Current time 1681490354 142043590,driver.py,driver,56,"['/imu', '/rosout']"
1681490354.168474,61204,1681490354,167892932,,2,/imu_driver,Current time 1681490354 166722774,driver.py,driver,56,"['/imu', '/rosout']"
1681490354.1953216,61205,1681490354,193814516,,2,/imu_driver,Current time 1681490354 191553354,driver.py,driver,56,"['/imu', '/rosout']"
1681490354.2189264,61206,1681490354,218464851,,2,/imu_driver,Current time 1681490354 217592239,driver.py,driver,56,"['/imu', '/rosout']"
1681490354.2429523,61207,1681490354,242503881,,2,/imu_driver,Current time 1681490354 241488933,driver.py,driver,56,"['/imu', '/rosout']"
1681490354.2692013,61208,1681490354,268597602,,2,/imu_driver,Current time 1681490354 267558336,driver.py,driver,56,"['/imu', '/rosout']"
1681490354.294376,61209,1681490354,293863534,,2,/imu_driver,Current time 1681490354 292490482,driver.py,driver,56,"['/imu', '/rosout']"
1681490354.3192928,61210,1681490354,318651199,,2,/imu_driver,Current time 1681490354 317534923,driver.py,driver,56,"['/imu', '/rosout']"
1681490354.344053,61211,1681490354,343455553,,2,/imu_driver,Current time 1681490354 342458486,driver.py,driver,56,"['/imu', '/rosout']"
1681490354.3685718,61212,1681490354,368359327,,2,/imu_driver,Current time 1681490354 367337942,driver.py,driver,56,"['/imu', '/rosout']"
1681490354.3936503,61213,1681490354,393476963,,2,/imu_driver,Current time 1681490354 392450094,driver.py,driver,56,"['/imu', '/rosout']"
1681490354.418471,61214,1681490354,418268442,,2,/imu_driver,Current time 1681490354 417276144,driver.py,driver,56,"['/imu', '/rosout']"
1681490354.4439776,61215,1681490354,443627595,,2,/imu_driver,Current time 1681490354 442283630,driver.py,driver,56,"['/imu', '/rosout']"
1681490354.4685946,61216,1681490354,468405485,,2,/imu_driver,Current time 1681490354 467442274,driver.py,driver,56,"['/imu', '/rosout']"
1681490354.4935308,61217,1681490354,493347406,,2,/imu_driver,Current time 1681490354 492360353,driver.py,driver,56,"['/imu', '/rosout']"
1681490354.5189123,61218,1681490354,518437385,,2,/imu_driver,Current time 1681490354 517355203,driver.py,driver,56,"['/imu', '/rosout']"
1681490354.543872,61219,1681490354,543544292,,2,/imu_driver,Current time 1681490354 542250394,driver.py,driver,56,"['/imu', '/rosout']"
1681490354.5694482,61220,1681490354,568631649,,2,/imu_driver,Current time 1681490354 567427635,driver.py,driver,56,"['/imu', '/rosout']"
1681490354.5940697,61221,1681490354,593441963,,2,/imu_driver,Current time 1681490354 592245578,driver.py,driver,56,"['/imu', '/rosout']"
1681490354.6194754,61222,1681490354,618703603,,2,/imu_driver,Current time 1681490354 617495775,driver.py,driver,56,"['/imu', '/rosout']"
1681490354.6441576,61223,1681490354,643341064,,2,/imu_driver,Current time 1681490354 642211914,driver.py,driver,56,"['/imu', '/rosout']"
1681490354.6693003,61224,1681490354,668498754,,2,/imu_driver,Current time 1681490354 667271375,driver.py,driver,56,"['/imu', '/rosout']"
1681490354.6958883,61225,1681490354,695688486,,2,/imu_driver,Current time 1681490354 694504737,driver.py,driver,56,"['/imu', '/rosout']"
1681490354.7182102,61226,1681490354,718051910,,2,/imu_driver,Current time 1681490354 717094898,driver.py,driver,56,"['/imu', '/rosout']"
1681490354.7432191,61227,1681490354,743070363,,2,/imu_driver,Current time 1681490354 742179393,driver.py,driver,56,"['/imu', '/rosout']"
1681490354.768361,61228,1681490354,768170595,,2,/imu_driver,Current time 1681490354 767163991,driver.py,driver,56,"['/imu', '/rosout']"
1681490354.7937999,61229,1681490354,793560504,,2,/imu_driver,Current time 1681490354 792093276,driver.py,driver,56,"['/imu', '/rosout']"
1681490354.8182786,61230,1681490354,818094491,,2,/imu_driver,Current time 1681490354 817052364,driver.py,driver,56,"['/imu', '/rosout']"
1681490354.8433125,61231,1681490354,843153715,,2,/imu_driver,Current time 1681490354 842159032,driver.py,driver,56,"['/imu', '/rosout']"
1681490354.868255,61232,1681490354,868055582,,2,/imu_driver,Current time 1681490354 867012500,driver.py,driver,56,"['/imu', '/rosout']"
1681490354.8961883,61233,1681490354,895387411,,2,/imu_driver,Current time 1681490354 894142389,driver.py,driver,56,"['/imu', '/rosout']"
1681490354.9184606,61234,1681490354,918043851,,2,/imu_driver,Current time 1681490354 917052984,driver.py,driver,56,"['/imu', '/rosout']"
1681490354.9449704,61235,1681490354,944591522,,2,/imu_driver,Current time 1681490354 941990613,driver.py,driver,56,"['/imu', '/rosout']"
1681490354.9686785,61236,1681490354,968166589,,2,/imu_driver,Current time 1681490354 967087268,driver.py,driver,56,"['/imu', '/rosout']"
1681490354.9940166,61237,1681490354,993297100,,2,/imu_driver,Current time 1681490354 992037296,driver.py,driver,56,"['/imu', '/rosout']"
1681490355.0186405,61238,1681490355,18146276,,2,/imu_driver,Current time 1681490355 16978263,driver.py,driver,56,"['/imu', '/rosout']"
1681490355.0435457,61239,1681490355,43235301,,2,/imu_driver,Current time 1681490355 41915655,driver.py,driver,56,"['/imu', '/rosout']"
1681490355.068638,61240,1681490355,67913293,,2,/imu_driver,Current time 1681490355 66830396,driver.py,driver,56,"['/imu', '/rosout']"
1681490355.0934021,61241,1681490355,92912673,,2,/imu_driver,Current time 1681490355 91916322,driver.py,driver,56,"['/imu', '/rosout']"
1681490355.1184604,61242,1681490355,118151187,,2,/imu_driver,Current time 1681490355 116922855,driver.py,driver,56,"['/imu', '/rosout']"
1681490355.1434999,61243,1681490355,142845869,,2,/imu_driver,Current time 1681490355 141941547,driver.py,driver,56,"['/imu', '/rosout']"
1681490355.168021,61244,1681490355,167819738,,2,/imu_driver,Current time 1681490355 166795492,driver.py,driver,56,"['/imu', '/rosout']"
1681490355.1941223,61245,1681490355,193320989,,2,/imu_driver,Current time 1681490355 191938161,driver.py,driver,56,"['/imu', '/rosout']"
1681490355.2183769,61246,1681490355,217799425,,2,/imu_driver,Current time 1681490355 216784715,driver.py,driver,56,"['/imu', '/rosout']"
1681490355.2434042,61247,1681490355,242772340,,2,/imu_driver,Current time 1681490355 241731882,driver.py,driver,56,"['/imu', '/rosout']"
1681490355.268495,61248,1681490355,267793655,,2,/imu_driver,Current time 1681490355 266907930,driver.py,driver,56,"['/imu', '/rosout']"
1681490355.2941625,61249,1681490355,293439149,,2,/imu_driver,Current time 1681490355 291997909,driver.py,driver,56,"['/imu', '/rosout']"
1681490355.3185525,61250,1681490355,318196296,,2,/imu_driver,Current time 1681490355 316972017,driver.py,driver,56,"['/imu', '/rosout']"
1681490355.3431668,61251,1681490355,342652559,,2,/imu_driver,Current time 1681490355 341695785,driver.py,driver,56,"['/imu', '/rosout']"
1681490355.36805,61252,1681490355,367841958,,2,/imu_driver,Current time 1681490355 366765499,driver.py,driver,56,"['/imu', '/rosout']"
1681490355.3929842,61253,1681490355,392794370,,2,/imu_driver,Current time 1681490355 391777753,driver.py,driver,56,"['/imu', '/rosout']"
1681490355.4184635,61254,1681490355,417758464,,2,/imu_driver,Current time 1681490355 416816473,driver.py,driver,56,"['/imu', '/rosout']"
1681490355.443735,61255,1681490355,442999839,,2,/imu_driver,Current time 1681490355 441697835,driver.py,driver,56,"['/imu', '/rosout']"
1681490355.4685388,61256,1681490355,467599630,,2,/imu_driver,Current time 1681490355 466589927,driver.py,driver,56,"['/imu', '/rosout']"
1681490355.4934416,61257,1681490355,492824554,,2,/imu_driver,Current time 1681490355 491717576,driver.py,driver,56,"['/imu', '/rosout']"
1681490355.5183122,61258,1681490355,517597198,,2,/imu_driver,Current time 1681490355 516606569,driver.py,driver,56,"['/imu', '/rosout']"
1681490355.5454416,61259,1681490355,544737577,,2,/imu_driver,Current time 1681490355 543435573,driver.py,driver,56,"['/imu', '/rosout']"
1681490355.569268,61260,1681490355,568584680,,2,/imu_driver,Current time 1681490355 567589521,driver.py,driver,56,"['/imu', '/rosout']"
1681490355.5933855,61261,1681490355,592520475,,2,/imu_driver,Current time 1681490355 591471195,driver.py,driver,56,"['/imu', '/rosout']"
1681490355.6187866,61262,1681490355,618455648,,2,/imu_driver,Current time 1681490355 617538928,driver.py,driver,56,"['/imu', '/rosout']"
1681490355.642874,61263,1681490355,642450571,,2,/imu_driver,Current time 1681490355 641474008,driver.py,driver,56,"['/imu', '/rosout']"
1681490355.6694837,61264,1681490355,668617486,,2,/imu_driver,Current time 1681490355 667553186,driver.py,driver,56,"['/imu', '/rosout']"
1681490355.6968825,61265,1681490355,694297790,,2,/imu_driver,Current time 1681490355 692584514,driver.py,driver,56,"['/imu', '/rosout']"
1681490355.719602,61266,1681490355,719244003,,2,/imu_driver,Current time 1681490355 717660665,driver.py,driver,56,"['/imu', '/rosout']"
1681490355.7438,61267,1681490355,743576288,,2,/imu_driver,Current time 1681490355 742432832,driver.py,driver,56,"['/imu', '/rosout']"
1681490355.7687254,61268,1681490355,768429756,,2,/imu_driver,Current time 1681490355 767244100,driver.py,driver,56,"['/imu', '/rosout']"
1681490355.7949946,61269,1681490355,794077634,,2,/imu_driver,Current time 1681490355 792333841,driver.py,driver,56,"['/imu', '/rosout']"
1681490355.8187616,61270,1681490355,818471193,,2,/imu_driver,Current time 1681490355 817352294,driver.py,driver,56,"['/imu', '/rosout']"
1681490355.8448665,61271,1681490355,844018459,,2,/imu_driver,Current time 1681490355 842775106,driver.py,driver,56,"['/imu', '/rosout']"
1681490355.8689482,61272,1681490355,868420124,,2,/imu_driver,Current time 1681490355 867394208,driver.py,driver,56,"['/imu', '/rosout']"
1681490355.8937259,61273,1681490355,893211126,,2,/imu_driver,Current time 1681490355 892214536,driver.py,driver,56,"['/imu', '/rosout']"
1681490355.9187145,61274,1681490355,918439865,,2,/imu_driver,Current time 1681490355 917269468,driver.py,driver,56,"['/imu', '/rosout']"
1681490355.9468632,61275,1681490355,946097135,,2,/imu_driver,Current time 1681490355 944829940,driver.py,driver,56,"['/imu', '/rosout']"
1681490355.9684122,61276,1681490355,968203783,,2,/imu_driver,Current time 1681490355 967177391,driver.py,driver,56,"['/imu', '/rosout']"
1681490355.9938931,61277,1681490355,993217229,,2,/imu_driver,Current time 1681490355 992177486,driver.py,driver,56,"['/imu', '/rosout']"
1681490356.0189033,61278,1681490356,18427610,,2,/imu_driver,Current time 1681490356 17328023,driver.py,driver,56,"['/imu', '/rosout']"
1681490356.0494747,61279,1681490356,46839952,,2,/imu_driver,Current time 1681490356 42435646,driver.py,driver,56,"['/imu', '/rosout']"
1681490356.0689826,61280,1681490356,68271160,,2,/imu_driver,Current time 1681490356 67182779,driver.py,driver,56,"['/imu', '/rosout']"
1681490356.0951748,61281,1681490356,93234062,,2,/imu_driver,Current time 1681490356 92083930,driver.py,driver,56,"['/imu', '/rosout']"
1681490356.1188111,61282,1681490356,118202209,,2,/imu_driver,Current time 1681490356 117103576,driver.py,driver,56,"['/imu', '/rosout']"
1681490356.14392,61283,1681490356,143390417,,2,/imu_driver,Current time 1681490356 142263650,driver.py,driver,56,"['/imu', '/rosout']"
1681490356.1687238,61284,1681490356,168273448,,2,/imu_driver,Current time 1681490356 167192935,driver.py,driver,56,"['/imu', '/rosout']"
1681490356.1941085,61285,1681490356,193422794,,2,/imu_driver,Current time 1681490356 192193508,driver.py,driver,56,"['/imu', '/rosout']"
1681490356.21844,61286,1681490356,218134641,,2,/imu_driver,Current time 1681490356 217019319,driver.py,driver,56,"['/imu', '/rosout']"
1681490356.2439241,61287,1681490356,243322610,,2,/imu_driver,Current time 1681490356 242132425,driver.py,driver,56,"['/imu', '/rosout']"
1681490356.2688677,61288,1681490356,268120765,,2,/imu_driver,Current time 1681490356 266971111,driver.py,driver,56,"['/imu', '/rosout']"
1681490356.294155,61289,1681490356,293718814,,2,/imu_driver,Current time 1681490356 292444467,driver.py,driver,56,"['/imu', '/rosout']"
1681490356.3186092,61290,1681490356,318114042,,2,/imu_driver,Current time 1681490356 317060708,driver.py,driver,56,"['/imu', '/rosout']"
1681490356.3442914,61291,1681490356,343692779,,2,/imu_driver,Current time 1681490356 342050790,driver.py,driver,56,"['/imu', '/rosout']"
1681490356.3683352,61292,1681490356,367845773,,2,/imu_driver,Current time 1681490356 366852045,driver.py,driver,56,"['/imu', '/rosout']"
1681490356.393726,61293,1681490356,393224954,,2,/imu_driver,Current time 1681490356 392136096,driver.py,driver,56,"['/imu', '/rosout']"
1681490356.418881,61294,1681490356,417981624,,2,/imu_driver,Current time 1681490356 416903972,driver.py,driver,56,"['/imu', '/rosout']"
1681490356.4443114,61295,1681490356,443331241,,2,/imu_driver,Current time 1681490356 441915988,driver.py,driver,56,"['/imu', '/rosout']"
1681490356.4685817,61296,1681490356,468150377,,2,/imu_driver,Current time 1681490356 467100858,driver.py,driver,56,"['/imu', '/rosout']"
1681490356.4932747,61297,1681490356,492749214,,2,/imu_driver,Current time 1681490356 491753816,driver.py,driver,56,"['/imu', '/rosout']"
1681490356.5184844,61298,1681490356,518256187,,2,/imu_driver,Current time 1681490356 517032861,driver.py,driver,56,"['/imu', '/rosout']"
1681490356.5443506,61299,1681490356,543960571,,2,/imu_driver,Current time 1681490356 542516946,driver.py,driver,56,"['/imu', '/rosout']"
1681490356.568327,61300,1681490356,568195819,,2,/imu_driver,Current time 1681490356 566954851,driver.py,driver,56,"['/imu', '/rosout']"
1681490356.5931945,61301,1681490356,593031406,,2,/imu_driver,Current time 1681490356 591919422,driver.py,driver,56,"['/imu', '/rosout']"
1681490356.6181731,61302,1681490356,618016242,,2,/imu_driver,Current time 1681490356 616756439,driver.py,driver,56,"['/imu', '/rosout']"
1681490356.6428769,61303,1681490356,642698287,,2,/imu_driver,Current time 1681490356 641726970,driver.py,driver,56,"['/imu', '/rosout']"
1681490356.6682787,61304,1681490356,668107271,,2,/imu_driver,Current time 1681490356 666828632,driver.py,driver,56,"['/imu', '/rosout']"
1681490356.6953177,61305,1681490356,694731950,,2,/imu_driver,Current time 1681490356 692168951,driver.py,driver,56,"['/imu', '/rosout']"
1681490356.7187297,61306,1681490356,718021154,,2,/imu_driver,Current time 1681490356 716703414,driver.py,driver,56,"['/imu', '/rosout']"
1681490356.7432537,61307,1681490356,742657899,,2,/imu_driver,Current time 1681490356 741722822,driver.py,driver,56,"['/imu', '/rosout']"
1681490356.7682927,61308,1681490356,767594337,,2,/imu_driver,Current time 1681490356 766583919,driver.py,driver,56,"['/imu', '/rosout']"
1681490356.794043,61309,1681490356,793088674,,2,/imu_driver,Current time 1681490356 791610956,driver.py,driver,56,"['/imu', '/rosout']"
1681490356.8180766,61310,1681490356,817780494,,2,/imu_driver,Current time 1681490356 816682338,driver.py,driver,56,"['/imu', '/rosout']"
1681490356.844073,61311,1681490356,842849493,,2,/imu_driver,Current time 1681490356 841754913,driver.py,driver,56,"['/imu', '/rosout']"
1681490356.868669,61312,1681490356,867830753,,2,/imu_driver,Current time 1681490356 866629123,driver.py,driver,56,"['/imu', '/rosout']"
1681490356.893585,61313,1681490356,892964124,,2,/imu_driver,Current time 1681490356 891570091,driver.py,driver,56,"['/imu', '/rosout']"
1681490356.9187493,61314,1681490356,918181657,,2,/imu_driver,Current time 1681490356 916897296,driver.py,driver,56,"['/imu', '/rosout']"
1681490356.944826,61315,1681490356,944410324,,2,/imu_driver,Current time 1681490356 942597866,driver.py,driver,56,"['/imu', '/rosout']"
1681490356.9695666,61316,1681490356,968808889,,2,/imu_driver,Current time 1681490356 967439174,driver.py,driver,56,"['/imu', '/rosout']"
1681490357.0013661,61317,1681490357,1101493,,2,/imu_driver,Current time 1681490356 999882936,driver.py,driver,56,"['/imu', '/rosout']"
1681490357.019345,61318,1681490357,19076108,,2,/imu_driver,Current time 1681490357 17635583,driver.py,driver,56,"['/imu', '/rosout']"
1681490357.0439603,61319,1681490357,43704032,,2,/imu_driver,Current time 1681490357 42402744,driver.py,driver,56,"['/imu', '/rosout']"
1681490357.068525,61320,1681490357,68349599,,2,/imu_driver,Current time 1681490357 67363977,driver.py,driver,56,"['/imu', '/rosout']"
1681490357.0940242,61321,1681490357,93695402,,2,/imu_driver,Current time 1681490357 92314958,driver.py,driver,56,"['/imu', '/rosout']"
1681490357.1187932,61322,1681490357,118582248,,2,/imu_driver,Current time 1681490357 117470026,driver.py,driver,56,"['/imu', '/rosout']"
1681490357.1434548,61323,1681490357,143273115,,2,/imu_driver,Current time 1681490357 142319440,driver.py,driver,56,"['/imu', '/rosout']"
1681490357.1692457,61324,1681490357,168378114,,2,/imu_driver,Current time 1681490357 167344808,driver.py,driver,56,"['/imu', '/rosout']"
1681490357.1943831,61325,1681490357,193895101,,2,/imu_driver,Current time 1681490357 192513942,driver.py,driver,56,"['/imu', '/rosout']"
1681490357.2191756,61326,1681490357,218416690,,2,/imu_driver,Current time 1681490357 217266798,driver.py,driver,56,"['/imu', '/rosout']"
1681490357.2436354,61327,1681490357,243245363,,2,/imu_driver,Current time 1681490357 242196798,driver.py,driver,56,"['/imu', '/rosout']"
1681490357.2688684,61328,1681490357,268442630,,2,/imu_driver,Current time 1681490357 267314672,driver.py,driver,56,"['/imu', '/rosout']"
1681490357.2951405,61329,1681490357,294405937,,2,/imu_driver,Current time 1681490357 293215513,driver.py,driver,56,"['/imu', '/rosout']"
1681490357.318516,61330,1681490357,318278074,,2,/imu_driver,Current time 1681490357 317189931,driver.py,driver,56,"['/imu', '/rosout']"
1681490357.3438518,61331,1681490357,343507766,,2,/imu_driver,Current time 1681490357 342455387,driver.py,driver,56,"['/imu', '/rosout']"
1681490357.3691864,61332,1681490357,368265628,,2,/imu_driver,Current time 1681490357 367169141,driver.py,driver,56,"['/imu', '/rosout']"
1681490357.3951132,61333,1681490357,394533634,,2,/imu_driver,Current time 1681490357 392773866,driver.py,driver,56,"['/imu', '/rosout']"
1681490357.4184268,61334,1681490357,418179988,,2,/imu_driver,Current time 1681490357 417193651,driver.py,driver,56,"['/imu', '/rosout']"
1681490357.4452658,61335,1681490357,443976402,,2,/imu_driver,Current time 1681490357 442524909,driver.py,driver,56,"['/imu', '/rosout']"
1681490357.4685333,61336,1681490357,467989683,,2,/imu_driver,Current time 1681490357 466954469,driver.py,driver,56,"['/imu', '/rosout']"
1681490357.4936264,61337,1681490357,493240833,,2,/imu_driver,Current time 1681490357 492286920,driver.py,driver,56,"['/imu', '/rosout']"
1681490357.5189912,61338,1681490357,518189430,,2,/imu_driver,Current time 1681490357 517083883,driver.py,driver,56,"['/imu', '/rosout']"
1681490357.5459821,61339,1681490357,545325517,,2,/imu_driver,Current time 1681490357 543880462,driver.py,driver,56,"['/imu', '/rosout']"
1681490357.568979,61340,1681490357,568434953,,2,/imu_driver,Current time 1681490357 567057609,driver.py,driver,56,"['/imu', '/rosout']"
1681490357.5939214,61341,1681490357,593587636,,2,/imu_driver,Current time 1681490357 592378854,driver.py,driver,56,"['/imu', '/rosout']"
1681490357.618538,61342,1681490357,618060350,,2,/imu_driver,Current time 1681490357 617064714,driver.py,driver,56,"['/imu', '/rosout']"
1681490357.6464334,61343,1681490357,645744562,,2,/imu_driver,Current time 1681490357 644716978,driver.py,driver,56,"['/imu', '/rosout']"
1681490357.6686141,61344,1681490357,668048858,,2,/imu_driver,Current time 1681490357 666922092,driver.py,driver,56,"['/imu', '/rosout']"
1681490357.693612,61345,1681490357,693086385,,2,/imu_driver,Current time 1681490357 691920280,driver.py,driver,56,"['/imu', '/rosout']"
1681490357.7182505,61346,1681490357,717777729,,2,/imu_driver,Current time 1681490357 716830730,driver.py,driver,56,"['/imu', '/rosout']"
1681490357.7431357,61347,1681490357,742861032,,2,/imu_driver,Current time 1681490357 741858005,driver.py,driver,56,"['/imu', '/rosout']"
1681490357.7683203,61348,1681490357,768045425,,2,/imu_driver,Current time 1681490357 766984224,driver.py,driver,56,"['/imu', '/rosout']"
1681490357.7953784,61349,1681490357,793631315,,2,/imu_driver,Current time 1681490357 792046546,driver.py,driver,56,"['/imu', '/rosout']"
1681490357.8185375,61350,1681490357,818222761,,2,/imu_driver,Current time 1681490357 816898822,driver.py,driver,56,"['/imu', '/rosout']"
1681490357.8485394,61351,1681490357,846338748,,2,/imu_driver,Current time 1681490357 842412233,driver.py,driver,56,"['/imu', '/rosout']"
1681490357.8684344,61352,1681490357,868081331,,2,/imu_driver,Current time 1681490357 867066860,driver.py,driver,56,"['/imu', '/rosout']"
1681490357.8934705,61353,1681490357,893168926,,2,/imu_driver,Current time 1681490357 891788959,driver.py,driver,56,"['/imu', '/rosout']"
1681490357.9181886,61354,1681490357,918002128,,2,/imu_driver,Current time 1681490357 916914224,driver.py,driver,56,"['/imu', '/rosout']"
1681490357.9431086,61355,1681490357,942800521,,2,/imu_driver,Current time 1681490357 941682577,driver.py,driver,56,"['/imu', '/rosout']"
1681490357.9680343,61356,1681490357,967788696,,2,/imu_driver,Current time 1681490357 966852188,driver.py,driver,56,"['/imu', '/rosout']"
1681490357.992986,61357,1681490357,992601633,,2,/imu_driver,Current time 1681490357 991634607,driver.py,driver,56,"['/imu', '/rosout']"
1681490358.0246906,61358,1681490358,23106813,,2,/imu_driver,Current time 1681490358 21543979,driver.py,driver,56,"['/imu', '/rosout']"
1681490358.0450702,61359,1681490358,44117927,,2,/imu_driver,Current time 1681490358 42581081,driver.py,driver,56,"['/imu', '/rosout']"
1681490358.0691562,61360,1681490358,68130016,,2,/imu_driver,Current time 1681490358 66988945,driver.py,driver,56,"['/imu', '/rosout']"
1681490358.0935762,61361,1681490358,92801332,,2,/imu_driver,Current time 1681490358 91681718,driver.py,driver,56,"['/imu', '/rosout']"
1681490358.1188157,61362,1681490358,118095159,,2,/imu_driver,Current time 1681490358 116966485,driver.py,driver,56,"['/imu', '/rosout']"
1681490358.143812,61363,1681490358,143173456,,2,/imu_driver,Current time 1681490358 141902446,driver.py,driver,56,"['/imu', '/rosout']"
1681490358.1680768,61364,1681490358,167871713,,2,/imu_driver,Current time 1681490358 166686534,driver.py,driver,56,"['/imu', '/rosout']"
1681490358.195641,61365,1681490358,194386243,,2,/imu_driver,Current time 1681490358 192010641,driver.py,driver,56,"['/imu', '/rosout']"
1681490358.2189443,61366,1681490358,218483686,,2,/imu_driver,Current time 1681490358 217572927,driver.py,driver,56,"['/imu', '/rosout']"
1681490358.244367,61367,1681490358,243745803,,2,/imu_driver,Current time 1681490358 242653369,driver.py,driver,56,"['/imu', '/rosout']"
1681490358.2688632,61368,1681490358,268501043,,2,/imu_driver,Current time 1681490358 267392396,driver.py,driver,56,"['/imu', '/rosout']"
1681490358.294274,61369,1681490358,293823242,,2,/imu_driver,Current time 1681490358 292388916,driver.py,driver,56,"['/imu', '/rosout']"
1681490358.3189301,61370,1681490358,318422555,,2,/imu_driver,Current time 1681490358 317427158,driver.py,driver,56,"['/imu', '/rosout']"
1681490358.3435557,61371,1681490358,343282222,,2,/imu_driver,Current time 1681490358 342291355,driver.py,driver,56,"['/imu', '/rosout']"
1681490358.3690004,61372,1681490358,368478536,,2,/imu_driver,Current time 1681490358 367402553,driver.py,driver,56,"['/imu', '/rosout']"
1681490358.3956914,61373,1681490358,393732786,,2,/imu_driver,Current time 1681490358 392542839,driver.py,driver,56,"['/imu', '/rosout']"
1681490358.418571,61374,1681490358,418267965,,2,/imu_driver,Current time 1681490358 417263984,driver.py,driver,56,"['/imu', '/rosout']"
1681490358.4187949,10,1681490358,418660922,,4,/record_1681490238361869733,Less than 5 x 1G of space free on disk with '2023-04-14-12-37-18.bag.active'.,/tmp/binarydeb/ros-noetic-rosbag-1.15.15/src/recorder.cpp,Recorder::checkDisk,771,['/rosout']
1681490358.44393,61375,1681490358,443366765,,2,/imu_driver,Current time 1681490358 442293405,driver.py,driver,56,"['/imu', '/rosout']"
1681490358.46875,61376,1681490358,468352317,,2,/imu_driver,Current time 1681490358 467393875,driver.py,driver,56,"['/imu', '/rosout']"
1681490358.4940372,61377,1681490358,493470668,,2,/imu_driver,Current time 1681490358 492471694,driver.py,driver,56,"['/imu', '/rosout']"
1681490358.518744,61378,1681490358,518494606,,2,/imu_driver,Current time 1681490358 517385244,driver.py,driver,56,"['/imu', '/rosout']"
1681490358.545307,61379,1681490358,544983148,,2,/imu_driver,Current time 1681490358 543017148,driver.py,driver,56,"['/imu', '/rosout']"
1681490358.568707,61380,1681490358,568405866,,2,/imu_driver,Current time 1681490358 567295789,driver.py,driver,56,"['/imu', '/rosout']"
1681490358.593814,61381,1681490358,593259096,,2,/imu_driver,Current time 1681490358 592216253,driver.py,driver,56,"['/imu', '/rosout']"
1681490358.618675,61382,1681490358,618202209,,2,/imu_driver,Current time 1681490358 617178678,driver.py,driver,56,"['/imu', '/rosout']"
1681490358.6436565,61383,1681490358,643222332,,2,/imu_driver,Current time 1681490358 641991853,driver.py,driver,56,"['/imu', '/rosout']"
1681490358.6695108,61384,1681490358,668134212,,2,/imu_driver,Current time 1681490358 667039155,driver.py,driver,56,"['/imu', '/rosout']"
1681490358.694229,61385,1681490358,693329811,,2,/imu_driver,Current time 1681490358 692181587,driver.py,driver,56,"['/imu', '/rosout']"
1681490358.718578,61386,1681490358,718189477,,2,/imu_driver,Current time 1681490358 717207908,driver.py,driver,56,"['/imu', '/rosout']"
1681490358.7434886,61387,1681490358,743191957,,2,/imu_driver,Current time 1681490358 742044210,driver.py,driver,56,"['/imu', '/rosout']"
1681490358.7686412,61388,1681490358,768138408,,2,/imu_driver,Current time 1681490358 767057418,driver.py,driver,56,"['/imu', '/rosout']"
1681490358.7944558,61389,1681490358,793501853,,2,/imu_driver,Current time 1681490358 791916370,driver.py,driver,56,"['/imu', '/rosout']"
1681490358.8185947,61390,1681490358,818011045,,2,/imu_driver,Current time 1681490358 816904306,driver.py,driver,56,"['/imu', '/rosout']"
1681490358.843642,61391,1681490358,843101978,,2,/imu_driver,Current time 1681490358 842103719,driver.py,driver,56,"['/imu', '/rosout']"
1681490358.8686204,61392,1681490358,868197917,,2,/imu_driver,Current time 1681490358 866948843,driver.py,driver,56,"['/imu', '/rosout']"
1681490358.8935068,61393,1681490358,892948150,,2,/imu_driver,Current time 1681490358 891892194,driver.py,driver,56,"['/imu', '/rosout']"
1681490358.9185555,61394,1681490358,917850017,,2,/imu_driver,Current time 1681490358 916790723,driver.py,driver,56,"['/imu', '/rosout']"
1681490358.9452226,61395,1681490358,944648504,,2,/imu_driver,Current time 1681490358 942888975,driver.py,driver,56,"['/imu', '/rosout']"
1681490358.968631,61396,1681490358,968054294,,2,/imu_driver,Current time 1681490358 966803550,driver.py,driver,56,"['/imu', '/rosout']"
1681490358.993645,61397,1681490358,992974042,,2,/imu_driver,Current time 1681490358 991863965,driver.py,driver,56,"['/imu', '/rosout']"
1681490359.0186088,61398,1681490359,18224477,,2,/imu_driver,Current time 1681490359 16988277,driver.py,driver,56,"['/imu', '/rosout']"
1681490359.0444038,61399,1681490359,43720960,,2,/imu_driver,Current time 1681490359 42272567,driver.py,driver,56,"['/imu', '/rosout']"
1681490359.06844,61400,1681490359,68092107,,2,/imu_driver,Current time 1681490359 66744089,driver.py,driver,56,"['/imu', '/rosout']"
1681490359.0936692,61401,1681490359,92988967,,2,/imu_driver,Current time 1681490359 91812610,driver.py,driver,56,"['/imu', '/rosout']"
1681490359.1185915,61402,1681490359,118183612,,2,/imu_driver,Current time 1681490359 116794109,driver.py,driver,56,"['/imu', '/rosout']"
1681490359.144855,61403,1681490359,143928766,,2,/imu_driver,Current time 1681490359 142340421,driver.py,driver,56,"['/imu', '/rosout']"
1681490359.1686134,61404,1681490359,168367385,,2,/imu_driver,Current time 1681490359 167052745,driver.py,driver,56,"['/imu', '/rosout']"
1681490359.1933498,61405,1681490359,193058013,,2,/imu_driver,Current time 1681490359 191739797,driver.py,driver,56,"['/imu', '/rosout']"
1681490359.2184715,61406,1681490359,218301534,,2,/imu_driver,Current time 1681490359 217019796,driver.py,driver,56,"['/imu', '/rosout']"
1681490359.243068,61407,1681490359,242670297,,2,/imu_driver,Current time 1681490359 241642951,driver.py,driver,56,"['/imu', '/rosout']"
1681490359.268643,61408,1681490359,267876386,,2,/imu_driver,Current time 1681490359 266652345,driver.py,driver,56,"['/imu', '/rosout']"
1681490359.2939248,61409,1681490359,293345212,,2,/imu_driver,Current time 1681490359 291591167,driver.py,driver,56,"['/imu', '/rosout']"
1681490359.3181276,61410,1681490359,317617416,,2,/imu_driver,Current time 1681490359 316599845,driver.py,driver,56,"['/imu', '/rosout']"
1681490359.343564,61411,1681490359,343331575,,2,/imu_driver,Current time 1681490359 342401742,driver.py,driver,56,"['/imu', '/rosout']"
1681490359.3692427,61412,1681490359,368640184,,2,/imu_driver,Current time 1681490359 367489576,driver.py,driver,56,"['/imu', '/rosout']"
1681490359.3940506,61413,1681490359,393544197,,2,/imu_driver,Current time 1681490359 392653942,driver.py,driver,56,"['/imu', '/rosout']"
1681490359.4192052,61414,1681490359,418382883,,2,/imu_driver,Current time 1681490359 417457342,driver.py,driver,56,"['/imu', '/rosout']"
1681490359.4443772,61415,1681490359,443850040,,2,/imu_driver,Current time 1681490359 442514419,driver.py,driver,56,"['/imu', '/rosout']"
1681490359.4698315,61416,1681490359,468919038,,2,/imu_driver,Current time 1681490359 467709541,driver.py,driver,56,"['/imu', '/rosout']"
1681490359.49365,61417,1681490359,493430614,,2,/imu_driver,Current time 1681490359 492544174,driver.py,driver,56,"['/imu', '/rosout']"
1681490359.5189915,61418,1681490359,518501281,,2,/imu_driver,Current time 1681490359 517458200,driver.py,driver,56,"['/imu', '/rosout']"
1681490359.5482576,61419,1681490359,543750762,,2,/imu_driver,Current time 1681490359 542310953,driver.py,driver,56,"['/imu', '/rosout']"
1681490359.5685537,61420,1681490359,568359136,,2,/imu_driver,Current time 1681490359 567361831,driver.py,driver,56,"['/imu', '/rosout']"
1681490359.594679,61421,1681490359,593277931,,2,/imu_driver,Current time 1681490359 592362642,driver.py,driver,56,"['/imu', '/rosout']"
1681490359.6185558,61422,1681490359,618335723,,2,/imu_driver,Current time 1681490359 617350101,driver.py,driver,56,"['/imu', '/rosout']"
1681490359.643998,61423,1681490359,643661022,,2,/imu_driver,Current time 1681490359 642382383,driver.py,driver,56,"['/imu', '/rosout']"
1681490359.6686137,61424,1681490359,668398380,,2,/imu_driver,Current time 1681490359 667412281,driver.py,driver,56,"['/imu', '/rosout']"
1681490359.6938128,61425,1681490359,693527460,,2,/imu_driver,Current time 1681490359 692351341,driver.py,driver,56,"['/imu', '/rosout']"
1681490359.7186503,61426,1681490359,718363761,,2,/imu_driver,Current time 1681490359 717345714,driver.py,driver,56,"['/imu', '/rosout']"
1681490359.743487,61427,1681490359,743323326,,2,/imu_driver,Current time 1681490359 742461442,driver.py,driver,56,"['/imu', '/rosout']"
1681490359.7687888,61428,1681490359,768254995,,2,/imu_driver,Current time 1681490359 767213106,driver.py,driver,56,"['/imu', '/rosout']"
1681490359.7959182,61429,1681490359,795001029,,2,/imu_driver,Current time 1681490359 793796062,driver.py,driver,56,"['/imu', '/rosout']"
1681490359.818835,61430,1681490359,818374872,,2,/imu_driver,Current time 1681490359 817346572,driver.py,driver,56,"['/imu', '/rosout']"
1681490359.8432636,61431,1681490359,843075037,,2,/imu_driver,Current time 1681490359 842173814,driver.py,driver,56,"['/imu', '/rosout']"
1681490359.868943,61432,1681490359,868205070,,2,/imu_driver,Current time 1681490359 867202281,driver.py,driver,56,"['/imu', '/rosout']"
1681490359.8934646,61433,1681490359,893140792,,2,/imu_driver,Current time 1681490359 892087459,driver.py,driver,56,"['/imu', '/rosout']"
1681490359.91887,61434,1681490359,918071746,,2,/imu_driver,Current time 1681490359 917035579,driver.py,driver,56,"['/imu', '/rosout']"
1681490359.9441237,61435,1681490359,943508625,,2,/imu_driver,Current time 1681490359 942093849,driver.py,driver,56,"['/imu', '/rosout']"
1681490359.9685235,61436,1681490359,968279361,,2,/imu_driver,Current time 1681490359 967225790,driver.py,driver,56,"['/imu', '/rosout']"
1681490359.9942546,61437,1681490359,993369579,,2,/imu_driver,Current time 1681490359 992227554,driver.py,driver,56,"['/imu', '/rosout']"
1681490360.01874,61438,1681490360,18089771,,2,/imu_driver,Current time 1681490360 16999006,driver.py,driver,56,"['/imu', '/rosout']"
1681490360.0461843,61439,1681490360,43380737,,2,/imu_driver,Current time 1681490360 42133808,driver.py,driver,56,"['/imu', '/rosout']"
1681490360.068763,61440,1681490360,68210601,,2,/imu_driver,Current time 1681490360 67198991,driver.py,driver,56,"['/imu', '/rosout']"
1681490360.0933294,61441,1681490360,93081951,,2,/imu_driver,Current time 1681490360 92055797,driver.py,driver,56,"['/imu', '/rosout']"
1681490360.1207223,61442,1681490360,118248462,,2,/imu_driver,Current time 1681490360 117175579,driver.py,driver,56,"['/imu', '/rosout']"
1681490360.1432412,61443,1681490360,142905950,,2,/imu_driver,Current time 1681490360 141923427,driver.py,driver,56,"['/imu', '/rosout']"
1681490360.1689515,61444,1681490360,167991399,,2,/imu_driver,Current time 1681490360 166949987,driver.py,driver,56,"['/imu', '/rosout']"
1681490360.1944015,61445,1681490360,193471193,,2,/imu_driver,Current time 1681490360 192132949,driver.py,driver,56,"['/imu', '/rosout']"
1681490360.2188756,61446,1681490360,218455314,,2,/imu_driver,Current time 1681490360 216901540,driver.py,driver,56,"['/imu', '/rosout']"
1681490360.2431986,61447,1681490360,242978096,,2,/imu_driver,Current time 1681490360 241993904,driver.py,driver,56,"['/imu', '/rosout']"
1681490360.2685144,61448,1681490360,268038988,,2,/imu_driver,Current time 1681490360 266869068,driver.py,driver,56,"['/imu', '/rosout']"
1681490360.2970607,61449,1681490360,294344425,,2,/imu_driver,Current time 1681490360 292884111,driver.py,driver,56,"['/imu', '/rosout']"
1681490360.3191724,61450,1681490360,318186998,,2,/imu_driver,Current time 1681490360 316947221,driver.py,driver,56,"['/imu', '/rosout']"
1681490360.3443973,61451,1681490360,343366146,,2,/imu_driver,Current time 1681490360 342105865,driver.py,driver,56,"['/imu', '/rosout']"
1681490360.3689468,61452,1681490360,368155956,,2,/imu_driver,Current time 1681490360 366877794,driver.py,driver,56,"['/imu', '/rosout']"
1681490360.3942266,61453,1681490360,393398761,,2,/imu_driver,Current time 1681490360 392198085,driver.py,driver,56,"['/imu', '/rosout']"
1681490360.430328,61454,1681490360,418026447,,2,/imu_driver,Current time 1681490360 416946649,driver.py,driver,56,"['/imu', '/rosout']"
1681490360.444132,61455,1681490360,443461179,,2,/imu_driver,Current time 1681490360 441834688,driver.py,driver,56,"['/imu', '/rosout']"
1681490360.4683888,61456,1681490360,467777252,,2,/imu_driver,Current time 1681490360 466718196,driver.py,driver,56,"['/imu', '/rosout']"
1681490360.4935167,61457,1681490360,492979764,,2,/imu_driver,Current time 1681490360 491815328,driver.py,driver,56,"['/imu', '/rosout']"
1681490360.5182376,61458,1681490360,517826318,,2,/imu_driver,Current time 1681490360 516654014,driver.py,driver,56,"['/imu', '/rosout']"
1681490360.543999,61459,1681490360,543191909,,2,/imu_driver,Current time 1681490360 541762113,driver.py,driver,56,"['/imu', '/rosout']"
1681490360.5703602,61460,1681490360,569913148,,2,/imu_driver,Current time 1681490360 568696737,driver.py,driver,56,"['/imu', '/rosout']"
1681490360.5934198,61461,1681490360,592931985,,2,/imu_driver,Current time 1681490360 591603279,driver.py,driver,56,"['/imu', '/rosout']"
1681490360.61915,61462,1681490360,618799686,,2,/imu_driver,Current time 1681490360 617831945,driver.py,driver,56,"['/imu', '/rosout']"
1681490360.6427548,61463,1681490360,642569065,,2,/imu_driver,Current time 1681490360 641654729,driver.py,driver,56,"['/imu', '/rosout']"
1681490360.669132,61464,1681490360,668725252,,2,/imu_driver,Current time 1681490360 667580842,driver.py,driver,56,"['/imu', '/rosout']"
1681490360.694318,61465,1681490360,694023370,,2,/imu_driver,Current time 1681490360 692454099,driver.py,driver,56,"['/imu', '/rosout']"
1681490360.7186465,61466,1681490360,717755317,,2,/imu_driver,Current time 1681490360 716739654,driver.py,driver,56,"['/imu', '/rosout']"
1681490360.7441196,61467,1681490360,743738174,,2,/imu_driver,Current time 1681490360 742572307,driver.py,driver,56,"['/imu', '/rosout']"
1681490360.7691157,61468,1681490360,768773317,,2,/imu_driver,Current time 1681490360 767584562,driver.py,driver,56,"['/imu', '/rosout']"
1681490360.7971003,61469,1681490360,796374559,,2,/imu_driver,Current time 1681490360 795092582,driver.py,driver,56,"['/imu', '/rosout']"
1681490360.8200479,61470,1681490360,819206237,,2,/imu_driver,Current time 1681490360 817919492,driver.py,driver,56,"['/imu', '/rosout']"
1681490360.8450737,61471,1681490360,844557046,,2,/imu_driver,Current time 1681490360 842325210,driver.py,driver,56,"['/imu', '/rosout']"
1681490360.8692148,61472,1681490360,868667840,,2,/imu_driver,Current time 1681490360 867633342,driver.py,driver,56,"['/imu', '/rosout']"
1681490360.8940217,61473,1681490360,893332958,,2,/imu_driver,Current time 1681490360 892469406,driver.py,driver,56,"['/imu', '/rosout']"
1681490360.9192932,61474,1681490360,918409824,,2,/imu_driver,Current time 1681490360 917349338,driver.py,driver,56,"['/imu', '/rosout']"
1681490360.9461946,61475,1681490360,945816755,,2,/imu_driver,Current time 1681490360 944555759,driver.py,driver,56,"['/imu', '/rosout']"
1681490360.9692223,61476,1681490360,968867301,,2,/imu_driver,Current time 1681490360 967553377,driver.py,driver,56,"['/imu', '/rosout']"
1681490360.9937384,61477,1681490360,993446588,,2,/imu_driver,Current time 1681490360 992425203,driver.py,driver,56,"['/imu', '/rosout']"
1681490361.019002,61478,1681490361,18636465,,2,/imu_driver,Current time 1681490361 17503261,driver.py,driver,56,"['/imu', '/rosout']"
1681490361.0480068,61479,1681490361,47325134,,2,/imu_driver,Current time 1681490361 45069456,driver.py,driver,56,"['/imu', '/rosout']"
1681490361.0689156,61480,1681490361,68504333,,2,/imu_driver,Current time 1681490361 67426204,driver.py,driver,56,"['/imu', '/rosout']"
1681490361.093835,61481,1681490361,93524456,,2,/imu_driver,Current time 1681490361 92334032,driver.py,driver,56,"['/imu', '/rosout']"
1681490361.1201434,61482,1681490361,119622468,,2,/imu_driver,Current time 1681490361 117244958,driver.py,driver,56,"['/imu', '/rosout']"
1681490361.1438406,61483,1681490361,143245935,,2,/imu_driver,Current time 1681490361 142234086,driver.py,driver,56,"['/imu', '/rosout']"
1681490361.1757073,61484,1681490361,172674655,,2,/imu_driver,Current time 1681490361 167888164,driver.py,driver,56,"['/imu', '/rosout']"
1681490361.2006855,61485,1681490361,197395801,,2,/imu_driver,Current time 1681490361 193008184,driver.py,driver,56,"['/imu', '/rosout']"
1681490361.2245016,61486,1681490361,222056388,,2,/imu_driver,Current time 1681490361 217974424,driver.py,driver,56,"['/imu', '/rosout']"
1681490361.2438278,61487,1681490361,243152141,,2,/imu_driver,Current time 1681490361 242229461,driver.py,driver,56,"['/imu', '/rosout']"
1681490361.2687082,61488,1681490361,268230438,,2,/imu_driver,Current time 1681490361 267249584,driver.py,driver,56,"['/imu', '/rosout']"
1681490361.2938938,61489,1681490361,293384790,,2,/imu_driver,Current time 1681490361 292127847,driver.py,driver,56,"['/imu', '/rosout']"
1681490361.319004,61490,1681490361,318384170,,2,/imu_driver,Current time 1681490361 317226648,driver.py,driver,56,"['/imu', '/rosout']"
1681490361.345524,61491,1681490361,344608068,,2,/imu_driver,Current time 1681490361 342191696,driver.py,driver,56,"['/imu', '/rosout']"
1681490361.3685732,61492,1681490361,368248462,,2,/imu_driver,Current time 1681490361 367215394,driver.py,driver,56,"['/imu', '/rosout']"
1681490361.3935695,61493,1681490361,393174171,,2,/imu_driver,Current time 1681490361 392165184,driver.py,driver,56,"['/imu', '/rosout']"
1681490361.4183474,61494,1681490361,417940378,,2,/imu_driver,Current time 1681490361 416937589,driver.py,driver,56,"['/imu', '/rosout']"
1681490361.4459665,61495,1681490361,445448637,,2,/imu_driver,Current time 1681490361 442148685,driver.py,driver,56,"['/imu', '/rosout']"
1681490361.4695616,61496,1681490361,469133615,,2,/imu_driver,Current time 1681490361 467905759,driver.py,driver,56,"['/imu', '/rosout']"
1681490361.4940844,61497,1681490361,493205070,,2,/imu_driver,Current time 1681490361 491944074,driver.py,driver,56,"['/imu', '/rosout']"
1681490361.5189922,61498,1681490361,518224954,,2,/imu_driver,Current time 1681490361 516916275,driver.py,driver,56,"['/imu', '/rosout']"
1681490361.5443573,61499,1681490361,543847322,,2,/imu_driver,Current time 1681490361 542299032,driver.py,driver,56,"['/imu', '/rosout']"
1681490361.5719194,61500,1681490361,571473360,,2,/imu_driver,Current time 1681490361 570100545,driver.py,driver,56,"['/imu', '/rosout']"
1681490361.5933983,61501,1681490361,593007802,,2,/imu_driver,Current time 1681490361 591875553,driver.py,driver,56,"['/imu', '/rosout']"
1681490361.6183164,61502,1681490361,617949962,,2,/imu_driver,Current time 1681490361 616914033,driver.py,driver,56,"['/imu', '/rosout']"
1681490361.643088,61503,1681490361,642897844,,2,/imu_driver,Current time 1681490361 641962766,driver.py,driver,56,"['/imu', '/rosout']"
1681490361.6688788,61504,1681490361,668323278,,2,/imu_driver,Current time 1681490361 667043685,driver.py,driver,56,"['/imu', '/rosout']"
1681490361.6944315,61505,1681490361,693828105,,2,/imu_driver,Current time 1681490361 692074775,driver.py,driver,56,"['/imu', '/rosout']"
1681490361.71906,61506,1681490361,718274831,,2,/imu_driver,Current time 1681490361 717018365,driver.py,driver,56,"['/imu', '/rosout']"
1681490361.7433813,61507,1681490361,742930412,,2,/imu_driver,Current time 1681490361 741922855,driver.py,driver,56,"['/imu', '/rosout']"
1681490361.7684731,61508,1681490361,767872810,,2,/imu_driver,Current time 1681490361 766855716,driver.py,driver,56,"['/imu', '/rosout']"
1681490361.7936327,61509,1681490361,793046474,,2,/imu_driver,Current time 1681490361 791959285,driver.py,driver,56,"['/imu', '/rosout']"
1681490361.8182673,61510,1681490361,817994356,,2,/imu_driver,Current time 1681490361 816838502,driver.py,driver,56,"['/imu', '/rosout']"
1681490361.8473294,61511,1681490361,844153642,,2,/imu_driver,Current time 1681490361 841846227,driver.py,driver,56,"['/imu', '/rosout']"
1681490361.8682384,61512,1681490361,867721796,,2,/imu_driver,Current time 1681490361 866729259,driver.py,driver,56,"['/imu', '/rosout']"
1681490361.8929484,61513,1681490361,892701625,,2,/imu_driver,Current time 1681490361 891766309,driver.py,driver,56,"['/imu', '/rosout']"
1681490361.9189084,61514,1681490361,918109178,,2,/imu_driver,Current time 1681490361 916826963,driver.py,driver,56,"['/imu', '/rosout']"
1681490361.9465804,61515,1681490361,943358898,,2,/imu_driver,Current time 1681490361 941970825,driver.py,driver,56,"['/imu', '/rosout']"
1681490361.9686759,61516,1681490361,967695474,,2,/imu_driver,Current time 1681490361 966659784,driver.py,driver,56,"['/imu', '/rosout']"
1681490361.9936693,61517,1681490361,992904424,,2,/imu_driver,Current time 1681490361 991848945,driver.py,driver,56,"['/imu', '/rosout']"
1681490362.0196438,61518,1681490362,18733024,,2,/imu_driver,Current time 1681490362 17645359,driver.py,driver,56,"['/imu', '/rosout']"
1681490362.0466566,61519,1681490362,43217658,,2,/imu_driver,Current time 1681490362 41648149,driver.py,driver,56,"['/imu', '/rosout']"
1681490362.0687997,61520,1681490362,68609952,,2,/imu_driver,Current time 1681490362 67517280,driver.py,driver,56,"['/imu', '/rosout']"
1681490362.0930777,61521,1681490362,92875480,,2,/imu_driver,Current time 1681490362 91653108,driver.py,driver,56,"['/imu', '/rosout']"
1681490362.1188052,61522,1681490362,118602991,,2,/imu_driver,Current time 1681490362 117637872,driver.py,driver,56,"['/imu', '/rosout']"
1681490362.1439767,61523,1681490362,143650770,,2,/imu_driver,Current time 1681490362 142592906,driver.py,driver,56,"['/imu', '/rosout']"
1681490362.1691582,61524,1681490362,168928861,,2,/imu_driver,Current time 1681490362 167612314,driver.py,driver,56,"['/imu', '/rosout']"
1681490362.1941772,61525,1681490362,193917751,,2,/imu_driver,Current time 1681490362 192456007,driver.py,driver,56,"['/imu', '/rosout']"
1681490362.2189357,61526,1681490362,218760490,,2,/imu_driver,Current time 1681490362 217555522,driver.py,driver,56,"['/imu', '/rosout']"
1681490362.2437143,61527,1681490362,243579387,,2,/imu_driver,Current time 1681490362 242603540,driver.py,driver,56,"['/imu', '/rosout']"
1681490362.2687545,61528,1681490362,268390417,,2,/imu_driver,Current time 1681490362 267288684,driver.py,driver,56,"['/imu', '/rosout']"
1681490362.2937167,61529,1681490362,293353557,,2,/imu_driver,Current time 1681490362 292372465,driver.py,driver,56,"['/imu', '/rosout']"
1681490362.3196843,61530,1681490362,319015502,,2,/imu_driver,Current time 1681490362 317728996,driver.py,driver,56,"['/imu', '/rosout']"
1681490362.3445194,61531,1681490362,344310998,,2,/imu_driver,Current time 1681490362 342585802,driver.py,driver,56,"['/imu', '/rosout']"
1681490362.369458,61532,1681490362,369305372,,2,/imu_driver,Current time 1681490362 367513656,driver.py,driver,56,"['/imu', '/rosout']"
1681490362.3935556,61533,1681490362,393398761,,2,/imu_driver,Current time 1681490362 392430305,driver.py,driver,56,"['/imu', '/rosout']"
1681490362.4188175,61534,1681490362,418681859,,2,/imu_driver,Current time 1681490362 417587041,driver.py,driver,56,"['/imu', '/rosout']"
1681490362.4463594,61535,1681490362,445872783,,2,/imu_driver,Current time 1681490362 444796562,driver.py,driver,56,"['/imu', '/rosout']"
1681490362.469024,61536,1681490362,468499660,,2,/imu_driver,Current time 1681490362 467418193,driver.py,driver,56,"['/imu', '/rosout']"
1681490362.493625,61537,1681490362,493270158,,2,/imu_driver,Current time 1681490362 492223024,driver.py,driver,56,"['/imu', '/rosout']"
1681490362.5188248,61538,1681490362,518457651,,2,/imu_driver,Current time 1681490362 517431259,driver.py,driver,56,"['/imu', '/rosout']"
1681490362.5436997,61539,1681490362,543324708,,2,/imu_driver,Current time 1681490362 542286396,driver.py,driver,56,"['/imu', '/rosout']"
1681490362.5689821,61540,1681490362,568558692,,2,/imu_driver,Current time 1681490362 567276954,driver.py,driver,56,"['/imu', '/rosout']"
1681490362.5944476,61541,1681490362,593595981,,2,/imu_driver,Current time 1681490362 592356920,driver.py,driver,56,"['/imu', '/rosout']"
1681490362.620158,61542,1681490362,618430376,,2,/imu_driver,Current time 1681490362 617304086,driver.py,driver,56,"['/imu', '/rosout']"
1681490362.6444826,61543,1681490362,643368005,,2,/imu_driver,Current time 1681490362 642307996,driver.py,driver,56,"['/imu', '/rosout']"
1681490362.6688826,61544,1681490362,668527603,,2,/imu_driver,Current time 1681490362 667256593,driver.py,driver,56,"['/imu', '/rosout']"
1681490362.6985955,61545,1681490362,694189786,,2,/imu_driver,Current time 1681490362 692201614,driver.py,driver,56,"['/imu', '/rosout']"
1681490362.7186842,61546,1681490362,718184471,,2,/imu_driver,Current time 1681490362 717177152,driver.py,driver,56,"['/imu', '/rosout']"
1681490362.743595,61547,1681490362,743124485,,2,/imu_driver,Current time 1681490362 742128849,driver.py,driver,56,"['/imu', '/rosout']"
1681490362.7690394,61548,1681490362,768114328,,2,/imu_driver,Current time 1681490362 767011642,driver.py,driver,56,"['/imu', '/rosout']"
1681490362.793302,61549,1681490362,793076992,,2,/imu_driver,Current time 1681490362 792076587,driver.py,driver,56,"['/imu', '/rosout']"
1681490362.818489,61550,1681490362,818212270,,2,/imu_driver,Current time 1681490362 817072391,driver.py,driver,56,"['/imu', '/rosout']"
1681490362.8476112,61551,1681490362,843615293,,2,/imu_driver,Current time 1681490362 842317104,driver.py,driver,56,"['/imu', '/rosout']"
1681490362.8690228,61552,1681490362,868319034,,2,/imu_driver,Current time 1681490362 866966962,driver.py,driver,56,"['/imu', '/rosout']"
1681490362.893806,61553,1681490362,893071651,,2,/imu_driver,Current time 1681490362 891836881,driver.py,driver,56,"['/imu', '/rosout']"
1681490362.9186633,61554,1681490362,918044328,,2,/imu_driver,Current time 1681490362 916947126,driver.py,driver,56,"['/imu', '/rosout']"
1681490362.9445612,61555,1681490362,943881511,,2,/imu_driver,Current time 1681490362 942512273,driver.py,driver,56,"['/imu', '/rosout']"
1681490362.9684937,61556,1681490362,967842578,,2,/imu_driver,Current time 1681490362 966852188,driver.py,driver,56,"['/imu', '/rosout']"
1681490362.9935877,61557,1681490362,993044853,,2,/imu_driver,Current time 1681490362 991893529,driver.py,driver,56,"['/imu', '/rosout']"
1681490363.0187643,61558,1681490363,18018245,,2,/imu_driver,Current time 1681490363 16988754,driver.py,driver,56,"['/imu', '/rosout']"
1681490363.0431054,61559,1681490363,42741775,,2,/imu_driver,Current time 1681490363 41789770,driver.py,driver,56,"['/imu', '/rosout']"
1681490363.0686207,61560,1681490363,68055391,,2,/imu_driver,Current time 1681490363 66853284,driver.py,driver,56,"['/imu', '/rosout']"
1681490363.0940883,61561,1681490363,93135833,,2,/imu_driver,Current time 1681490363 91684818,driver.py,driver,56,"['/imu', '/rosout']"
1681490363.119521,61562,1681490363,117961168,,2,/imu_driver,Current time 1681490363 116752624,driver.py,driver,56,"['/imu', '/rosout']"
1681490363.1434698,61563,1681490363,142971038,,2,/imu_driver,Current time 1681490363 141880750,driver.py,driver,56,"['/imu', '/rosout']"
1681490363.1683402,61564,1681490363,167894363,,2,/imu_driver,Current time 1681490363 166826009,driver.py,driver,56,"['/imu', '/rosout']"
1681490363.1935556,61565,1681490363,192963838,,2,/imu_driver,Current time 1681490363 191964864,driver.py,driver,56,"['/imu', '/rosout']"
1681490363.2198126,61566,1681490363,218893289,,2,/imu_driver,Current time 1681490363 217817783,driver.py,driver,56,"['/imu', '/rosout']"
1681490363.2433615,61567,1681490363,242815494,,2,/imu_driver,Current time 1681490363 241711616,driver.py,driver,56,"['/imu', '/rosout']"
1681490363.2692268,61568,1681490363,268770217,,2,/imu_driver,Current time 1681490363 267711639,driver.py,driver,56,"['/imu', '/rosout']"
1681490363.2930458,61569,1681490363,292604446,,2,/imu_driver,Current time 1681490363 291557073,driver.py,driver,56,"['/imu', '/rosout']"
1681490363.3190725,61570,1681490363,318695306,,2,/imu_driver,Current time 1681490363 317711353,driver.py,driver,56,"['/imu', '/rosout']"
1681490363.3444133,61571,1681490363,343942403,,2,/imu_driver,Current time 1681490363 342674732,driver.py,driver,56,"['/imu', '/rosout']"
1681490363.3682206,61572,1681490363,367869138,,2,/imu_driver,Current time 1681490363 366803884,driver.py,driver,56,"['/imu', '/rosout']"
1681490363.393187,61573,1681490363,392758846,,2,/imu_driver,Current time 1681490363 391645193,driver.py,driver,56,"['/imu', '/rosout']"
1681490363.418972,61574,1681490363,418528079,,2,/imu_driver,Current time 1681490363 417700767,driver.py,driver,56,"['/imu', '/rosout']"
1681490363.4437652,61575,1681490363,443542003,,2,/imu_driver,Current time 1681490363 442589521,driver.py,driver,56,"['/imu', '/rosout']"
1681490363.4689364,61576,1681490363,468436479,,2,/imu_driver,Current time 1681490363 467403888,driver.py,driver,56,"['/imu', '/rosout']"
1681490363.494422,61577,1681490363,493770599,,2,/imu_driver,Current time 1681490363 492441654,driver.py,driver,56,"['/imu', '/rosout']"
1681490363.5190032,61578,1681490363,518540382,,2,/imu_driver,Current time 1681490363 517569303,driver.py,driver,56,"['/imu', '/rosout']"
1681490363.5439432,61579,1681490363,543561697,,2,/imu_driver,Current time 1681490363 542649030,driver.py,driver,56,"['/imu', '/rosout']"
1681490363.5690534,61580,1681490363,568479776,,2,/imu_driver,Current time 1681490363 567393779,driver.py,driver,56,"['/imu', '/rosout']"
1681490363.5949166,61581,1681490363,593786716,,2,/imu_driver,Current time 1681490363 592334270,driver.py,driver,56,"['/imu', '/rosout']"
1681490363.61882,61582,1681490363,618413209,,2,/imu_driver,Current time 1681490363 617523908,driver.py,driver,56,"['/imu', '/rosout']"
1681490363.6436467,61583,1681490363,643172979,,2,/imu_driver,Current time 1681490363 642266273,driver.py,driver,56,"['/imu', '/rosout']"
1681490363.6687768,61584,1681490363,668390989,,2,/imu_driver,Current time 1681490363 667426109,driver.py,driver,56,"['/imu', '/rosout']"
1681490363.694018,61585,1681490363,693352937,,2,/imu_driver,Current time 1681490363 692350864,driver.py,driver,56,"['/imu', '/rosout']"
1681490363.719196,61586,1681490363,718437671,,2,/imu_driver,Current time 1681490363 717450141,driver.py,driver,56,"['/imu', '/rosout']"
1681490363.7474005,61587,1681490363,746562242,,2,/imu_driver,Current time 1681490363 745285987,driver.py,driver,56,"['/imu', '/rosout']"
1681490363.7692564,61588,1681490363,768530845,,2,/imu_driver,Current time 1681490363 767222642,driver.py,driver,56,"['/imu', '/rosout']"
1681490363.7939827,61589,1681490363,793662548,,2,/imu_driver,Current time 1681490363 792367696,driver.py,driver,56,"['/imu', '/rosout']"
1681490363.8188725,61590,1681490363,818457603,,2,/imu_driver,Current time 1681490363 817187070,driver.py,driver,56,"['/imu', '/rosout']"
1681490363.8440497,61591,1681490363,843773603,,2,/imu_driver,Current time 1681490363 842428445,driver.py,driver,56,"['/imu', '/rosout']"
1681490363.8693266,61592,1681490363,868730068,,2,/imu_driver,Current time 1681490363 867465972,driver.py,driver,56,"['/imu', '/rosout']"
1681490363.893914,61593,1681490363,893315792,,2,/imu_driver,Current time 1681490363 892256736,driver.py,driver,56,"['/imu', '/rosout']"
1681490363.9188724,61594,1681490363,918121099,,2,/imu_driver,Current time 1681490363 917103767,driver.py,driver,56,"['/imu', '/rosout']"
1681490363.9437459,61595,1681490363,943160057,,2,/imu_driver,Current time 1681490363 942141771,driver.py,driver,56,"['/imu', '/rosout']"
1681490363.9689174,61596,1681490363,968290090,,2,/imu_driver,Current time 1681490363 967229127,driver.py,driver,56,"['/imu', '/rosout']"
1681490363.996136,61597,1681490363,994959831,,2,/imu_driver,Current time 1681490363 993032217,driver.py,driver,56,"['/imu', '/rosout']"
1681490364.0183406,61598,1681490364,18066883,,2,/imu_driver,Current time 1681490364 17046689,driver.py,driver,56,"['/imu', '/rosout']"
1681490364.0432072,61599,1681490364,43031454,,2,/imu_driver,Current time 1681490364 42112350,driver.py,driver,56,"['/imu', '/rosout']"
1681490364.0682504,61600,1681490364,68035602,,2,/imu_driver,Current time 1681490364 67002773,driver.py,driver,56,"['/imu', '/rosout']"
1681490364.0943844,61601,1681490364,93584299,,2,/imu_driver,Current time 1681490364 92103481,driver.py,driver,56,"['/imu', '/rosout']"
1681490364.1183934,61602,1681490364,118101358,,2,/imu_driver,Current time 1681490364 117007732,driver.py,driver,56,"['/imu', '/rosout']"
1681490364.144199,61603,1681490364,143101692,,2,/imu_driver,Current time 1681490364 141968965,driver.py,driver,56,"['/imu', '/rosout']"
1681490364.1681736,61604,1681490364,167908668,,2,/imu_driver,Current time 1681490364 166939496,driver.py,driver,56,"['/imu', '/rosout']"
1681490364.1933405,61605,1681490364,193087816,,2,/imu_driver,Current time 1681490364 192083358,driver.py,driver,56,"['/imu', '/rosout']"
1681490364.2191637,61606,1681490364,218869924,,2,/imu_driver,Current time 1681490364 217514991,driver.py,driver,56,"['/imu', '/rosout']"
1681490364.24692,61607,1681490364,243535518,,2,/imu_driver,Current time 1681490364 242195129,driver.py,driver,56,"['/imu', '/rosout']"
1681490364.269335,61608,1681490364,268465757,,2,/imu_driver,Current time 1681490364 267176151,driver.py,driver,56,"['/imu', '/rosout']"
1681490364.2935612,61609,1681490364,293054103,,2,/imu_driver,Current time 1681490364 292058467,driver.py,driver,56,"['/imu', '/rosout']"
1681490364.3191404,61610,1681490364,318074703,,2,/imu_driver,Current time 1681490364 316980123,driver.py,driver,56,"['/imu', '/rosout']"
1681490364.3439856,61611,1681490364,343198060,,2,/imu_driver,Current time 1681490364 341853380,driver.py,driver,56,"['/imu', '/rosout']"
1681490364.368673,61612,1681490364,367898225,,2,/imu_driver,Current time 1681490364 366935014,driver.py,driver,56,"['/imu', '/rosout']"
1681490364.3935478,61613,1681490364,392885208,,2,/imu_driver,Current time 1681490364 391789913,driver.py,driver,56,"['/imu', '/rosout']"
1681490364.4187505,61614,1681490364,417909622,,2,/imu_driver,Current time 1681490364 416931629,driver.py,driver,56,"['/imu', '/rosout']"
1681490364.4436934,61615,1681490364,443077564,,2,/imu_driver,Current time 1681490364 442008733,driver.py,driver,56,"['/imu', '/rosout']"
1681490364.4688792,61616,1681490364,468003511,,2,/imu_driver,Current time 1681490364 466857671,driver.py,driver,56,"['/imu', '/rosout']"
1681490364.4935997,61617,1681490364,493029832,,2,/imu_driver,Current time 1681490364 491708993,driver.py,driver,56,"['/imu', '/rosout']"
1681490364.518447,61618,1681490364,517977952,,2,/imu_driver,Current time 1681490364 516880273,driver.py,driver,56,"['/imu', '/rosout']"
1681490364.5439386,61619,1681490364,543645381,,2,/imu_driver,Current time 1681490364 542645692,driver.py,driver,56,"['/imu', '/rosout']"
1681490364.5691707,61620,1681490364,568865537,,2,/imu_driver,Current time 1681490364 567657232,driver.py,driver,56,"['/imu', '/rosout']"
1681490364.5934558,61621,1681490364,593248367,,2,/imu_driver,Current time 1681490364 591591119,driver.py,driver,56,"['/imu', '/rosout']"
1681490364.618913,61622,1681490364,618753433,,2,/imu_driver,Current time 1681490364 617723226,driver.py,driver,56,"['/imu', '/rosout']"
1681490364.6429057,61623,1681490364,642638683,,2,/imu_driver,Current time 1681490364 641560077,driver.py,driver,56,"['/imu', '/rosout']"
1681490364.6690319,61624,1681490364,668652057,,2,/imu_driver,Current time 1681490364 667620897,driver.py,driver,56,"['/imu', '/rosout']"
1681490364.692974,61625,1681490364,692672729,,2,/imu_driver,Current time 1681490364 691619396,driver.py,driver,56,"['/imu', '/rosout']"
1681490364.7188306,61626,1681490364,718591451,,2,/imu_driver,Current time 1681490364 717571258,driver.py,driver,56,"['/imu', '/rosout']"
1681490364.7479212,61627,1681490364,743866205,,2,/imu_driver,Current time 1681490364 742480754,driver.py,driver,56,"['/imu', '/rosout']"
1681490364.769096,61628,1681490364,768519639,,2,/imu_driver,Current time 1681490364 767506361,driver.py,driver,56,"['/imu', '/rosout']"
1681490364.7938416,61629,1681490364,793401241,,2,/imu_driver,Current time 1681490364 792400360,driver.py,driver,56,"['/imu', '/rosout']"
1681490364.8190763,61630,1681490364,818505525,,2,/imu_driver,Current time 1681490364 817403078,driver.py,driver,56,"['/imu', '/rosout']"
1681490364.844226,61631,1681490364,843844175,,2,/imu_driver,Current time 1681490364 842489957,driver.py,driver,56,"['/imu', '/rosout']"
1681490364.8689337,61632,1681490364,868448019,,2,/imu_driver,Current time 1681490364 867429971,driver.py,driver,56,"['/imu', '/rosout']"
1681490364.8937626,61633,1681490364,893474817,,2,/imu_driver,Current time 1681490364 892352342,driver.py,driver,56,"['/imu', '/rosout']"
1681490364.9194264,61634,1681490364,919110298,,2,/imu_driver,Current time 1681490364 917560100,driver.py,driver,56,"['/imu', '/rosout']"
1681490364.9437473,61635,1681490364,943507909,,2,/imu_driver,Current time 1681490364 942329645,driver.py,driver,56,"['/imu', '/rosout']"
1681490364.969171,61636,1681490364,968801021,,2,/imu_driver,Current time 1681490364 967388629,driver.py,driver,56,"['/imu', '/rosout']"
1681490364.9943414,61637,1681490364,994089841,,2,/imu_driver,Current time 1681490364 992475748,driver.py,driver,56,"['/imu', '/rosout']"
1681490365.0188913,61638,1681490365,18520116,,2,/imu_driver,Current time 1681490365 17330169,driver.py,driver,56,"['/imu', '/rosout']"
1681490365.0436795,61639,1681490365,43514728,,2,/imu_driver,Current time 1681490365 42427539,driver.py,driver,56,"['/imu', '/rosout']"
1681490365.068506,61640,1681490365,68302869,,2,/imu_driver,Current time 1681490365 67306756,driver.py,driver,56,"['/imu', '/rosout']"
1681490365.0941684,61641,1681490365,93914508,,2,/imu_driver,Current time 1681490365 92437267,driver.py,driver,56,"['/imu', '/rosout']"
1681490365.1187632,61642,1681490365,118554830,,2,/imu_driver,Current time 1681490365 117363452,driver.py,driver,56,"['/imu', '/rosout']"
1681490365.1436422,61643,1681490365,143453359,,2,/imu_driver,Current time 1681490365 142262697,driver.py,driver,56,"['/imu', '/rosout']"
1681490365.1683083,61644,1681490365,168136358,,2,/imu_driver,Current time 1681490365 167131423,driver.py,driver,56,"['/imu', '/rosout']"
1681490365.193328,61645,1681490365,193180084,,2,/imu_driver,Current time 1681490365 192266941,driver.py,driver,56,"['/imu', '/rosout']"
1681490365.2183821,61646,1681490365,218187808,,2,/imu_driver,Current time 1681490365 217259407,driver.py,driver,56,"['/imu', '/rosout']"
1681490365.2471392,61647,1681490365,246402978,,2,/imu_driver,Current time 1681490365 244821786,driver.py,driver,56,"['/imu', '/rosout']"
1681490365.2696662,61648,1681490365,269095182,,2,/imu_driver,Current time 1681490365 267082214,driver.py,driver,56,"['/imu', '/rosout']"
1681490365.293824,61649,1681490365,293256044,,2,/imu_driver,Current time 1681490365 292260646,driver.py,driver,56,"['/imu', '/rosout']"
1681490365.3184662,61650,1681490365,317994356,,2,/imu_driver,Current time 1681490365 317023277,driver.py,driver,56,"['/imu', '/rosout']"
1681490365.347264,61651,1681490365,346551656,,2,/imu_driver,Current time 1681490365 345352888,driver.py,driver,56,"['/imu', '/rosout']"
1681490365.3688302,61652,1681490365,368214607,,2,/imu_driver,Current time 1681490365 367078542,driver.py,driver,56,"['/imu', '/rosout']"
1681490365.3944817,61653,1681490365,393125534,,2,/imu_driver,Current time 1681490365 392103195,driver.py,driver,56,"['/imu', '/rosout']"
1681490365.4184835,61654,1681490365,418121576,,2,/imu_driver,Current time 1681490365 417062282,driver.py,driver,56,"['/imu', '/rosout']"
1681490365.4432878,61655,1681490365,443024635,,2,/imu_driver,Current time 1681490365 442047595,driver.py,driver,56,"['/imu', '/rosout']"
1681490365.468778,61656,1681490365,468177318,,2,/imu_driver,Current time 1681490365 467071294,driver.py,driver,56,"['/imu', '/rosout']"
1681490365.4941168,61657,1681490365,493481874,,2,/imu_driver,Current time 1681490365 492121934,driver.py,driver,56,"['/imu', '/rosout']"
1681490365.5190651,61658,1681490365,518761873,,2,/imu_driver,Current time 1681490365 517214059,driver.py,driver,56,"['/imu', '/rosout']"
1681490365.5432498,61659,1681490365,542944908,,2,/imu_driver,Current time 1681490365 541811943,driver.py,driver,56,"['/imu', '/rosout']"
1681490365.5686445,61660,1681490365,568281173,,2,/imu_driver,Current time 1681490365 567064523,driver.py,driver,56,"['/imu', '/rosout']"
1681490365.5942338,61661,1681490365,593957424,,2,/imu_driver,Current time 1681490365 592375993,driver.py,driver,56,"['/imu', '/rosout']"
1681490365.6185255,61662,1681490365,618081808,,2,/imu_driver,Current time 1681490365 616992235,driver.py,driver,56,"['/imu', '/rosout']"
1681490365.6453555,61663,1681490365,644406318,,2,/imu_driver,Current time 1681490365 642161846,driver.py,driver,56,"['/imu', '/rosout']"
1681490365.6683512,61664,1681490365,667784452,,2,/imu_driver,Current time 1681490365 666723012,driver.py,driver,56,"['/imu', '/rosout']"
1681490365.6931117,61665,1681490365,692815065,,2,/imu_driver,Current time 1681490365 691737651,driver.py,driver,56,"['/imu', '/rosout']"
1681490365.718359,61666,1681490365,717834234,,2,/imu_driver,Current time 1681490365 716821432,driver.py,driver,56,"['/imu', '/rosout']"
1681490365.743843,61667,1681490365,743026733,,2,/imu_driver,Current time 1681490365 741754531,driver.py,driver,56,"['/imu', '/rosout']"
1681490365.7687957,61668,1681490365,768240451,,2,/imu_driver,Current time 1681490365 766861677,driver.py,driver,56,"['/imu', '/rosout']"
1681490365.7933238,61669,1681490365,792702198,,2,/imu_driver,Current time 1681490365 791652441,driver.py,driver,56,"['/imu', '/rosout']"
1681490365.8190606,61670,1681490365,818823575,,2,/imu_driver,Current time 1681490365 817736387,driver.py,driver,56,"['/imu', '/rosout']"
1681490365.8436158,61671,1681490365,843292474,,2,/imu_driver,Current time 1681490365 841948747,driver.py,driver,56,"['/imu', '/rosout']"
1681490365.8690143,61672,1681490365,868777275,,2,/imu_driver,Current time 1681490365 867711067,driver.py,driver,56,"['/imu', '/rosout']"
1681490365.8932605,61673,1681490365,893017292,,2,/imu_driver,Current time 1681490365 891724348,driver.py,driver,56,"['/imu', '/rosout']"
1681490365.9187872,61674,1681490365,918627023,,2,/imu_driver,Current time 1681490365 917698144,driver.py,driver,56,"['/imu', '/rosout']"
1681490365.9437182,61675,1681490365,943559169,,2,/imu_driver,Current time 1681490365 942552089,driver.py,driver,56,"['/imu', '/rosout']"
1681490365.9688563,61676,1681490365,968625307,,2,/imu_driver,Current time 1681490365 967526674,driver.py,driver,56,"['/imu', '/rosout']"
1681490365.9936562,61677,1681490365,993369340,,2,/imu_driver,Current time 1681490365 991915464,driver.py,driver,56,"['/imu', '/rosout']"
1681490366.0189388,61678,1681490366,18760919,,2,/imu_driver,Current time 1681490366 17502069,driver.py,driver,56,"['/imu', '/rosout']"
1681490366.0436695,61679,1681490366,43525218,,2,/imu_driver,Current time 1681490366 42525291,driver.py,driver,56,"['/imu', '/rosout']"
1681490366.0693145,61680,1681490366,69042921,,2,/imu_driver,Current time 1681490366 67909002,driver.py,driver,56,"['/imu', '/rosout']"
1681490366.0942616,61681,1681490366,94037294,,2,/imu_driver,Current time 1681490366 92451095,driver.py,driver,56,"['/imu', '/rosout']"
1681490366.1192453,61682,1681490366,118878364,,2,/imu_driver,Current time 1681490366 117698192,driver.py,driver,56,"['/imu', '/rosout']"
1681490366.1441662,61683,1681490366,143772602,,2,/imu_driver,Current time 1681490366 142421245,driver.py,driver,56,"['/imu', '/rosout']"
1681490366.1687758,61684,1681490366,168552398,,2,/imu_driver,Current time 1681490366 167386770,driver.py,driver,56,"['/imu', '/rosout']"
1681490366.1936321,61685,1681490366,193431138,,2,/imu_driver,Current time 1681490366 192499160,driver.py,driver,56,"['/imu', '/rosout']"
1681490366.2191868,61686,1681490366,218493700,,2,/imu_driver,Current time 1681490366 217440366,driver.py,driver,56,"['/imu', '/rosout']"
1681490366.2457354,61687,1681490366,245143890,,2,/imu_driver,Current time 1681490366 243371725,driver.py,driver,56,"['/imu', '/rosout']"
1681490366.2694557,61688,1681490366,268864870,,2,/imu_driver,Current time 1681490366 267369031,driver.py,driver,56,"['/imu', '/rosout']"
1681490366.2939599,61689,1681490366,293508291,,2,/imu_driver,Current time 1681490366 292475223,driver.py,driver,56,"['/imu', '/rosout']"
1681490366.3185263,61690,1681490366,318167448,,2,/imu_driver,Current time 1681490366 317237854,driver.py,driver,56,"['/imu', '/rosout']"
1681490366.3448884,61691,1681490366,344396352,,2,/imu_driver,Current time 1681490366 342451572,driver.py,driver,56,"['/imu', '/rosout']"
1681490366.3693786,61692,1681490366,368890285,,2,/imu_driver,Current time 1681490366 367482900,driver.py,driver,56,"['/imu', '/rosout']"
1681490366.3952634,61693,1681490366,393518686,,2,/imu_driver,Current time 1681490366 392222642,driver.py,driver,56,"['/imu', '/rosout']"
1681490366.418628,61694,1681490366,418166637,,2,/imu_driver,Current time 1681490366 417225122,driver.py,driver,56,"['/imu', '/rosout']"
1681490366.4436002,61695,1681490366,443218231,,2,/imu_driver,Current time 1681490366 442286014,driver.py,driver,56,"['/imu', '/rosout']"
1681490366.4688683,61696,1681490366,468304634,,2,/imu_driver,Current time 1681490366 467115163,driver.py,driver,56,"['/imu', '/rosout']"
1681490366.4968128,61697,1681490366,496146917,,2,/imu_driver,Current time 1681490366 492174625,driver.py,driver,56,"['/imu', '/rosout']"
1681490366.5187573,61698,1681490366,518489599,,2,/imu_driver,Current time 1681490366 517214298,driver.py,driver,56,"['/imu', '/rosout']"
1681490366.5436578,61699,1681490366,543145656,,2,/imu_driver,Current time 1681490366 542115688,driver.py,driver,56,"['/imu', '/rosout']"
1681490366.5686426,61700,1681490366,568483591,,2,/imu_driver,Current time 1681490366 567238330,driver.py,driver,56,"['/imu', '/rosout']"
1681490366.5939229,61701,1681490366,593646049,,2,/imu_driver,Current time 1681490366 592019557,driver.py,driver,56,"['/imu', '/rosout']"
1681490366.6184597,61702,1681490366,618296146,,2,/imu_driver,Current time 1681490366 617130517,driver.py,driver,56,"['/imu', '/rosout']"
1681490366.643664,61703,1681490366,643323898,,2,/imu_driver,Current time 1681490366 642121791,driver.py,driver,56,"['/imu', '/rosout']"
1681490366.668587,61704,1681490366,668049573,,2,/imu_driver,Current time 1681490366 667113780,driver.py,driver,56,"['/imu', '/rosout']"
1681490366.6937084,61705,1681490366,693174362,,2,/imu_driver,Current time 1681490366 692135095,driver.py,driver,56,"['/imu', '/rosout']"
1681490366.718885,61706,1681490366,718286752,,2,/imu_driver,Current time 1681490366 716933012,driver.py,driver,56,"['/imu', '/rosout']"
1681490366.74557,61707,1681490366,743585348,,2,/imu_driver,Current time 1681490366 742289066,driver.py,driver,56,"['/imu', '/rosout']"
1681490366.7684965,61708,1681490366,768248081,,2,/imu_driver,Current time 1681490366 767115592,driver.py,driver,56,"['/imu', '/rosout']"
1681490366.7939868,61709,1681490366,793282747,,2,/imu_driver,Current time 1681490366 792121171,driver.py,driver,56,"['/imu', '/rosout']"
1681490366.8181925,61710,1681490366,817955493,,2,/imu_driver,Current time 1681490366 816876888,driver.py,driver,56,"['/imu', '/rosout']"
1681490366.8445916,61711,1681490366,844210624,,2,/imu_driver,Current time 1681490366 842833757,driver.py,driver,56,"['/imu', '/rosout']"
1681490366.86865,61712,1681490366,868141889,,2,/imu_driver,Current time 1681490366 867103815,driver.py,driver,56,"['/imu', '/rosout']"
1681490366.8933916,61713,1681490366,893026828,,2,/imu_driver,Current time 1681490366 892041921,driver.py,driver,56,"['/imu', '/rosout']"
1681490366.9182744,61714,1681490366,918074369,,2,/imu_driver,Current time 1681490366 916947364,driver.py,driver,56,"['/imu', '/rosout']"
1681490366.951129,61715,1681490366,949380159,,2,/imu_driver,Current time 1681490366 942713737,driver.py,driver,56,"['/imu', '/rosout']"
1681490366.9682744,61716,1681490366,967825174,,2,/imu_driver,Current time 1681490366 966783761,driver.py,driver,56,"['/imu', '/rosout']"
1681490366.9933128,61717,1681490366,993002891,,2,/imu_driver,Current time 1681490366 991882324,driver.py,driver,56,"['/imu', '/rosout']"
1681490367.0195484,61718,1681490367,18949031,,2,/imu_driver,Current time 1681490367 17729520,driver.py,driver,56,"['/imu', '/rosout']"
1681490367.044362,61719,1681490367,43691158,,2,/imu_driver,Current time 1681490367 42333364,driver.py,driver,56,"['/imu', '/rosout']"
1681490367.0694456,61720,1681490367,69158315,,2,/imu_driver,Current time 1681490367 67734479,driver.py,driver,56,"['/imu', '/rosout']"
1681490367.0935795,61721,1681490367,93311786,,2,/imu_driver,Current time 1681490367 91874361,driver.py,driver,56,"['/imu', '/rosout']"
1681490367.1203513,61722,1681490367,118994235,,2,/imu_driver,Current time 1681490367 117918729,driver.py,driver,56,"['/imu', '/rosout']"
1681490367.1439588,61723,1681490367,143677949,,2,/imu_driver,Current time 1681490367 142721176,driver.py,driver,56,"['/imu', '/rosout']"
1681490367.1689458,61724,1681490367,168684959,,2,/imu_driver,Current time 1681490367 167556762,driver.py,driver,56,"['/imu', '/rosout']"
1681490367.21027,61725,1681490367,209666013,,2,/imu_driver,Current time 1681490367 192609310,driver.py,driver,56,"['/imu', '/rosout']"
1681490367.219487,61726,1681490367,218786001,,2,/imu_driver,Current time 1681490367 217614412,driver.py,driver,56,"['/imu', '/rosout']"
1681490367.244496,61727,1681490367,243973970,,2,/imu_driver,Current time 1681490367 242819786,driver.py,driver,56,"['/imu', '/rosout']"
1681490367.26976,61728,1681490367,269341945,,2,/imu_driver,Current time 1681490367 267904758,driver.py,driver,56,"['/imu', '/rosout']"
1681490367.3030024,61729,1681490367,299982786,,2,/imu_driver,Current time 1681490367 292662620,driver.py,driver,56,"['/imu', '/rosout']"
1681490367.3195825,61730,1681490367,318853616,,2,/imu_driver,Current time 1681490367 317542552,driver.py,driver,56,"['/imu', '/rosout']"
1681490367.3474944,61731,1681490367,346823930,,2,/imu_driver,Current time 1681490367 345666885,driver.py,driver,56,"['/imu', '/rosout']"
1681490367.3692458,61732,1681490367,368689298,,2,/imu_driver,Current time 1681490367 367641925,driver.py,driver,56,"['/imu', '/rosout']"
1681490367.39404,61733,1681490367,393537521,,2,/imu_driver,Current time 1681490367 392586469,driver.py,driver,56,"['/imu', '/rosout']"
1681490367.4188793,61734,1681490367,418408632,,2,/imu_driver,Current time 1681490367 417483806,driver.py,driver,56,"['/imu', '/rosout']"
1681490367.4459927,61735,1681490367,445474863,,2,/imu_driver,Current time 1681490367 444270372,driver.py,driver,56,"['/imu', '/rosout']"
1681490367.468899,61736,1681490367,468437433,,2,/imu_driver,Current time 1681490367 467465400,driver.py,driver,56,"['/imu', '/rosout']"
1681490367.494304,61737,1681490367,493625640,,2,/imu_driver,Current time 1681490367 492530345,driver.py,driver,56,"['/imu', '/rosout']"
1681490367.5186768,61738,1681490367,518309116,,2,/imu_driver,Current time 1681490367 517348766,driver.py,driver,56,"['/imu', '/rosout']"
1681490367.5442479,61739,1681490367,543487310,,2,/imu_driver,Current time 1681490367 542407989,driver.py,driver,56,"['/imu', '/rosout']"
1681490367.5688493,61740,1681490367,568356037,,2,/imu_driver,Current time 1681490367 567230224,driver.py,driver,56,"['/imu', '/rosout']"
1681490367.5941064,61741,1681490367,593829870,,2,/imu_driver,Current time 1681490367 592507123,driver.py,driver,56,"['/imu', '/rosout']"
1681490367.6191776,61742,1681490367,618561983,,2,/imu_driver,Current time 1681490367 617600202,driver.py,driver,56,"['/imu', '/rosout']"
1681490367.6439085,61743,1681490367,643399238,,2,/imu_driver,Current time 1681490367 642366886,driver.py,driver,56,"['/imu', '/rosout']"
1681490367.6691597,61744,1681490367,668491125,,2,/imu_driver,Current time 1681490367 667221069,driver.py,driver,56,"['/imu', '/rosout']"
1681490367.694159,61745,1681490367,693797588,,2,/imu_driver,Current time 1681490367 692513465,driver.py,driver,56,"['/imu', '/rosout']"
1681490367.7184172,61746,1681490367,718261003,,2,/imu_driver,Current time 1681490367 717263221,driver.py,driver,56,"['/imu', '/rosout']"
1681490367.7434306,61747,1681490367,743255615,,2,/imu_driver,Current time 1681490367 742187261,driver.py,driver,56,"['/imu', '/rosout']"
1681490367.7684994,61748,1681490367,768367290,,2,/imu_driver,Current time 1681490367 767343044,driver.py,driver,56,"['/imu', '/rosout']"
1681490367.7934682,61749,1681490367,793295621,,2,/imu_driver,Current time 1681490367 792290925,driver.py,driver,56,"['/imu', '/rosout']"
1681490367.8192556,61750,1681490367,818451881,,2,/imu_driver,Current time 1681490367 817345142,driver.py,driver,56,"['/imu', '/rosout']"
1681490367.8464592,61751,1681490367,845399379,,2,/imu_driver,Current time 1681490367 843760967,driver.py,driver,56,"['/imu', '/rosout']"
1681490367.8686888,61752,1681490367,868216753,,2,/imu_driver,Current time 1681490367 867108583,driver.py,driver,56,"['/imu', '/rosout']"
1681490367.8938165,61753,1681490367,893183231,,2,/imu_driver,Current time 1681490367 892218828,driver.py,driver,56,"['/imu', '/rosout']"
1681490367.9188282,61754,1681490367,918092966,,2,/imu_driver,Current time 1681490367 916991472,driver.py,driver,56,"['/imu', '/rosout']"
1681490367.9443605,61755,1681490367,943650007,,2,/imu_driver,Current time 1681490367 942250251,driver.py,driver,56,"['/imu', '/rosout']"
1681490367.974046,61756,1681490367,972099065,,2,/imu_driver,Current time 1681490367 968111038,driver.py,driver,56,"['/imu', '/rosout']"
1681490367.995755,61757,1681490367,994143247,,2,/imu_driver,Current time 1681490367 993178129,driver.py,driver,56,"['/imu', '/rosout']"
1681490368.0183768,61758,1681490368,18104314,,2,/imu_driver,Current time 1681490368 17067193,driver.py,driver,56,"['/imu', '/rosout']"
1681490368.0438766,61759,1681490368,43142795,,2,/imu_driver,Current time 1681490368 41982173,driver.py,driver,56,"['/imu', '/rosout']"
1681490368.0687633,61760,1681490368,68316698,,2,/imu_driver,Current time 1681490368 67132711,driver.py,driver,56,"['/imu', '/rosout']"
1681490368.0939665,61761,1681490368,93391656,,2,/imu_driver,Current time 1681490368 91867446,driver.py,driver,56,"['/imu', '/rosout']"
1681490368.120795,61762,1681490368,120067358,,2,/imu_driver,Current time 1681490368 117120265,driver.py,driver,56,"['/imu', '/rosout']"
1681490368.1434565,61763,1681490368,142817020,,2,/imu_driver,Current time 1681490368 141920566,driver.py,driver,56,"['/imu', '/rosout']"
1681490368.168777,61764,1681490368,168457508,,2,/imu_driver,Current time 1681490368 166906595,driver.py,driver,56,"['/imu', '/rosout']"
1681490368.1951022,61765,1681490368,194549798,,2,/imu_driver,Current time 1681490368 193317890,driver.py,driver,56,"['/imu', '/rosout']"
1681490368.2182932,61766,1681490368,217973232,,2,/imu_driver,Current time 1681490368 216973304,driver.py,driver,56,"['/imu', '/rosout']"
1681490368.2437246,61767,1681490368,243038654,,2,/imu_driver,Current time 1681490368 241906166,driver.py,driver,56,"['/imu', '/rosout']"
1681490368.268334,61768,1681490368,267825126,,2,/imu_driver,Current time 1681490368 266720771,driver.py,driver,56,"['/imu', '/rosout']"
1681490368.293249,61769,1681490368,292963743,,2,/imu_driver,Current time 1681490368 291803598,driver.py,driver,56,"['/imu', '/rosout']"
1681490368.3189206,61770,1681490368,318150758,,2,/imu_driver,Current time 1681490368 316963672,driver.py,driver,56,"['/imu', '/rosout']"
1681490368.3476148,61771,1681490368,347331523,,2,/imu_driver,Current time 1681490368 341844797,driver.py,driver,56,"['/imu', '/rosout']"
1681490368.3688748,61772,1681490368,368564844,,2,/imu_driver,Current time 1681490368 367215633,driver.py,driver,56,"['/imu', '/rosout']"
1681490368.3941896,61773,1681490368,393258571,,2,/imu_driver,Current time 1681490368 391880989,driver.py,driver,56,"['/imu', '/rosout']"
1681490368.4190657,61774,1681490368,418800830,,2,/imu_driver,Current time 1681490368 417676687,driver.py,driver,56,"['/imu', '/rosout']"
1681490368.4454238,61775,1681490368,445134639,,2,/imu_driver,Current time 1681490368 443539142,driver.py,driver,56,"['/imu', '/rosout']"
1681490368.469749,61776,1681490368,469150304,,2,/imu_driver,Current time 1681490368 467947483,driver.py,driver,56,"['/imu', '/rosout']"
1681490368.5003443,61777,1681490368,499532938,,2,/imu_driver,Current time 1681490368 498365402,driver.py,driver,56,"['/imu', '/rosout']"
1681490368.5189784,61778,1681490368,518714427,,2,/imu_driver,Current time 1681490368 517740726,driver.py,driver,56,"['/imu', '/rosout']"
1681490368.5447953,61779,1681490368,544539928,,2,/imu_driver,Current time 1681490368 543158769,driver.py,driver,56,"['/imu', '/rosout']"
1681490368.5689092,61780,1681490368,568663835,,2,/imu_driver,Current time 1681490368 567676305,driver.py,driver,56,"['/imu', '/rosout']"
1681490368.5940497,61781,1681490368,593745470,,2,/imu_driver,Current time 1681490368 592556238,driver.py,driver,56,"['/imu', '/rosout']"
1681490368.6191752,61782,1681490368,618854284,,2,/imu_driver,Current time 1681490368 617787837,driver.py,driver,56,"['/imu', '/rosout']"
1681490368.6437726,61783,1681490368,643392324,,2,/imu_driver,Current time 1681490368 642446756,driver.py,driver,56,"['/imu', '/rosout']"
1681490368.669036,61784,1681490368,668791055,,2,/imu_driver,Current time 1681490368 667616367,driver.py,driver,56,"['/imu', '/rosout']"
1681490368.6942463,61785,1681490368,693872690,,2,/imu_driver,Current time 1681490368 692502737,driver.py,driver,56,"['/imu', '/rosout']"
1681490368.718672,61786,1681490368,718517780,,2,/imu_driver,Current time 1681490368 717472076,driver.py,driver,56,"['/imu', '/rosout']"
1681490368.7436402,61787,1681490368,743462085,,2,/imu_driver,Current time 1681490368 742487192,driver.py,driver,56,"['/imu', '/rosout']"
1681490368.768625,61788,1681490368,768475294,,2,/imu_driver,Current time 1681490368 767453193,driver.py,driver,56,"['/imu', '/rosout']"
1681490368.7965016,61789,1681490368,793978214,,2,/imu_driver,Current time 1681490368 792664051,driver.py,driver,56,"['/imu', '/rosout']"
1681490368.8185441,61790,1681490368,818401575,,2,/imu_driver,Current time 1681490368 817370176,driver.py,driver,56,"['/imu', '/rosout']"
1681490368.8438382,61791,1681490368,843539714,,2,/imu_driver,Current time 1681490368 842463016,driver.py,driver,56,"['/imu', '/rosout']"
1681490368.8685756,61792,1681490368,868372678,,2,/imu_driver,Current time 1681490368 867422580,driver.py,driver,56,"['/imu', '/rosout']"
1681490368.8934348,61793,1681490368,893267869,,2,/imu_driver,Current time 1681490368 892352819,driver.py,driver,56,"['/imu', '/rosout']"
1681490368.918925,61794,1681490368,918363332,,2,/imu_driver,Current time 1681490368 917218446,driver.py,driver,56,"['/imu', '/rosout']"
1681490368.9446685,61795,1681490368,944073200,,2,/imu_driver,Current time 1681490368 942721843,driver.py,driver,56,"['/imu', '/rosout']"
1681490368.9697454,61796,1681490368,968818187,,2,/imu_driver,Current time 1681490368 967776775,driver.py,driver,56,"['/imu', '/rosout']"
1681490368.9946122,61797,1681490368,994037151,,2,/imu_driver,Current time 1681490368 992431879,driver.py,driver,56,"['/imu', '/rosout']"
1681490369.0184548,61798,1681490369,18250465,,2,/imu_driver,Current time 1681490369 17132520,driver.py,driver,56,"['/imu', '/rosout']"
1681490369.045074,61799,1681490369,43838500,,2,/imu_driver,Current time 1681490369 42067289,driver.py,driver,56,"['/imu', '/rosout']"
1681490369.0688264,61800,1681490369,68290472,,2,/imu_driver,Current time 1681490369 67273378,driver.py,driver,56,"['/imu', '/rosout']"
1681490369.0939937,61801,1681490369,93402385,,2,/imu_driver,Current time 1681490369 92165946,driver.py,driver,56,"['/imu', '/rosout']"
1681490369.119112,61802,1681490369,118384122,,2,/imu_driver,Current time 1681490369 117209434,driver.py,driver,56,"['/imu', '/rosout']"
1681490369.143741,61803,1681490369,143250226,,2,/imu_driver,Current time 1681490369 142190217,driver.py,driver,56,"['/imu', '/rosout']"
1681490369.168644,61804,1681490369,168299913,,2,/imu_driver,Current time 1681490369 167021751,driver.py,driver,56,"['/imu', '/rosout']"
1681490369.1945248,61805,1681490369,193699598,,2,/imu_driver,Current time 1681490369 192081451,driver.py,driver,56,"['/imu', '/rosout']"
1681490369.2192645,61806,1681490369,218428611,,2,/imu_driver,Current time 1681490369 217090606,driver.py,driver,56,"['/imu', '/rosout']"
1681490369.2437763,61807,1681490369,242898702,,2,/imu_driver,Current time 1681490369 241960048,driver.py,driver,56,"['/imu', '/rosout']"
1681490369.2689378,61808,1681490369,268403530,,2,/imu_driver,Current time 1681490369 267325878,driver.py,driver,56,"['/imu', '/rosout']"
1681490369.2953513,61809,1681490369,294632196,,2,/imu_driver,Current time 1681490369 293500900,driver.py,driver,56,"['/imu', '/rosout']"
1681490369.318577,61810,1681490369,318312168,,2,/imu_driver,Current time 1681490369 317049026,driver.py,driver,56,"['/imu', '/rosout']"
1681490369.3457549,61811,1681490369,344516038,,2,/imu_driver,Current time 1681490369 342015743,driver.py,driver,56,"['/imu', '/rosout']"
1681490369.3685691,61812,1681490369,368245601,,2,/imu_driver,Current time 1681490369 366987943,driver.py,driver,56,"['/imu', '/rosout']"
1681490369.3939145,61813,1681490369,393364906,,2,/imu_driver,Current time 1681490369 392165899,driver.py,driver,56,"['/imu', '/rosout']"
1681490369.418225,61814,1681490369,417642354,,2,/imu_driver,Current time 1681490369 416771173,driver.py,driver,56,"['/imu', '/rosout']"
1681490369.443967,61815,1681490369,443290710,,2,/imu_driver,Current time 1681490369 441889524,driver.py,driver,56,"['/imu', '/rosout']"
1681490369.46875,61816,1681490369,468111276,,2,/imu_driver,Current time 1681490369 466874599,driver.py,driver,56,"['/imu', '/rosout']"
1681490369.4937887,61817,1681490369,493036270,,2,/imu_driver,Current time 1681490369 491864681,driver.py,driver,56,"['/imu', '/rosout']"
1681490369.5187657,61818,1681490369,518159627,,2,/imu_driver,Current time 1681490369 516926050,driver.py,driver,56,"['/imu', '/rosout']"
1681490369.5479033,61819,1681490369,547468662,,2,/imu_driver,Current time 1681490369 545783281,driver.py,driver,56,"['/imu', '/rosout']"
1681490369.5717528,61820,1681490369,568983793,,2,/imu_driver,Current time 1681490369 567758560,driver.py,driver,56,"['/imu', '/rosout']"
1681490369.5953324,61821,1681490369,594860315,,2,/imu_driver,Current time 1681490369 591984272,driver.py,driver,56,"['/imu', '/rosout']"
1681490369.6193223,61822,1681490369,619109869,,2,/imu_driver,Current time 1681490369 617925882,driver.py,driver,56,"['/imu', '/rosout']"
1681490369.6430974,61823,1681490369,642817497,,2,/imu_driver,Current time 1681490369 641864776,driver.py,driver,56,"['/imu', '/rosout']"
1681490369.6697676,61824,1681490369,668843507,,2,/imu_driver,Current time 1681490369 667758941,driver.py,driver,56,"['/imu', '/rosout']"
1681490369.6946142,61825,1681490369,694329500,,2,/imu_driver,Current time 1681490369 692703485,driver.py,driver,56,"['/imu', '/rosout']"
1681490369.7191641,61826,1681490369,718924999,,2,/imu_driver,Current time 1681490369 717857599,driver.py,driver,56,"['/imu', '/rosout']"
1681490369.7438395,61827,1681490369,743590116,,2,/imu_driver,Current time 1681490369 742579460,driver.py,driver,56,"['/imu', '/rosout']"
1681490369.7691317,61828,1681490369,768933534,,2,/imu_driver,Current time 1681490369 767808198,driver.py,driver,56,"['/imu', '/rosout']"
1681490369.793947,61829,1681490369,793628454,,2,/imu_driver,Current time 1681490369 792675018,driver.py,driver,56,"['/imu', '/rosout']"
1681490369.8190513,61830,1681490369,818818569,,2,/imu_driver,Current time 1681490369 817579030,driver.py,driver,56,"['/imu', '/rosout']"
1681490369.8444357,61831,1681490369,844061374,,2,/imu_driver,Current time 1681490369 842628955,driver.py,driver,56,"['/imu', '/rosout']"
1681490369.8689137,61832,1681490369,868718862,,2,/imu_driver,Current time 1681490369 867697000,driver.py,driver,56,"['/imu', '/rosout']"
1681490369.8939145,61833,1681490369,893707752,,2,/imu_driver,Current time 1681490369 892674446,driver.py,driver,56,"['/imu', '/rosout']"
1681490369.9186835,61834,1681490369,918520927,,2,/imu_driver,Current time 1681490369 917581319,driver.py,driver,56,"['/imu', '/rosout']"
1681490369.9456382,61835,1681490369,945422887,,2,/imu_driver,Current time 1681490369 944209575,driver.py,driver,56,"['/imu', '/rosout']"
1681490369.968796,61836,1681490369,968594074,,2,/imu_driver,Current time 1681490369 967630863,driver.py,driver,56,"['/imu', '/rosout']"
1681490369.9934556,61837,1681490369,993297338,,2,/imu_driver,Current time 1681490369 992313861,driver.py,driver,56,"['/imu', '/rosout']"
1681490370.0188258,61838,1681490370,18617153,,2,/imu_driver,Current time 1681490370 17449378,driver.py,driver,56,"['/imu', '/rosout']"
1681490370.0436246,61839,1681490370,43449878,,2,/imu_driver,Current time 1681490370 42532444,driver.py,driver,56,"['/imu', '/rosout']"
1681490370.068757,61840,1681490370,68583488,,2,/imu_driver,Current time 1681490370 67387580,driver.py,driver,56,"['/imu', '/rosout']"
1681490370.0946689,61841,1681490370,93896389,,2,/imu_driver,Current time 1681490370 92506170,driver.py,driver,56,"['/imu', '/rosout']"
1681490370.120802,61842,1681490370,119695901,,2,/imu_driver,Current time 1681490370 117523431,driver.py,driver,56,"['/imu', '/rosout']"
1681490370.1438622,61843,1681490370,143408060,,2,/imu_driver,Current time 1681490370 142393350,driver.py,driver,56,"['/imu', '/rosout']"
1681490370.1703377,61844,1681490370,168507814,,2,/imu_driver,Current time 1681490370 167370319,driver.py,driver,56,"['/imu', '/rosout']"
1681490370.1963892,61845,1681490370,195641517,,2,/imu_driver,Current time 1681490370 194396257,driver.py,driver,56,"['/imu', '/rosout']"
1681490370.2188802,61846,1681490370,218272447,,2,/imu_driver,Current time 1681490370 217181205,driver.py,driver,56,"['/imu', '/rosout']"
1681490370.2435956,61847,1681490370,243320465,,2,/imu_driver,Current time 1681490370 242194175,driver.py,driver,56,"['/imu', '/rosout']"
1681490370.2686543,61848,1681490370,268451929,,2,/imu_driver,Current time 1681490370 267337322,driver.py,driver,56,"['/imu', '/rosout']"
1681490370.2937431,61849,1681490370,293367862,,2,/imu_driver,Current time 1681490370 292330741,driver.py,driver,56,"['/imu', '/rosout']"
1681490370.3188026,61850,1681490370,318174839,,2,/imu_driver,Current time 1681490370 317107915,driver.py,driver,56,"['/imu', '/rosout']"
1681490370.3438406,61851,1681490370,343386888,,2,/imu_driver,Current time 1681490370 342156887,driver.py,driver,56,"['/imu', '/rosout']"
1681490370.368454,61852,1681490370,368200302,,2,/imu_driver,Current time 1681490370 367109775,driver.py,driver,56,"['/imu', '/rosout']"
1681490370.3932776,61853,1681490370,393131256,,2,/imu_driver,Current time 1681490370 392096281,driver.py,driver,56,"['/imu', '/rosout']"
1681490370.4182973,61854,1681490370,418169736,,2,/imu_driver,Current time 1681490370 417221546,driver.py,driver,56,"['/imu', '/rosout']"
1681490370.4440293,61855,1681490370,443755149,,2,/imu_driver,Current time 1681490370 442436456,driver.py,driver,56,"['/imu', '/rosout']"
1681490370.4685638,61856,1681490370,468295335,,2,/imu_driver,Current time 1681490370 467011928,driver.py,driver,56,"['/imu', '/rosout']"
1681490370.4933717,61857,1681490370,493210077,,2,/imu_driver,Current time 1681490370 492033243,driver.py,driver,56,"['/imu', '/rosout']"
1681490370.5182984,61858,1681490370,518060445,,2,/imu_driver,Current time 1681490370 517048358,driver.py,driver,56,"['/imu', '/rosout']"
1681490370.5434582,61859,1681490370,543154954,,2,/imu_driver,Current time 1681490370 542162179,driver.py,driver,56,"['/imu', '/rosout']"
1681490370.569061,61860,1681490370,568085432,,2,/imu_driver,Current time 1681490370 567014217,driver.py,driver,56,"['/imu', '/rosout']"
1681490370.5940132,61861,1681490370,593364715,,2,/imu_driver,Current time 1681490370 591935396,driver.py,driver,56,"['/imu', '/rosout']"
1681490370.6185584,61862,1681490370,618190288,,2,/imu_driver,Current time 1681490370 617038488,driver.py,driver,56,"['/imu', '/rosout']"
1681490370.6435924,61863,1681490370,643106460,,2,/imu_driver,Current time 1681490370 642080307,driver.py,driver,56,"['/imu', '/rosout']"
1681490370.668915,61864,1681490370,668281793,,2,/imu_driver,Current time 1681490370 667011499,driver.py,driver,56,"['/imu', '/rosout']"
1681490370.6950085,61865,1681490370,694317579,,2,/imu_driver,Current time 1681490370 692827939,driver.py,driver,56,"['/imu', '/rosout']"
1681490370.7198806,61866,1681490370,719197273,,2,/imu_driver,Current time 1681490370 717926025,driver.py,driver,56,"['/imu', '/rosout']"
1681490370.7440066,61867,1681490370,743204593,,2,/imu_driver,Current time 1681490370 741889953,driver.py,driver,56,"['/imu', '/rosout']"
1681490370.768677,61868,1681490370,768378973,,2,/imu_driver,Current time 1681490370 766962766,driver.py,driver,56,"['/imu', '/rosout']"
1681490370.7935133,61869,1681490370,793047189,,2,/imu_driver,Current time 1681490370 792043685,driver.py,driver,56,"['/imu', '/rosout']"
1681490370.8191688,61870,1681490370,818967342,,2,/imu_driver,Current time 1681490370 817884206,driver.py,driver,56,"['/imu', '/rosout']"
1681490370.8441563,61871,1681490370,843138217,,2,/imu_driver,Current time 1681490370 841848611,driver.py,driver,56,"['/imu', '/rosout']"
1681490370.869388,61872,1681490370,868838310,,2,/imu_driver,Current time 1681490370 867769241,driver.py,driver,56,"['/imu', '/rosout']"
1681490370.8932137,61873,1681490370,892726898,,2,/imu_driver,Current time 1681490370 891771078,driver.py,driver,56,"['/imu', '/rosout']"
1681490370.9194448,61874,1681490370,918902635,,2,/imu_driver,Current time 1681490370 917859554,driver.py,driver,56,"['/imu', '/rosout']"
1681490370.9445,61875,1681490370,943859815,,2,/imu_driver,Current time 1681490370 942856073,driver.py,driver,56,"['/imu', '/rosout']"
1681490370.9695008,61876,1681490370,969105720,,2,/imu_driver,Current time 1681490370 967884063,driver.py,driver,56,"['/imu', '/rosout']"
1681490370.9942317,61877,1681490370,993945360,,2,/imu_driver,Current time 1681490370 992771148,driver.py,driver,56,"['/imu', '/rosout']"
1681490371.0191817,61878,1681490371,18732309,,2,/imu_driver,Current time 1681490371 17821073,driver.py,driver,56,"['/imu', '/rosout']"
1681490371.0441015,61879,1681490371,43827056,,2,/imu_driver,Current time 1681490371 42779684,driver.py,driver,56,"['/imu', '/rosout']"
1681490371.0693078,61880,1681490371,68760871,,2,/imu_driver,Current time 1681490371 67656278,driver.py,driver,56,"['/imu', '/rosout']"
1681490371.095239,61881,1681490371,94470500,,2,/imu_driver,Current time 1681490371 93165397,driver.py,driver,56,"['/imu', '/rosout']"
1681490371.1192725,61882,1681490371,118785619,,2,/imu_driver,Current time 1681490371 117647647,driver.py,driver,56,"['/imu', '/rosout']"
1681490371.144339,61883,1681490371,143652915,,2,/imu_driver,Current time 1681490371 142684936,driver.py,driver,56,"['/imu', '/rosout']"
1681490371.1692212,61884,1681490371,168933153,,2,/imu_driver,Current time 1681490371 167710304,driver.py,driver,56,"['/imu', '/rosout']"
1681490371.1937506,61885,1681490371,193570137,,2,/imu_driver,Current time 1681490371 192459344,driver.py,driver,56,"['/imu', '/rosout']"
1681490371.2189932,61886,1681490371,218747377,,2,/imu_driver,Current time 1681490371 217648267,driver.py,driver,56,"['/imu', '/rosout']"
1681490371.2442074,61887,1681490371,243900060,,2,/imu_driver,Current time 1681490371 242617130,driver.py,driver,56,"['/imu', '/rosout']"
1681490371.26912,61888,1681490371,268879413,,2,/imu_driver,Current time 1681490371 267752885,driver.py,driver,56,"['/imu', '/rosout']"
1681490371.293756,61889,1681490371,293568849,,2,/imu_driver,Current time 1681490371 292603492,driver.py,driver,56,"['/imu', '/rosout']"
1681490371.3193874,61890,1681490371,318591833,,2,/imu_driver,Current time 1681490371 317408323,driver.py,driver,56,"['/imu', '/rosout']"
1681490371.3446076,61891,1681490371,343859434,,2,/imu_driver,Current time 1681490371 342566490,driver.py,driver,56,"['/imu', '/rosout']"
1681490371.3695996,61892,1681490371,368527412,,2,/imu_driver,Current time 1681490371 367524862,driver.py,driver,56,"['/imu', '/rosout']"
1681490371.393786,61893,1681490371,393476724,,2,/imu_driver,Current time 1681490371 392448663,driver.py,driver,56,"['/imu', '/rosout']"
1681490371.419284,61894,1681490371,418547868,,2,/imu_driver,Current time 1681490371 417625188,driver.py,driver,56,"['/imu', '/rosout']"
1681490371.4438944,61895,1681490371,443507909,,2,/imu_driver,Current time 1681490371 442530632,driver.py,driver,56,"['/imu', '/rosout']"
1681490371.4689386,61896,1681490371,468504428,,2,/imu_driver,Current time 1681490371 467376708,driver.py,driver,56,"['/imu', '/rosout']"
1681490371.4938812,61897,1681490371,493638992,,2,/imu_driver,Current time 1681490371 492261886,driver.py,driver,56,"['/imu', '/rosout']"
1681490371.5194945,61898,1681490371,519301891,,2,/imu_driver,Current time 1681490371 517471790,driver.py,driver,56,"['/imu', '/rosout']"
1681490371.5435088,61899,1681490371,543360471,,2,/imu_driver,Current time 1681490371 542392730,driver.py,driver,56,"['/imu', '/rosout']"
1681490371.5688844,61900,1681490371,568647623,,2,/imu_driver,Current time 1681490371 567314624,driver.py,driver,56,"['/imu', '/rosout']"
1681490371.5940797,61901,1681490371,593787670,,2,/imu_driver,Current time 1681490371 592286109,driver.py,driver,56,"['/imu', '/rosout']"
1681490371.6197052,61902,1681490371,619470357,,2,/imu_driver,Current time 1681490371 618163824,driver.py,driver,56,"['/imu', '/rosout']"
1681490371.644311,61903,1681490371,644117832,,2,/imu_driver,Current time 1681490371 642198324,driver.py,driver,56,"['/imu', '/rosout']"
1681490371.6686983,61904,1681490371,668481826,,2,/imu_driver,Current time 1681490371 667312383,driver.py,driver,56,"['/imu', '/rosout']"
1681490371.6934526,61905,1681490371,693250417,,2,/imu_driver,Current time 1681490371 692149162,driver.py,driver,56,"['/imu', '/rosout']"
1681490371.718518,61906,1681490371,718330860,,2,/imu_driver,Current time 1681490371 717324972,driver.py,driver,56,"['/imu', '/rosout']"
1681490371.7442112,61907,1681490371,743958234,,2,/imu_driver,Current time 1681490371 742266178,driver.py,driver,56,"['/imu', '/rosout']"
1681490371.7694743,61908,1681490371,768675327,,2,/imu_driver,Current time 1681490371 767634391,driver.py,driver,56,"['/imu', '/rosout']"
1681490371.793606,61909,1681490371,793311595,,2,/imu_driver,Current time 1681490371 792257070,driver.py,driver,56,"['/imu', '/rosout']"
1681490371.820406,61910,1681490371,819212436,,2,/imu_driver,Current time 1681490371 817402601,driver.py,driver,56,"['/imu', '/rosout']"
1681490371.8449326,61911,1681490371,844620466,,2,/imu_driver,Current time 1681490371 842797517,driver.py,driver,56,"['/imu', '/rosout']"
1681490371.8686318,61912,1681490371,868375778,,2,/imu_driver,Current time 1681490371 867158174,driver.py,driver,56,"['/imu', '/rosout']"
1681490371.8948092,61913,1681490371,894526004,,2,/imu_driver,Current time 1681490371 892236709,driver.py,driver,56,"['/imu', '/rosout']"
1681490371.9190786,61914,1681490371,918761014,,2,/imu_driver,Current time 1681490371 917433261,driver.py,driver,56,"['/imu', '/rosout']"
1681490371.943451,61915,1681490371,943186998,,2,/imu_driver,Current time 1681490371 942096948,driver.py,driver,56,"['/imu', '/rosout']"
1681490371.9684956,61916,1681490371,968324899,,2,/imu_driver,Current time 1681490371 967066287,driver.py,driver,56,"['/imu', '/rosout']"
1681490371.997783,61917,1681490371,996063470,,2,/imu_driver,Current time 1681490371 992284059,driver.py,driver,56,"['/imu', '/rosout']"
1681490372.0193899,61918,1681490372,18138408,,2,/imu_driver,Current time 1681490372 16990661,driver.py,driver,56,"['/imu', '/rosout']"
1681490372.0434499,61919,1681490372,42953968,,2,/imu_driver,Current time 1681490372 41888236,driver.py,driver,56,"['/imu', '/rosout']"
1681490372.0687613,61920,1681490372,68289041,,2,/imu_driver,Current time 1681490372 67015886,driver.py,driver,56,"['/imu', '/rosout']"
1681490372.0959907,61921,1681490372,95380306,,2,/imu_driver,Current time 1681490372 92206001,driver.py,driver,56,"['/imu', '/rosout']"
1681490372.1189005,61922,1681490372,118024587,,2,/imu_driver,Current time 1681490372 116908550,driver.py,driver,56,"['/imu', '/rosout']"
1681490372.143759,61923,1681490372,142987012,,2,/imu_driver,Current time 1681490372 141966819,driver.py,driver,56,"['/imu', '/rosout']"
1681490372.1683884,61924,1681490372,168153047,,2,/imu_driver,Current time 1681490372 166864156,driver.py,driver,56,"['/imu', '/rosout']"
1681490372.1933165,61925,1681490372,193107604,,2,/imu_driver,Current time 1681490372 192029476,driver.py,driver,56,"['/imu', '/rosout']"
1681490372.2192307,61926,1681490372,218944549,,2,/imu_driver,Current time 1681490372 217757940,driver.py,driver,56,"['/imu', '/rosout']"
1681490372.243496,61927,1681490372,243252277,,2,/imu_driver,Current time 1681490372 241750717,driver.py,driver,56,"['/imu', '/rosout']"
1681490372.2692108,61928,1681490372,268982887,,2,/imu_driver,Current time 1681490372 267877101,driver.py,driver,56,"['/imu', '/rosout']"
1681490372.2930233,61929,1681490372,292737007,,2,/imu_driver,Current time 1681490372 291650772,driver.py,driver,56,"['/imu', '/rosout']"
1681490372.3190527,61930,1681490372,318755149,,2,/imu_driver,Current time 1681490372 317807435,driver.py,driver,56,"['/imu', '/rosout']"
1681490372.3443544,61931,1681490372,344054937,,2,/imu_driver,Current time 1681490372 342784881,driver.py,driver,56,"['/imu', '/rosout']"
1681490372.3694272,61932,1681490372,369112491,,2,/imu_driver,Current time 1681490372 367954969,driver.py,driver,56,"['/imu', '/rosout']"
1681490372.3939419,61933,1681490372,393712282,,2,/imu_driver,Current time 1681490372 392681121,driver.py,driver,56,"['/imu', '/rosout']"
1681490372.419024,61934,1681490372,418792247,,2,/imu_driver,Current time 1681490372 417780160,driver.py,driver,56,"['/imu', '/rosout']"
1681490372.4440935,61935,1681490372,443752288,,2,/imu_driver,Current time 1681490372 442759513,driver.py,driver,56,"['/imu', '/rosout']"
1681490372.46922,61936,1681490372,468961238,,2,/imu_driver,Current time 1681490372 467678308,driver.py,driver,56,"['/imu', '/rosout']"
1681490372.4945638,61937,1681490372,493993520,,2,/imu_driver,Current time 1681490372 492663383,driver.py,driver,56,"['/imu', '/rosout']"
1681490372.5193436,61938,1681490372,518932342,,2,/imu_driver,Current time 1681490372 517574310,driver.py,driver,56,"['/imu', '/rosout']"
1681490372.5447857,61939,1681490372,543761968,,2,/imu_driver,Current time 1681490372 542682886,driver.py,driver,56,"['/imu', '/rosout']"
1681490372.568973,61940,1681490372,568704843,,2,/imu_driver,Current time 1681490372 567567348,driver.py,driver,56,"['/imu', '/rosout']"
1681490372.596721,61941,1681490372,595923900,,2,/imu_driver,Current time 1681490372 594505548,driver.py,driver,56,"['/imu', '/rosout']"
1681490372.6188965,61942,1681490372,618599891,,2,/imu_driver,Current time 1681490372 617563724,driver.py,driver,56,"['/imu', '/rosout']"
1681490372.6451607,61943,1681490372,644288063,,2,/imu_driver,Current time 1681490372 642560958,driver.py,driver,56,"['/imu', '/rosout']"
1681490372.668636,61944,1681490372,668442964,,2,/imu_driver,Current time 1681490372 667491912,driver.py,driver,56,"['/imu', '/rosout']"
1681490372.6935706,61945,1681490372,693361520,,2,/imu_driver,Current time 1681490372 692392110,driver.py,driver,56,"['/imu', '/rosout']"
1681490372.7189972,61946,1681490372,718741416,,2,/imu_driver,Current time 1681490372 717761278,driver.py,driver,56,"['/imu', '/rosout']"
1681490372.7440262,61947,1681490372,743723154,,2,/imu_driver,Current time 1681490372 742486476,driver.py,driver,56,"['/imu', '/rosout']"
1681490372.768621,61948,1681490372,768438100,,2,/imu_driver,Current time 1681490372 767553329,driver.py,driver,56,"['/imu', '/rosout']"
1681490372.7937067,61949,1681490372,793465137,,2,/imu_driver,Current time 1681490372 792548179,driver.py,driver,56,"['/imu', '/rosout']"
1681490372.818618,61950,1681490372,818449735,,2,/imu_driver,Current time 1681490372 817499637,driver.py,driver,56,"['/imu', '/rosout']"
1681490372.8446214,61951,1681490372,844271898,,2,/imu_driver,Current time 1681490372 843027830,driver.py,driver,56,"['/imu', '/rosout']"
1681490372.8685822,61952,1681490372,868370294,,2,/imu_driver,Current time 1681490372 867342710,driver.py,driver,56,"['/imu', '/rosout']"
1681490372.8936782,61953,1681490372,893460988,,2,/imu_driver,Current time 1681490372 892454385,driver.py,driver,56,"['/imu', '/rosout']"
1681490372.918696,61954,1681490372,918421745,,2,/imu_driver,Current time 1681490372 917363882,driver.py,driver,56,"['/imu', '/rosout']"
1681490372.9435515,61955,1681490372,943347930,,2,/imu_driver,Current time 1681490372 942280054,driver.py,driver,56,"['/imu', '/rosout']"
1681490372.9687722,61956,1681490372,968484640,,2,/imu_driver,Current time 1681490372 967309474,driver.py,driver,56,"['/imu', '/rosout']"
1681490372.9935622,61957,1681490372,993336677,,2,/imu_driver,Current time 1681490372 992297410,driver.py,driver,56,"['/imu', '/rosout']"
1681490373.0205965,61958,1681490373,19755601,,2,/imu_driver,Current time 1681490373 18370389,driver.py,driver,56,"['/imu', '/rosout']"
1681490373.0439482,61959,1681490373,43268918,,2,/imu_driver,Current time 1681490373 42103767,driver.py,driver,56,"['/imu', '/rosout']"
1681490373.068795,61960,1681490373,68271160,,2,/imu_driver,Current time 1681490373 67121267,driver.py,driver,56,"['/imu', '/rosout']"
1681490373.0943377,61961,1681490373,93776702,,2,/imu_driver,Current time 1681490373 92333078,driver.py,driver,56,"['/imu', '/rosout']"
1681490373.119309,61962,1681490373,118679285,,2,/imu_driver,Current time 1681490373 117356061,driver.py,driver,56,"['/imu', '/rosout']"
1681490373.143483,61963,1681490373,143184185,,2,/imu_driver,Current time 1681490373 142140150,driver.py,driver,56,"['/imu', '/rosout']"
1681490373.1688743,61964,1681490373,168298244,,2,/imu_driver,Current time 1681490373 167260169,driver.py,driver,56,"['/imu', '/rosout']"
1681490373.1939127,61965,1681490373,193539381,,2,/imu_driver,Current time 1681490373 192036390,driver.py,driver,56,"['/imu', '/rosout']"
1681490373.2185276,61966,1681490373,218284130,,2,/imu_driver,Current time 1681490373 217270851,driver.py,driver,56,"['/imu', '/rosout']"
1681490373.244456,61967,1681490373,243786096,,2,/imu_driver,Current time 1681490373 242140054,driver.py,driver,56,"['/imu', '/rosout']"
1681490373.268482,61968,1681490373,267990350,,2,/imu_driver,Current time 1681490373 267054319,driver.py,driver,56,"['/imu', '/rosout']"
1681490373.2984095,61969,1681490373,296496629,,2,/imu_driver,Current time 1681490373 292611837,driver.py,driver,56,"['/imu', '/rosout']"
1681490373.3186,61970,1681490373,318134784,,2,/imu_driver,Current time 1681490373 317093133,driver.py,driver,56,"['/imu', '/rosout']"
1681490373.343852,61971,1681490373,343521833,,2,/imu_driver,Current time 1681490373 341970443,driver.py,driver,56,"['/imu', '/rosout']"
1681490373.3686101,61972,1681490373,368044614,,2,/imu_driver,Current time 1681490373 366958618,driver.py,driver,56,"['/imu', '/rosout']"
1681490373.393349,61973,1681490373,392834186,,2,/imu_driver,Current time 1681490373 391870498,driver.py,driver,56,"['/imu', '/rosout']"
1681490373.4194112,61974,1681490373,418878793,,2,/imu_driver,Current time 1681490373 417924165,driver.py,driver,56,"['/imu', '/rosout']"
1681490373.4444,61975,1681490373,443732500,,2,/imu_driver,Current time 1681490373 442233800,driver.py,driver,56,"['/imu', '/rosout']"
1681490373.469626,61976,1681490373,468903541,,2,/imu_driver,Current time 1681490373 467690467,driver.py,driver,56,"['/imu', '/rosout']"
1681490373.4938142,61977,1681490373,493078947,,2,/imu_driver,Current time 1681490373 491863489,driver.py,driver,56,"['/imu', '/rosout']"
1681490373.5182307,61978,1681490373,517781734,,2,/imu_driver,Current time 1681490373 516755819,driver.py,driver,56,"['/imu', '/rosout']"
1681490373.5444758,61979,1681490373,543752193,,2,/imu_driver,Current time 1681490373 542681694,driver.py,driver,56,"['/imu', '/rosout']"
1681490373.569307,61980,1681490373,568993806,,2,/imu_driver,Current time 1681490373 567852497,driver.py,driver,56,"['/imu', '/rosout']"
1681490373.5934618,61981,1681490373,593218564,,2,/imu_driver,Current time 1681490373 591819047,driver.py,driver,56,"['/imu', '/rosout']"
1681490373.6192286,61982,1681490373,618908405,,2,/imu_driver,Current time 1681490373 617843627,driver.py,driver,56,"['/imu', '/rosout']"
1681490373.6443815,61983,1681490373,643950939,,2,/imu_driver,Current time 1681490373 642877340,driver.py,driver,56,"['/imu', '/rosout']"
1681490373.6695006,61984,1681490373,668931007,,2,/imu_driver,Current time 1681490373 667768001,driver.py,driver,56,"['/imu', '/rosout']"
1681490373.6942515,61985,1681490373,693793535,,2,/imu_driver,Current time 1681490373 692672014,driver.py,driver,56,"['/imu', '/rosout']"
1681490373.719602,61986,1681490373,718943834,,2,/imu_driver,Current time 1681490373 717613935,driver.py,driver,56,"['/imu', '/rosout']"
1681490373.7452703,61987,1681490373,744282007,,2,/imu_driver,Current time 1681490373 742777824,driver.py,driver,56,"['/imu', '/rosout']"
1681490373.770397,61988,1681490373,768738746,,2,/imu_driver,Current time 1681490373 767717599,driver.py,driver,56,"['/imu', '/rosout']"
1681490373.7946694,61989,1681490373,794139146,,2,/imu_driver,Current time 1681490373 792896747,driver.py,driver,56,"['/imu', '/rosout']"
1681490373.8193848,61990,1681490373,818887472,,2,/imu_driver,Current time 1681490373 817748546,driver.py,driver,56,"['/imu', '/rosout']"
1681490373.8451133,61991,1681490373,844067096,,2,/imu_driver,Current time 1681490373 842733860,driver.py,driver,56,"['/imu', '/rosout']"
1681490373.869201,61992,1681490373,868819952,,2,/imu_driver,Current time 1681490373 867681741,driver.py,driver,56,"['/imu', '/rosout']"
1681490373.8950608,61993,1681490373,894592523,,2,/imu_driver,Current time 1681490373 892642974,driver.py,driver,56,"['/imu', '/rosout']"
1681490373.9189627,61994,1681490373,918373107,,2,/imu_driver,Current time 1681490373 917371034,driver.py,driver,56,"['/imu', '/rosout']"
1681490373.9443989,61995,1681490373,943584442,,2,/imu_driver,Current time 1681490373 942544937,driver.py,driver,56,"['/imu', '/rosout']"
1681490373.9693577,61996,1681490373,968653202,,2,/imu_driver,Current time 1681490373 967518806,driver.py,driver,56,"['/imu', '/rosout']"
1681490373.9952493,61997,1681490373,994986295,,2,/imu_driver,Current time 1681490373 993744850,driver.py,driver,56,"['/imu', '/rosout']"
1681490374.019159,61998,1681490374,18542766,,2,/imu_driver,Current time 1681490374 17559528,driver.py,driver,56,"['/imu', '/rosout']"
1681490374.0436754,61999,1681490374,43292999,,2,/imu_driver,Current time 1681490374 42315006,driver.py,driver,56,"['/imu', '/rosout']"
1681490374.0689657,62000,1681490374,68428277,,2,/imu_driver,Current time 1681490374 67255735,driver.py,driver,56,"['/imu', '/rosout']"
1681490374.098436,62001,1681490374,93795776,,2,/imu_driver,Current time 1681490374 92321634,driver.py,driver,56,"['/imu', '/rosout']"
1681490374.119608,62002,1681490374,118932247,,2,/imu_driver,Current time 1681490374 117631435,driver.py,driver,56,"['/imu', '/rosout']"
1681490374.1452706,62003,1681490374,144605636,,2,/imu_driver,Current time 1681490374 142893791,driver.py,driver,56,"['/imu', '/rosout']"
1681490374.1694365,62004,1681490374,168650388,,2,/imu_driver,Current time 1681490374 167310237,driver.py,driver,56,"['/imu', '/rosout']"
1681490374.1938238,62005,1681490374,193576097,,2,/imu_driver,Current time 1681490374 192380428,driver.py,driver,56,"['/imu', '/rosout']"
1681490374.2192922,62006,1681490374,218635082,,2,/imu_driver,Current time 1681490374 217313289,driver.py,driver,56,"['/imu', '/rosout']"
1681490374.2448475,62007,1681490374,243843078,,2,/imu_driver,Current time 1681490374 242357015,driver.py,driver,56,"['/imu', '/rosout']"
1681490374.2691894,62008,1681490374,268516063,,2,/imu_driver,Current time 1681490374 267339468,driver.py,driver,56,"['/imu', '/rosout']"
1681490374.293634,62009,1681490374,293172836,,2,/imu_driver,Current time 1681490374 292280435,driver.py,driver,56,"['/imu', '/rosout']"
1681490374.3188415,62010,1681490374,318428516,,2,/imu_driver,Current time 1681490374 317277669,driver.py,driver,56,"['/imu', '/rosout']"
1681490374.346499,62011,1681490374,346258401,,2,/imu_driver,Current time 1681490374 342193841,driver.py,driver,56,"['/imu', '/rosout']"
1681490374.3683798,62012,1681490374,368219852,,2,/imu_driver,Current time 1681490374 367180585,driver.py,driver,56,"['/imu', '/rosout']"
1681490374.4088478,62013,1681490374,393394947,,2,/imu_driver,Current time 1681490374 392253875,driver.py,driver,56,"['/imu', '/rosout']"
1681490374.4187632,62014,1681490374,418520689,,2,/imu_driver,Current time 1681490374 417174816,driver.py,driver,56,"['/imu', '/rosout']"
1681490374.4435694,62015,1681490374,443393707,,2,/imu_driver,Current time 1681490374 442272663,driver.py,driver,56,"['/imu', '/rosout']"
1681490374.4684129,62016,1681490374,468235254,,2,/imu_driver,Current time 1681490374 467079162,driver.py,driver,56,"['/imu', '/rosout']"
1681490374.494591,62017,1681490374,493807792,,2,/imu_driver,Current time 1681490374 492339849,driver.py,driver,56,"['/imu', '/rosout']"
1681490374.5188694,62018,1681490374,518166303,,2,/imu_driver,Current time 1681490374 517047882,driver.py,driver,56,"['/imu', '/rosout']"
1681490374.558183,62019,1681490374,556807756,,2,/imu_driver,Current time 1681490374 555505037,driver.py,driver,56,"['/imu', '/rosout']"
1681490374.569053,62020,1681490374,568295240,,2,/imu_driver,Current time 1681490374 567021369,driver.py,driver,56,"['/imu', '/rosout']"
1681490374.5941377,62021,1681490374,593513965,,2,/imu_driver,Current time 1681490374 592035531,driver.py,driver,56,"['/imu', '/rosout']"
1681490374.618417,62022,1681490374,618216753,,2,/imu_driver,Current time 1681490374 617186546,driver.py,driver,56,"['/imu', '/rosout']"
1681490374.6445596,62023,1681490374,643093109,,2,/imu_driver,Current time 1681490374 641951084,driver.py,driver,56,"['/imu', '/rosout']"
1681490374.6691096,62024,1681490374,668275594,,2,/imu_driver,Current time 1681490374 667051315,driver.py,driver,56,"['/imu', '/rosout']"
1681490374.6943002,62025,1681490374,693181276,,2,/imu_driver,Current time 1681490374 691966533,driver.py,driver,56,"['/imu', '/rosout']"
1681490374.718601,62026,1681490374,718358039,,2,/imu_driver,Current time 1681490374 716993331,driver.py,driver,56,"['/imu', '/rosout']"
1681490374.7442243,62027,1681490374,743602991,,2,/imu_driver,Current time 1681490374 742190122,driver.py,driver,56,"['/imu', '/rosout']"
1681490374.7694287,62028,1681490374,768364906,,2,/imu_driver,Current time 1681490374 767072439,driver.py,driver,56,"['/imu', '/rosout']"
1681490374.7935157,62029,1681490374,793039560,,2,/imu_driver,Current time 1681490374 791965484,driver.py,driver,56,"['/imu', '/rosout']"
1681490374.8193452,62030,1681490374,819072961,,2,/imu_driver,Current time 1681490374 817898750,driver.py,driver,56,"['/imu', '/rosout']"
1681490374.8459296,62031,1681490374,845615863,,2,/imu_driver,Current time 1681490374 842174768,driver.py,driver,56,"['/imu', '/rosout']"
1681490374.8692257,62032,1681490374,868927717,,2,/imu_driver,Current time 1681490374 867458820,driver.py,driver,56,"['/imu', '/rosout']"
1681490374.8941767,62033,1681490374,893950223,,2,/imu_driver,Current time 1681490374 892773389,driver.py,driver,56,"['/imu', '/rosout']"
1681490374.9192429,62034,1681490374,918732643,,2,/imu_driver,Current time 1681490374 917835474,driver.py,driver,56,"['/imu', '/rosout']"
1681490374.9441776,62035,1681490374,943753480,,2,/imu_driver,Current time 1681490374 942752838,driver.py,driver,56,"['/imu', '/rosout']"
1681490374.9694638,62036,1681490374,968925714,,2,/imu_driver,Current time 1681490374 967802524,driver.py,driver,56,"['/imu', '/rosout']"
1681490374.9953558,62037,1681490374,993979454,,2,/imu_driver,Current time 1681490374 992660760,driver.py,driver,56,"['/imu', '/rosout']"
1681490375.0194578,62038,1681490375,18827199,,2,/imu_driver,Current time 1681490375 17619132,driver.py,driver,56,"['/imu', '/rosout']"
1681490375.0442355,62039,1681490375,43614625,,2,/imu_driver,Current time 1681490375 42650699,driver.py,driver,56,"['/imu', '/rosout']"
1681490375.0695124,62040,1681490375,68952083,,2,/imu_driver,Current time 1681490375 67634105,driver.py,driver,56,"['/imu', '/rosout']"
1681490375.094824,62041,1681490375,94062566,,2,/imu_driver,Current time 1681490375 92608928,driver.py,driver,56,"['/imu', '/rosout']"
1681490375.1207316,62042,1681490375,119996070,,2,/imu_driver,Current time 1681490375 118624925,driver.py,driver,56,"['/imu', '/rosout']"
1681490375.1454258,62043,1681490375,144687414,,2,/imu_driver,Current time 1681490375 142783641,driver.py,driver,56,"['/imu', '/rosout']"
1681490375.1695747,62044,1681490375,168870210,,2,/imu_driver,Current time 1681490375 167564392,driver.py,driver,56,"['/imu', '/rosout']"
1681490375.194199,62045,1681490375,193665981,,2,/imu_driver,Current time 1681490375 192630052,driver.py,driver,56,"['/imu', '/rosout']"
1681490375.2192886,62046,1681490375,218760490,,2,/imu_driver,Current time 1681490375 217658519,driver.py,driver,56,"['/imu', '/rosout']"
1681490375.2442472,62047,1681490375,243726491,,2,/imu_driver,Current time 1681490375 242503166,driver.py,driver,56,"['/imu', '/rosout']"
1681490375.2697873,62048,1681490375,268872261,,2,/imu_driver,Current time 1681490375 267480611,driver.py,driver,56,"['/imu', '/rosout']"
1681490375.2943435,62049,1681490375,293622732,,2,/imu_driver,Current time 1681490375 292516946,driver.py,driver,56,"['/imu', '/rosout']"
1681490375.3194919,62050,1681490375,318893671,,2,/imu_driver,Current time 1681490375 317466259,driver.py,driver,56,"['/imu', '/rosout']"
1681490375.3462992,62051,1681490375,346018552,,2,/imu_driver,Current time 1681490375 343157291,driver.py,driver,56,"['/imu', '/rosout']"
1681490375.3693726,62052,1681490375,368811845,,2,/imu_driver,Current time 1681490375 367614030,driver.py,driver,56,"['/imu', '/rosout']"
1681490375.394464,62053,1681490375,393880605,,2,/imu_driver,Current time 1681490375 392534017,driver.py,driver,56,"['/imu', '/rosout']"
1681490375.4188046,62054,1681490375,418149948,,2,/imu_driver,Current time 1681490375 417328596,driver.py,driver,56,"['/imu', '/rosout']"
1681490375.443923,62055,1681490375,443398237,,2,/imu_driver,Current time 1681490375 442400455,driver.py,driver,56,"['/imu', '/rosout']"
1681490375.4690893,62056,1681490375,468595504,,2,/imu_driver,Current time 1681490375 467498540,driver.py,driver,56,"['/imu', '/rosout']"
1681490375.4946482,62057,1681490375,493787765,,2,/imu_driver,Current time 1681490375 492373943,driver.py,driver,56,"['/imu', '/rosout']"
1681490375.5188458,62058,1681490375,518274307,,2,/imu_driver,Current time 1681490375 517369031,driver.py,driver,56,"['/imu', '/rosout']"
1681490375.5442755,62059,1681490375,543282747,,2,/imu_driver,Current time 1681490375 542350053,driver.py,driver,56,"['/imu', '/rosout']"
1681490375.569068,62060,1681490375,568358898,,2,/imu_driver,Current time 1681490375 567320108,driver.py,driver,56,"['/imu', '/rosout']"
1681490375.5946057,62061,1681490375,593740463,,2,/imu_driver,Current time 1681490375 592307806,driver.py,driver,56,"['/imu', '/rosout']"
1681490375.6185198,62062,1681490375,618333339,,2,/imu_driver,Current time 1681490375 617318868,driver.py,driver,56,"['/imu', '/rosout']"
1681490375.6435409,62063,1681490375,643303871,,2,/imu_driver,Current time 1681490375 642314434,driver.py,driver,56,"['/imu', '/rosout']"
1681490375.6685832,62064,1681490375,668369054,,2,/imu_driver,Current time 1681490375 667215108,driver.py,driver,56,"['/imu', '/rosout']"
1681490375.6995435,62065,1681490375,698952913,,2,/imu_driver,Current time 1681490375 697675466,driver.py,driver,56,"['/imu', '/rosout']"
1681490375.7185645,62066,1681490375,718136310,,2,/imu_driver,Current time 1681490375 717170953,driver.py,driver,56,"['/imu', '/rosout']"
1681490375.7440236,62067,1681490375,743384838,,2,/imu_driver,Current time 1681490375 742251873,driver.py,driver,56,"['/imu', '/rosout']"
1681490375.768632,62068,1681490375,768386840,,2,/imu_driver,Current time 1681490375 767145633,driver.py,driver,56,"['/imu', '/rosout']"
1681490375.7934787,62069,1681490375,793240070,,2,/imu_driver,Current time 1681490375 792217016,driver.py,driver,56,"['/imu', '/rosout']"
1681490375.8189912,62070,1681490375,818741321,,2,/imu_driver,Current time 1681490375 817483425,driver.py,driver,56,"['/imu', '/rosout']"
1681490375.8472297,62071,1681490375,843465805,,2,/imu_driver,Current time 1681490375 842028379,driver.py,driver,56,"['/imu', '/rosout']"
1681490375.8689036,62072,1681490375,868087530,,2,/imu_driver,Current time 1681490375 867081642,driver.py,driver,56,"['/imu', '/rosout']"
1681490375.8939674,62073,1681490375,893291234,,2,/imu_driver,Current time 1681490375 892030477,driver.py,driver,56,"['/imu', '/rosout']"
1681490375.9188168,62074,1681490375,918242216,,2,/imu_driver,Current time 1681490375 917185068,driver.py,driver,56,"['/imu', '/rosout']"
1681490375.9438996,62075,1681490375,943177461,,2,/imu_driver,Current time 1681490375 941977739,driver.py,driver,56,"['/imu', '/rosout']"
1681490375.9685347,62076,1681490375,967898368,,2,/imu_driver,Current time 1681490375 966908216,driver.py,driver,56,"['/imu', '/rosout']"
1681490375.9970987,62077,1681490375,993417024,,2,/imu_driver,Current time 1681490375 991947174,driver.py,driver,56,"['/imu', '/rosout']"
1681490376.0197296,62078,1681490376,19210100,,2,/imu_driver,Current time 1681490376 17982482,driver.py,driver,56,"['/imu', '/rosout']"
1681490376.044217,62079,1681490376,43160438,,2,/imu_driver,Current time 1681490376 42075634,driver.py,driver,56,"['/imu', '/rosout']"
1681490376.0696802,62080,1681490376,69111347,,2,/imu_driver,Current time 1681490376 67864418,driver.py,driver,56,"['/imu', '/rosout']"
1681490376.0959795,62081,1681490376,93258857,,2,/imu_driver,Current time 1681490376 91851711,driver.py,driver,56,"['/imu', '/rosout']"
1681490376.1208189,62082,1681490376,120230436,,2,/imu_driver,Current time 1681490376 118000030,driver.py,driver,56,"['/imu', '/rosout']"
1681490376.1446278,62083,1681490376,144237041,,2,/imu_driver,Current time 1681490376 142834424,driver.py,driver,56,"['/imu', '/rosout']"
1681490376.1692126,62084,1681490376,169027090,,2,/imu_driver,Current time 1681490376 167840480,driver.py,driver,56,"['/imu', '/rosout']"
1681490376.1930206,62085,1681490376,192825555,,2,/imu_driver,Current time 1681490376 191792011,driver.py,driver,56,"['/imu', '/rosout']"
1681490376.219095,62086,1681490376,218876361,,2,/imu_driver,Current time 1681490376 217857837,driver.py,driver,56,"['/imu', '/rosout']"
1681490376.2443385,62087,1681490376,244086980,,2,/imu_driver,Current time 1681490376 242827892,driver.py,driver,56,"['/imu', '/rosout']"
1681490376.269714,62088,1681490376,269440174,,2,/imu_driver,Current time 1681490376 268088579,driver.py,driver,56,"['/imu', '/rosout']"
1681490376.2941194,62089,1681490376,293879508,,2,/imu_driver,Current time 1681490376 292859315,driver.py,driver,56,"['/imu', '/rosout']"
1681490376.3188934,62090,1681490376,318645000,,2,/imu_driver,Current time 1681490376 317669153,driver.py,driver,56,"['/imu', '/rosout']"
1681490376.34608,62091,1681490376,345427989,,2,/imu_driver,Current time 1681490376 344131946,driver.py,driver,56,"['/imu', '/rosout']"
1681490376.369529,62092,1681490376,368786334,,2,/imu_driver,Current time 1681490376 367734670,driver.py,driver,56,"['/imu', '/rosout']"
1681490376.3944116,62093,1681490376,393904924,,2,/imu_driver,Current time 1681490376 392752647,driver.py,driver,56,"['/imu', '/rosout']"
1681490376.420167,62094,1681490376,418976068,,2,/imu_driver,Current time 1681490376 417974710,driver.py,driver,56,"['/imu', '/rosout']"
1681490376.4450705,62095,1681490376,444076538,,2,/imu_driver,Current time 1681490376 442708253,driver.py,driver,56,"['/imu', '/rosout']"
1681490376.4697726,62096,1681490376,468794822,,2,/imu_driver,Current time 1681490376 467544794,driver.py,driver,56,"['/imu', '/rosout']"
1681490376.4954886,62097,1681490376,494337081,,2,/imu_driver,Current time 1681490376 492786884,driver.py,driver,56,"['/imu', '/rosout']"
1681490376.520224,62098,1681490376,519846439,,2,/imu_driver,Current time 1681490376 517551898,driver.py,driver,56,"['/imu', '/rosout']"
1681490376.5438147,62099,1681490376,543681383,,2,/imu_driver,Current time 1681490376 542635917,driver.py,driver,56,"['/imu', '/rosout']"
1681490376.5692248,62100,1681490376,568743705,,2,/imu_driver,Current time 1681490376 567548274,driver.py,driver,56,"['/imu', '/rosout']"
1681490376.5951848,62101,1681490376,594364404,,2,/imu_driver,Current time 1681490376 592941761,driver.py,driver,56,"['/imu', '/rosout']"
1681490376.61925,62102,1681490376,618612527,,2,/imu_driver,Current time 1681490376 617634773,driver.py,driver,56,"['/imu', '/rosout']"
1681490376.6441514,62103,1681490376,643617868,,2,/imu_driver,Current time 1681490376 642410755,driver.py,driver,56,"['/imu', '/rosout']"
1681490376.6689816,62104,1681490376,668415546,,2,/imu_driver,Current time 1681490376 667441368,driver.py,driver,56,"['/imu', '/rosout']"
1681490376.694143,62105,1681490376,693489551,,2,/imu_driver,Current time 1681490376 692543268,driver.py,driver,56,"['/imu', '/rosout']"
1681490376.718958,62106,1681490376,718382596,,2,/imu_driver,Current time 1681490376 717414855,driver.py,driver,56,"['/imu', '/rosout']"
1681490376.7441921,62107,1681490376,743760824,,2,/imu_driver,Current time 1681490376 742473363,driver.py,driver,56,"['/imu', '/rosout']"
1681490376.7688086,62108,1681490376,768607854,,2,/imu_driver,Current time 1681490376 767283916,driver.py,driver,56,"['/imu', '/rosout']"
1681490376.7936134,62109,1681490376,793365478,,2,/imu_driver,Current time 1681490376 792390584,driver.py,driver,56,"['/imu', '/rosout']"
1681490376.8186116,62110,1681490376,818449497,,2,/imu_driver,Current time 1681490376 817338705,driver.py,driver,56,"['/imu', '/rosout']"
1681490376.844314,62111,1681490376,844084978,,2,/imu_driver,Current time 1681490376 842494487,driver.py,driver,56,"['/imu', '/rosout']"
1681490376.868973,62112,1681490376,868589162,,2,/imu_driver,Current time 1681490376 867254018,driver.py,driver,56,"['/imu', '/rosout']"
1681490376.8951519,62113,1681490376,894901990,,2,/imu_driver,Current time 1681490376 892376899,driver.py,driver,56,"['/imu', '/rosout']"
1681490376.9185867,62114,1681490376,918459415,,2,/imu_driver,Current time 1681490376 917352676,driver.py,driver,56,"['/imu', '/rosout']"
1681490376.9433992,62115,1681490376,943222522,,2,/imu_driver,Current time 1681490376 942222833,driver.py,driver,56,"['/imu', '/rosout']"
1681490376.9689746,62116,1681490376,968295335,,2,/imu_driver,Current time 1681490376 967262268,driver.py,driver,56,"['/imu', '/rosout']"
1681490376.997612,62117,1681490376,997028589,,2,/imu_driver,Current time 1681490376 992172002,driver.py,driver,56,"['/imu', '/rosout']"
1681490377.0190845,62118,1681490377,18535137,,2,/imu_driver,Current time 1681490377 17181396,driver.py,driver,56,"['/imu', '/rosout']"
1681490377.0433166,62119,1681490377,43097019,,2,/imu_driver,Current time 1681490377 42139291,driver.py,driver,56,"['/imu', '/rosout']"
1681490377.0686083,62120,1681490377,68281412,,2,/imu_driver,Current time 1681490377 67224979,driver.py,driver,56,"['/imu', '/rosout']"
1681490377.094678,62121,1681490377,93731641,,2,/imu_driver,Current time 1681490377 92207431,driver.py,driver,56,"['/imu', '/rosout']"
1681490377.1190476,62122,1681490377,118388175,,2,/imu_driver,Current time 1681490377 117071866,driver.py,driver,56,"['/imu', '/rosout']"
1681490377.145795,62123,1681490377,144702911,,2,/imu_driver,Current time 1681490377 142149686,driver.py,driver,56,"['/imu', '/rosout']"
1681490377.169053,62124,1681490377,168198823,,2,/imu_driver,Current time 1681490377 167035102,driver.py,driver,56,"['/imu', '/rosout']"
1681490377.1939077,62125,1681490377,193306446,,2,/imu_driver,Current time 1681490377 192178249,driver.py,driver,56,"['/imu', '/rosout']"
1681490377.2194982,62126,1681490377,218973875,,2,/imu_driver,Current time 1681490377 217985630,driver.py,driver,56,"['/imu', '/rosout']"
1681490377.2442033,62127,1681490377,243580341,,2,/imu_driver,Current time 1681490377 241904497,driver.py,driver,56,"['/imu', '/rosout']"
1681490377.26884,62128,1681490377,268233299,,2,/imu_driver,Current time 1681490377 266994953,driver.py,driver,56,"['/imu', '/rosout']"
1681490377.293889,62129,1681490377,293093681,,2,/imu_driver,Current time 1681490377 292058229,driver.py,driver,56,"['/imu', '/rosout']"
1681490377.3189142,62130,1681490377,318413019,,2,/imu_driver,Current time 1681490377 317044019,driver.py,driver,56,"['/imu', '/rosout']"
1681490377.3439846,62131,1681490377,343136072,,2,/imu_driver,Current time 1681490377 341939687,driver.py,driver,56,"['/imu', '/rosout']"
1681490377.3695712,62132,1681490377,368993997,,2,/imu_driver,Current time 1681490377 367809772,driver.py,driver,56,"['/imu', '/rosout']"
1681490377.3946571,62133,1681490377,394245862,,2,/imu_driver,Current time 1681490377 392885208,driver.py,driver,56,"['/imu', '/rosout']"
1681490377.4194086,62134,1681490377,418865203,,2,/imu_driver,Current time 1681490377 417917966,driver.py,driver,56,"['/imu', '/rosout']"
1681490377.4431956,62135,1681490377,442983627,,2,/imu_driver,Current time 1681490377 441972732,driver.py,driver,56,"['/imu', '/rosout']"
1681490377.4693227,62136,1681490377,469103574,,2,/imu_driver,Current time 1681490377 467826128,driver.py,driver,56,"['/imu', '/rosout']"
1681490377.4993563,62137,1681490377,499100923,,2,/imu_driver,Current time 1681490377 497905492,driver.py,driver,56,"['/imu', '/rosout']"
1681490377.5195043,62138,1681490377,519181728,,2,/imu_driver,Current time 1681490377 518001317,driver.py,driver,56,"['/imu', '/rosout']"
1681490377.5444567,62139,1681490377,543758869,,2,/imu_driver,Current time 1681490377 542637348,driver.py,driver,56,"['/imu', '/rosout']"
1681490377.5696154,62140,1681490377,568956851,,2,/imu_driver,Current time 1681490377 567724466,driver.py,driver,56,"['/imu', '/rosout']"
1681490377.5950127,62141,1681490377,594096183,,2,/imu_driver,Current time 1681490377 592866897,driver.py,driver,56,"['/imu', '/rosout']"
1681490377.619099,62142,1681490377,618802785,,2,/imu_driver,Current time 1681490377 617675781,driver.py,driver,56,"['/imu', '/rosout']"
1681490377.6454256,62143,1681490377,644769906,,2,/imu_driver,Current time 1681490377 642900943,driver.py,driver,56,"['/imu', '/rosout']"
1681490377.6694167,62144,1681490377,669087171,,2,/imu_driver,Current time 1681490377 667816638,driver.py,driver,56,"['/imu', '/rosout']"
1681490377.6939697,62145,1681490377,693698406,,2,/imu_driver,Current time 1681490377 692657947,driver.py,driver,56,"['/imu', '/rosout']"
1681490377.719388,62146,1681490377,718820333,,2,/imu_driver,Current time 1681490377 717681169,driver.py,driver,56,"['/imu', '/rosout']"
1681490377.7450795,62147,1681490377,743960618,,2,/imu_driver,Current time 1681490377 742569923,driver.py,driver,56,"['/imu', '/rosout']"
1681490377.769371,62148,1681490377,768758773,,2,/imu_driver,Current time 1681490377 767621517,driver.py,driver,56,"['/imu', '/rosout']"
1681490377.7942514,62149,1681490377,793648719,,2,/imu_driver,Current time 1681490377 792528390,driver.py,driver,56,"['/imu', '/rosout']"
1681490377.8193972,62150,1681490377,818622827,,2,/imu_driver,Current time 1681490377 817615985,driver.py,driver,56,"['/imu', '/rosout']"
1681490377.8439853,62151,1681490377,843481063,,2,/imu_driver,Current time 1681490377 842480897,driver.py,driver,56,"['/imu', '/rosout']"
1681490377.8692381,62152,1681490377,868579626,,2,/imu_driver,Current time 1681490377 867424011,driver.py,driver,56,"['/imu', '/rosout']"
1681490377.894722,62153,1681490377,893947601,,2,/imu_driver,Current time 1681490377 892495393,driver.py,driver,56,"['/imu', '/rosout']"
1681490377.919566,62154,1681490377,918881893,,2,/imu_driver,Current time 1681490377 917518615,driver.py,driver,56,"['/imu', '/rosout']"
1681490377.943638,62155,1681490377,943450689,,2,/imu_driver,Current time 1681490377 942546606,driver.py,driver,56,"['/imu', '/rosout']"
1681490377.9687433,62156,1681490377,968483924,,2,/imu_driver,Current time 1681490377 967473506,driver.py,driver,56,"['/imu', '/rosout']"
1681490377.99362,62157,1681490377,993377685,,2,/imu_driver,Current time 1681490377 992464542,driver.py,driver,56,"['/imu', '/rosout']"
1681490378.0193746,62158,1681490378,18579483,,2,/imu_driver,Current time 1681490378 17544269,driver.py,driver,56,"['/imu', '/rosout']"
1681490378.0443215,62159,1681490378,43437480,,2,/imu_driver,Current time 1681490378 42326927,driver.py,driver,56,"['/imu', '/rosout']"
1681490378.0688782,62160,1681490378,68304300,,2,/imu_driver,Current time 1681490378 67306041,driver.py,driver,56,"['/imu', '/rosout']"
1681490378.0934868,62161,1681490378,93279123,,2,/imu_driver,Current time 1681490378 92249393,driver.py,driver,56,"['/imu', '/rosout']"
1681490378.1191156,62162,1681490378,118340015,,2,/imu_driver,Current time 1681490378 117248296,driver.py,driver,56,"['/imu', '/rosout']"
1681490378.1447651,62163,1681490378,143816709,,2,/imu_driver,Current time 1681490378 142428398,driver.py,driver,56,"['/imu', '/rosout']"
1681490378.1687737,62164,1681490378,168319463,,2,/imu_driver,Current time 1681490378 167287349,driver.py,driver,56,"['/imu', '/rosout']"
1681490378.1936648,62165,1681490378,193205356,,2,/imu_driver,Current time 1681490378 192229747,driver.py,driver,56,"['/imu', '/rosout']"
1681490378.2190573,62166,1681490378,218311786,,2,/imu_driver,Current time 1681490378 217188358,driver.py,driver,56,"['/imu', '/rosout']"
1681490378.2435126,62167,1681490378,243094682,,2,/imu_driver,Current time 1681490378 242100715,driver.py,driver,56,"['/imu', '/rosout']"
1681490378.2687538,62168,1681490378,268223524,,2,/imu_driver,Current time 1681490378 267009496,driver.py,driver,56,"['/imu', '/rosout']"
1681490378.2940896,62169,1681490378,293399095,,2,/imu_driver,Current time 1681490378 292129755,driver.py,driver,56,"['/imu', '/rosout']"
1681490378.31849,62170,1681490378,318166494,,2,/imu_driver,Current time 1681490378 317125797,driver.py,driver,56,"['/imu', '/rosout']"
1681490378.3433702,62171,1681490378,343155384,,2,/imu_driver,Current time 1681490378 342181444,driver.py,driver,56,"['/imu', '/rosout']"
1681490378.3690305,62172,1681490378,368185043,,2,/imu_driver,Current time 1681490378 367079496,driver.py,driver,56,"['/imu', '/rosout']"
1681490378.3955154,62173,1681490378,395309209,,2,/imu_driver,Current time 1681490378 392552137,driver.py,driver,56,"['/imu', '/rosout']"
1681490378.4123735,11,1681490378,412325029,,4,/record_1681490238361869733,Less than 5 x 1G of space free on disk with '2023-04-14-12-37-18.bag.active'.,/tmp/binarydeb/ros-noetic-rosbag-1.15.15/src/recorder.cpp,Recorder::checkDisk,771,['/rosout']
1681490378.418442,62174,1681490378,418241977,,2,/imu_driver,Current time 1681490378 417146921,driver.py,driver,56,"['/imu', '/rosout']"
1681490378.443429,62175,1681490378,443222522,,2,/imu_driver,Current time 1681490378 442150831,driver.py,driver,56,"['/imu', '/rosout']"
1681490378.4685032,62176,1681490378,468308210,,2,/imu_driver,Current time 1681490378 467170000,driver.py,driver,56,"['/imu', '/rosout']"
1681490378.494309,62177,1681490378,493712186,,2,/imu_driver,Current time 1681490378 492268085,driver.py,driver,56,"['/imu', '/rosout']"
1681490378.5188227,62178,1681490378,518530130,,2,/imu_driver,Current time 1681490378 517343282,driver.py,driver,56,"['/imu', '/rosout']"
1681490378.545167,62179,1681490378,544630289,,2,/imu_driver,Current time 1681490378 543317556,driver.py,driver,56,"['/imu', '/rosout']"
1681490378.5695827,62180,1681490378,569078683,,2,/imu_driver,Current time 1681490378 567958593,driver.py,driver,56,"['/imu', '/rosout']"
1681490378.5933387,62181,1681490378,593058586,,2,/imu_driver,Current time 1681490378 591919422,driver.py,driver,56,"['/imu', '/rosout']"
1681490378.6195066,62182,1681490378,619197130,,2,/imu_driver,Current time 1681490378 618016481,driver.py,driver,56,"['/imu', '/rosout']"
1681490378.6435664,62183,1681490378,643089294,,2,/imu_driver,Current time 1681490378 641906023,driver.py,driver,56,"['/imu', '/rosout']"
1681490378.6699765,62184,1681490378,669382810,,2,/imu_driver,Current time 1681490378 667784452,driver.py,driver,56,"['/imu', '/rosout']"
1681490378.694538,62185,1681490378,694001197,,2,/imu_driver,Current time 1681490378 692978858,driver.py,driver,56,"['/imu', '/rosout']"
1681490378.7206824,62186,1681490378,719941139,,2,/imu_driver,Current time 1681490378 718345403,driver.py,driver,56,"['/imu', '/rosout']"
1681490378.745771,62187,1681490378,744776964,,2,/imu_driver,Current time 1681490378 742916822,driver.py,driver,56,"['/imu', '/rosout']"
1681490378.769615,62188,1681490378,769241571,,2,/imu_driver,Current time 1681490378 767934799,driver.py,driver,56,"['/imu', '/rosout']"
1681490378.796945,62189,1681490378,796035289,,2,/imu_driver,Current time 1681490378 793051481,driver.py,driver,56,"['/imu', '/rosout']"
1681490378.8208566,62190,1681490378,819077730,,2,/imu_driver,Current time 1681490378 817858934,driver.py,driver,56,"['/imu', '/rosout']"
1681490378.84495,62191,1681490378,843940973,,2,/imu_driver,Current time 1681490378 842906713,driver.py,driver,56,"['/imu', '/rosout']"
1681490378.8696816,62192,1681490378,869259834,,2,/imu_driver,Current time 1681490378 867831468,driver.py,driver,56,"['/imu', '/rosout']"
1681490378.894565,62193,1681490378,894008636,,2,/imu_driver,Current time 1681490378 892682075,driver.py,driver,56,"['/imu', '/rosout']"
1681490378.9191842,62194,1681490378,918874740,,2,/imu_driver,Current time 1681490378 917656898,driver.py,driver,56,"['/imu', '/rosout']"
1681490378.9438784,62195,1681490378,943559646,,2,/imu_driver,Current time 1681490378 942523241,driver.py,driver,56,"['/imu', '/rosout']"
1681490378.9694977,62196,1681490378,968861579,,2,/imu_driver,Current time 1681490378 967550277,driver.py,driver,56,"['/imu', '/rosout']"
1681490378.9942265,62197,1681490378,994017839,,2,/imu_driver,Current time 1681490378 992660045,driver.py,driver,56,"['/imu', '/rosout']"
1681490379.0195677,62198,1681490379,18746376,,2,/imu_driver,Current time 1681490379 17530679,driver.py,driver,56,"['/imu', '/rosout']"
1681490379.0448937,62199,1681490379,43710947,,2,/imu_driver,Current time 1681490379 42518377,driver.py,driver,56,"['/imu', '/rosout']"
1681490379.0693972,62200,1681490379,68739175,,2,/imu_driver,Current time 1681490379 67732334,driver.py,driver,56,"['/imu', '/rosout']"
1681490379.0939324,62201,1681490379,93466043,,2,/imu_driver,Current time 1681490379 92463731,driver.py,driver,56,"['/imu', '/rosout']"
1681490379.119122,62202,1681490379,118546247,,2,/imu_driver,Current time 1681490379 117481946,driver.py,driver,56,"['/imu', '/rosout']"
1681490379.1458952,62203,1681490379,145322322,,2,/imu_driver,Current time 1681490379 143690824,driver.py,driver,56,"['/imu', '/rosout']"
1681490379.1691585,62204,1681490379,168615341,,2,/imu_driver,Current time 1681490379 167366981,driver.py,driver,56,"['/imu', '/rosout']"
1681490379.1936498,62205,1681490379,193423986,,2,/imu_driver,Current time 1681490379 192423343,driver.py,driver,56,"['/imu', '/rosout']"
1681490379.2189767,62206,1681490379,218449592,,2,/imu_driver,Current time 1681490379 217326402,driver.py,driver,56,"['/imu', '/rosout']"
1681490379.246881,62207,1681490379,246268987,,2,/imu_driver,Current time 1681490379 242476463,driver.py,driver,56,"['/imu', '/rosout']"
1681490379.2697592,62208,1681490379,269258737,,2,/imu_driver,Current time 1681490379 268070936,driver.py,driver,56,"['/imu', '/rosout']"
1681490379.2941918,62209,1681490379,293921470,,2,/imu_driver,Current time 1681490379 292339086,driver.py,driver,56,"['/imu', '/rosout']"
1681490379.3187518,62210,1681490379,318506479,,2,/imu_driver,Current time 1681490379 317263364,driver.py,driver,56,"['/imu', '/rosout']"
1681490379.3435614,62211,1681490379,343311786,,2,/imu_driver,Current time 1681490379 342289209,driver.py,driver,56,"['/imu', '/rosout']"
1681490379.3685663,62212,1681490379,368353366,,2,/imu_driver,Current time 1681490379 367201805,driver.py,driver,56,"['/imu', '/rosout']"
1681490379.3956587,62213,1681490379,394127845,,2,/imu_driver,Current time 1681490379 392555236,driver.py,driver,56,"['/imu', '/rosout']"
1681490379.418828,62214,1681490379,418356180,,2,/imu_driver,Current time 1681490379 417278766,driver.py,driver,56,"['/imu', '/rosout']"
1681490379.443848,62215,1681490379,443185567,,2,/imu_driver,Current time 1681490379 442250013,driver.py,driver,56,"['/imu', '/rosout']"
1681490379.4692848,62216,1681490379,468676567,,2,/imu_driver,Current time 1681490379 467472076,driver.py,driver,56,"['/imu', '/rosout']"
1681490379.4939153,62217,1681490379,493184089,,2,/imu_driver,Current time 1681490379 492203712,driver.py,driver,56,"['/imu', '/rosout']"
1681490379.518815,62218,1681490379,518334388,,2,/imu_driver,Current time 1681490379 517228364,driver.py,driver,56,"['/imu', '/rosout']"
1681490379.5438535,62219,1681490379,543597936,,2,/imu_driver,Current time 1681490379 542189359,driver.py,driver,56,"['/imu', '/rosout']"
1681490379.5687125,62220,1681490379,568247079,,2,/imu_driver,Current time 1681490379 567238330,driver.py,driver,56,"['/imu', '/rosout']"
1681490379.5936983,62221,1681490379,593263626,,2,/imu_driver,Current time 1681490379 592263936,driver.py,driver,56,"['/imu', '/rosout']"
1681490379.6191165,62222,1681490379,618509292,,2,/imu_driver,Current time 1681490379 617246389,driver.py,driver,56,"['/imu', '/rosout']"
1681490379.6436982,62223,1681490379,643449068,,2,/imu_driver,Current time 1681490379 642084598,driver.py,driver,56,"['/imu', '/rosout']"
1681490379.6686985,62224,1681490379,668140649,,2,/imu_driver,Current time 1681490379 667083978,driver.py,driver,56,"['/imu', '/rosout']"
1681490379.6942146,62225,1681490379,693226575,,2,/imu_driver,Current time 1681490379 692043066,driver.py,driver,56,"['/imu', '/rosout']"
1681490379.7187412,62226,1681490379,718140602,,2,/imu_driver,Current time 1681490379 717175006,driver.py,driver,56,"['/imu', '/rosout']"
1681490379.7434216,62227,1681490379,743155241,,2,/imu_driver,Current time 1681490379 742118597,driver.py,driver,56,"['/imu', '/rosout']"
1681490379.774123,62228,1681490379,771809577,,2,/imu_driver,Current time 1681490379 767792463,driver.py,driver,56,"['/imu', '/rosout']"
1681490379.7990623,62229,1681490379,796799182,,2,/imu_driver,Current time 1681490379 792761564,driver.py,driver,56,"['/imu', '/rosout']"
1681490379.8198888,62230,1681490379,819150447,,2,/imu_driver,Current time 1681490379 817979097,driver.py,driver,56,"['/imu', '/rosout']"
1681490379.8435392,62231,1681490379,842810153,,2,/imu_driver,Current time 1681490379 841875314,driver.py,driver,56,"['/imu', '/rosout']"
1681490379.870295,62232,1681490379,869570732,,2,/imu_driver,Current time 1681490379 868401288,driver.py,driver,56,"['/imu', '/rosout']"
1681490379.8942661,62233,1681490379,893286943,,2,/imu_driver,Current time 1681490379 891888380,driver.py,driver,56,"['/imu', '/rosout']"
1681490379.9197938,62234,1681490379,919415712,,2,/imu_driver,Current time 1681490379 918104887,driver.py,driver,56,"['/imu', '/rosout']"
1681490379.9487286,62235,1681490379,944555044,,2,/imu_driver,Current time 1681490379 942880630,driver.py,driver,56,"['/imu', '/rosout']"
1681490379.9693737,62236,1681490379,969063758,,2,/imu_driver,Current time 1681490379 967895030,driver.py,driver,56,"['/imu', '/rosout']"
1681490379.9941986,62237,1681490379,993616819,,2,/imu_driver,Current time 1681490379 992677927,driver.py,driver,56,"['/imu', '/rosout']"
1681490380.0194666,62238,1681490380,18884420,,2,/imu_driver,Current time 1681490380 17813920,driver.py,driver,56,"['/imu', '/rosout']"
1681490380.0446608,62239,1681490380,44044494,,2,/imu_driver,Current time 1681490380 42718648,driver.py,driver,56,"['/imu', '/rosout']"
1681490380.0696056,62240,1681490380,68935632,,2,/imu_driver,Current time 1681490380 67807197,driver.py,driver,56,"['/imu', '/rosout']"
1681490380.0955532,62241,1681490380,93910455,,2,/imu_driver,Current time 1681490380 92781305,driver.py,driver,56,"['/imu', '/rosout']"
1681490380.1198025,62242,1681490380,118894815,,2,/imu_driver,Current time 1681490380 117631673,driver.py,driver,56,"['/imu', '/rosout']"
1681490380.1451607,62243,1681490380,144206523,,2,/imu_driver,Current time 1681490380 142649412,driver.py,driver,56,"['/imu', '/rosout']"
1681490380.1696768,62244,1681490380,168892383,,2,/imu_driver,Current time 1681490380 167686462,driver.py,driver,56,"['/imu', '/rosout']"
1681490380.1940038,62245,1681490380,193742275,,2,/imu_driver,Current time 1681490380 192607641,driver.py,driver,56,"['/imu', '/rosout']"
1681490380.2190146,62246,1681490380,218539237,,2,/imu_driver,Current time 1681490380 217534542,driver.py,driver,56,"['/imu', '/rosout']"
1681490380.244002,62247,1681490380,243710517,,2,/imu_driver,Current time 1681490380 242518424,driver.py,driver,56,"['/imu', '/rosout']"
1681490380.2690244,62248,1681490380,268814086,,2,/imu_driver,Current time 1681490380 267625570,driver.py,driver,56,"['/imu', '/rosout']"
1681490380.29521,62249,1681490380,294902324,,2,/imu_driver,Current time 1681490380 293243646,driver.py,driver,56,"['/imu', '/rosout']"
1681490380.3189795,62250,1681490380,318557739,,2,/imu_driver,Current time 1681490380 317550897,driver.py,driver,56,"['/imu', '/rosout']"
1681490380.3448472,62251,1681490380,343523502,,2,/imu_driver,Current time 1681490380 342519760,driver.py,driver,56,"['/imu', '/rosout']"
1681490380.3690586,62252,1681490380,368719577,,2,/imu_driver,Current time 1681490380 367505311,driver.py,driver,56,"['/imu', '/rosout']"
1681490380.3940523,62253,1681490380,393544435,,2,/imu_driver,Current time 1681490380 392517089,driver.py,driver,56,"['/imu', '/rosout']"
1681490380.4191027,62254,1681490380,418715953,,2,/imu_driver,Current time 1681490380 417408227,driver.py,driver,56,"['/imu', '/rosout']"
1681490380.444713,62255,1681490380,443793773,,2,/imu_driver,Current time 1681490380 442401885,driver.py,driver,56,"['/imu', '/rosout']"
1681490380.4694145,62256,1681490380,468810558,,2,/imu_driver,Current time 1681490380 467638731,driver.py,driver,56,"['/imu', '/rosout']"
1681490380.4941647,62257,1681490380,493524789,,2,/imu_driver,Current time 1681490380 492421150,driver.py,driver,56,"['/imu', '/rosout']"
1681490380.5187144,62258,1681490380,518208980,,2,/imu_driver,Current time 1681490380 517264366,driver.py,driver,56,"['/imu', '/rosout']"
1681490380.5454128,62259,1681490380,544524908,,2,/imu_driver,Current time 1681490380 542885541,driver.py,driver,56,"['/imu', '/rosout']"
1681490380.5693283,62260,1681490380,568555116,,2,/imu_driver,Current time 1681490380 567414999,driver.py,driver,56,"['/imu', '/rosout']"
1681490380.5942743,62261,1681490380,593577384,,2,/imu_driver,Current time 1681490380 592495203,driver.py,driver,56,"['/imu', '/rosout']"
1681490380.6189132,62262,1681490380,618349075,,2,/imu_driver,Current time 1681490380 617253780,driver.py,driver,56,"['/imu', '/rosout']"
1681490380.643992,62263,1681490380,643406867,,2,/imu_driver,Current time 1681490380 642439842,driver.py,driver,56,"['/imu', '/rosout']"
1681490380.668877,62264,1681490380,668538093,,2,/imu_driver,Current time 1681490380 667259216,driver.py,driver,56,"['/imu', '/rosout']"
1681490380.6946733,62265,1681490380,693786621,,2,/imu_driver,Current time 1681490380 692293643,driver.py,driver,56,"['/imu', '/rosout']"
1681490380.7189364,62266,1681490380,718379974,,2,/imu_driver,Current time 1681490380 717359066,driver.py,driver,56,"['/imu', '/rosout']"
1681490380.7438495,62267,1681490380,743231773,,2,/imu_driver,Current time 1681490380 742280244,driver.py,driver,56,"['/imu', '/rosout']"
1681490380.7690861,62268,1681490380,768344640,,2,/imu_driver,Current time 1681490380 767305612,driver.py,driver,56,"['/imu', '/rosout']"
1681490380.7944636,62269,1681490380,794105529,,2,/imu_driver,Current time 1681490380 792577028,driver.py,driver,56,"['/imu', '/rosout']"
1681490380.8210151,62270,1681490380,820551156,,2,/imu_driver,Current time 1681490380 818727254,driver.py,driver,56,"['/imu', '/rosout']"
1681490380.8441968,62271,1681490380,843763113,,2,/imu_driver,Current time 1681490380 842523574,driver.py,driver,56,"['/imu', '/rosout']"
1681490380.8691113,62272,1681490380,868350744,,2,/imu_driver,Current time 1681490380 867238283,driver.py,driver,56,"['/imu', '/rosout']"
1681490380.8935015,62273,1681490380,893142461,,2,/imu_driver,Current time 1681490380 892131328,driver.py,driver,56,"['/imu', '/rosout']"
1681490380.9190562,62274,1681490380,918303966,,2,/imu_driver,Current time 1681490380 917138338,driver.py,driver,56,"['/imu', '/rosout']"
1681490380.9472404,62275,1681490380,946539163,,2,/imu_driver,Current time 1681490380 945214271,driver.py,driver,56,"['/imu', '/rosout']"
1681490380.9691772,62276,1681490380,968402862,,2,/imu_driver,Current time 1681490380 967095375,driver.py,driver,56,"['/imu', '/rosout']"
1681490380.9937336,62277,1681490380,993184328,,2,/imu_driver,Current time 1681490380 992099761,driver.py,driver,56,"['/imu', '/rosout']"
1681490381.019094,62278,1681490381,18357276,,2,/imu_driver,Current time 1681490381 17166614,driver.py,driver,56,"['/imu', '/rosout']"
1681490381.0447419,62279,1681490381,44049978,,2,/imu_driver,Current time 1681490381 42426586,driver.py,driver,56,"['/imu', '/rosout']"
1681490381.0693576,62280,1681490381,68996906,,2,/imu_driver,Current time 1681490381 67536830,driver.py,driver,56,"['/imu', '/rosout']"
1681490381.0947254,62281,1681490381,93796253,,2,/imu_driver,Current time 1681490381 92208385,driver.py,driver,56,"['/imu', '/rosout']"
1681490381.1188095,62282,1681490381,118136405,,2,/imu_driver,Current time 1681490381 117037534,driver.py,driver,56,"['/imu', '/rosout']"
1681490381.144434,62283,1681490381,144034862,,2,/imu_driver,Current time 1681490381 142965793,driver.py,driver,56,"['/imu', '/rosout']"
1681490381.1700726,62284,1681490381,169333934,,2,/imu_driver,Current time 1681490381 167922019,driver.py,driver,56,"['/imu', '/rosout']"
1681490381.194905,62285,1681490381,193868637,,2,/imu_driver,Current time 1681490381 192386865,driver.py,driver,56,"['/imu', '/rosout']"
1681490381.219475,62286,1681490381,218933820,,2,/imu_driver,Current time 1681490381 217873573,driver.py,driver,56,"['/imu', '/rosout']"
1681490381.2450402,62287,1681490381,244430541,,2,/imu_driver,Current time 1681490381 243208408,driver.py,driver,56,"['/imu', '/rosout']"
1681490381.2691567,62288,1681490381,268876075,,2,/imu_driver,Current time 1681490381 267801046,driver.py,driver,56,"['/imu', '/rosout']"
1681490381.2946053,62289,1681490381,294094562,,2,/imu_driver,Current time 1681490381 292786359,driver.py,driver,56,"['/imu', '/rosout']"
1681490381.3207374,62290,1681490381,320102691,,2,/imu_driver,Current time 1681490381 318777561,driver.py,driver,56,"['/imu', '/rosout']"
1681490381.3459308,62291,1681490381,345203399,,2,/imu_driver,Current time 1681490381 342796564,driver.py,driver,56,"['/imu', '/rosout']"
1681490381.369244,62292,1681490381,368705034,,2,/imu_driver,Current time 1681490381 367752552,driver.py,driver,56,"['/imu', '/rosout']"
1681490381.3943386,62293,1681490381,393881082,,2,/imu_driver,Current time 1681490381 392898321,driver.py,driver,56,"['/imu', '/rosout']"
1681490381.4194674,62294,1681490381,418910741,,2,/imu_driver,Current time 1681490381 417836427,driver.py,driver,56,"['/imu', '/rosout']"
1681490381.444997,62295,1681490381,444509029,,2,/imu_driver,Current time 1681490381 442664146,driver.py,driver,56,"['/imu', '/rosout']"
1681490381.4691978,62296,1681490381,468814849,,2,/imu_driver,Current time 1681490381 467618465,driver.py,driver,56,"['/imu', '/rosout']"
1681490381.493876,62297,1681490381,493551015,,2,/imu_driver,Current time 1681490381 492542266,driver.py,driver,56,"['/imu', '/rosout']"
1681490381.5191107,62298,1681490381,518750190,,2,/imu_driver,Current time 1681490381 517751216,driver.py,driver,56,"['/imu', '/rosout']"
1681490381.544626,62299,1681490381,544329166,,2,/imu_driver,Current time 1681490381 542938470,driver.py,driver,56,"['/imu', '/rosout']"
1681490381.5690393,62300,1681490381,568773746,,2,/imu_driver,Current time 1681490381 567660093,driver.py,driver,56,"['/imu', '/rosout']"
1681490381.5939736,62301,1681490381,593787908,,2,/imu_driver,Current time 1681490381 592637538,driver.py,driver,56,"['/imu', '/rosout']"
1681490381.618922,62302,1681490381,618716001,,2,/imu_driver,Current time 1681490381 617707967,driver.py,driver,56,"['/imu', '/rosout']"
1681490381.6439006,62303,1681490381,643597364,,2,/imu_driver,Current time 1681490381 642601251,driver.py,driver,56,"['/imu', '/rosout']"
1681490381.6689098,62304,1681490381,668503046,,2,/imu_driver,Current time 1681490381 667421579,driver.py,driver,56,"['/imu', '/rosout']"
1681490381.6948674,62305,1681490381,694646358,,2,/imu_driver,Current time 1681490381 693455219,driver.py,driver,56,"['/imu', '/rosout']"
1681490381.7187793,62306,1681490381,718589544,,2,/imu_driver,Current time 1681490381 717522144,driver.py,driver,56,"['/imu', '/rosout']"
1681490381.743688,62307,1681490381,743448495,,2,/imu_driver,Current time 1681490381 742436408,driver.py,driver,56,"['/imu', '/rosout']"
1681490381.7686477,62308,1681490381,768432855,,2,/imu_driver,Current time 1681490381 767468452,driver.py,driver,56,"['/imu', '/rosout']"
1681490381.794708,62309,1681490381,793934106,,2,/imu_driver,Current time 1681490381 792345046,driver.py,driver,56,"['/imu', '/rosout']"
1681490381.819264,62310,1681490381,818454504,,2,/imu_driver,Current time 1681490381 817374706,driver.py,driver,56,"['/imu', '/rosout']"
1681490381.8445039,62311,1681490381,843732118,,2,/imu_driver,Current time 1681490381 842297315,driver.py,driver,56,"['/imu', '/rosout']"
1681490381.8699324,62312,1681490381,868371725,,2,/imu_driver,Current time 1681490381 867332696,driver.py,driver,56,"['/imu', '/rosout']"
1681490381.8939617,62313,1681490381,893462419,,2,/imu_driver,Current time 1681490381 892411231,driver.py,driver,56,"['/imu', '/rosout']"
1681490381.9189942,62314,1681490381,918366670,,2,/imu_driver,Current time 1681490381 917202711,driver.py,driver,56,"['/imu', '/rosout']"
1681490381.9442143,62315,1681490381,943466186,,2,/imu_driver,Current time 1681490381 942307472,driver.py,driver,56,"['/imu', '/rosout']"
1681490381.969199,62316,1681490381,968600988,,2,/imu_driver,Current time 1681490381 967326641,driver.py,driver,56,"['/imu', '/rosout']"
1681490381.9941776,62317,1681490381,993586778,,2,/imu_driver,Current time 1681490381 992430925,driver.py,driver,56,"['/imu', '/rosout']"
1681490382.0195324,62318,1681490382,18907308,,2,/imu_driver,Current time 1681490382 17535686,driver.py,driver,56,"['/imu', '/rosout']"
1681490382.0445743,62319,1681490382,43644189,,2,/imu_driver,Current time 1681490382 42229413,driver.py,driver,56,"['/imu', '/rosout']"
1681490382.0686631,62320,1681490382,68392753,,2,/imu_driver,Current time 1681490382 67153930,driver.py,driver,56,"['/imu', '/rosout']"
1681490382.0938025,62321,1681490382,93524932,,2,/imu_driver,Current time 1681490382 92172384,driver.py,driver,56,"['/imu', '/rosout']"
1681490382.1205,62322,1681490382,120054721,,2,/imu_driver,Current time 1681490382 117261171,driver.py,driver,56,"['/imu', '/rosout']"
1681490382.1439528,62323,1681490382,143322229,,2,/imu_driver,Current time 1681490382 142255306,driver.py,driver,56,"['/imu', '/rosout']"
1681490382.1688488,62324,1681490382,168156623,,2,/imu_driver,Current time 1681490382 167040348,driver.py,driver,56,"['/imu', '/rosout']"
1681490382.1949487,62325,1681490382,194627523,,2,/imu_driver,Current time 1681490382 192933797,driver.py,driver,56,"['/imu', '/rosout']"
1681490382.2195196,62326,1681490382,218856096,,2,/imu_driver,Current time 1681490382 217489004,driver.py,driver,56,"['/imu', '/rosout']"
1681490382.2437754,62327,1681490382,243236303,,2,/imu_driver,Current time 1681490382 241994380,driver.py,driver,56,"['/imu', '/rosout']"
1681490382.2689476,62328,1681490382,268360614,,2,/imu_driver,Current time 1681490382 267076253,driver.py,driver,56,"['/imu', '/rosout']"
1681490382.2939649,62329,1681490382,293711423,,2,/imu_driver,Current time 1681490382 292223930,driver.py,driver,56,"['/imu', '/rosout']"
1681490382.3186517,62330,1681490382,318339586,,2,/imu_driver,Current time 1681490382 317022562,driver.py,driver,56,"['/imu', '/rosout']"
1681490382.346424,62331,1681490382,345788002,,2,/imu_driver,Current time 1681490382 342995882,driver.py,driver,56,"['/imu', '/rosout']"
1681490382.3699806,62332,1681490382,369163751,,2,/imu_driver,Current time 1681490382 368138790,driver.py,driver,56,"['/imu', '/rosout']"
1681490382.3945465,62333,1681490382,394236564,,2,/imu_driver,Current time 1681490382 393049240,driver.py,driver,56,"['/imu', '/rosout']"
1681490382.419501,62334,1681490382,418993949,,2,/imu_driver,Current time 1681490382 417915821,driver.py,driver,56,"['/imu', '/rosout']"
1681490382.448546,62335,1681490382,447971343,,2,/imu_driver,Current time 1681490382 446666955,driver.py,driver,56,"['/imu', '/rosout']"
1681490382.4699843,62336,1681490382,468992471,,2,/imu_driver,Current time 1681490382 467862367,driver.py,driver,56,"['/imu', '/rosout']"
1681490382.4944224,62337,1681490382,493967294,,2,/imu_driver,Current time 1681490382 492991924,driver.py,driver,56,"['/imu', '/rosout']"
1681490382.5190475,62338,1681490382,518695354,,2,/imu_driver,Current time 1681490382 517737627,driver.py,driver,56,"['/imu', '/rosout']"
1681490382.544725,62339,1681490382,544035911,,2,/imu_driver,Current time 1681490382 542833328,driver.py,driver,56,"['/imu', '/rosout']"
1681490382.5699382,62340,1681490382,569198608,,2,/imu_driver,Current time 1681490382 567854404,driver.py,driver,56,"['/imu', '/rosout']"
1681490382.5947392,62341,1681490382,594235897,,2,/imu_driver,Current time 1681490382 592864990,driver.py,driver,56,"['/imu', '/rosout']"
1681490382.6193552,62342,1681490382,618939161,,2,/imu_driver,Current time 1681490382 617928504,driver.py,driver,56,"['/imu', '/rosout']"
1681490382.6442354,62343,1681490382,643711805,,2,/imu_driver,Current time 1681490382 642617702,driver.py,driver,56,"['/imu', '/rosout']"
1681490382.6697874,62344,1681490382,669282197,,2,/imu_driver,Current time 1681490382 667862415,driver.py,driver,56,"['/imu', '/rosout']"
1681490382.6952255,62345,1681490382,694928407,,2,/imu_driver,Current time 1681490382 692968845,driver.py,driver,56,"['/imu', '/rosout']"
1681490382.7195132,62346,1681490382,718677759,,2,/imu_driver,Current time 1681490382 717736482,driver.py,driver,56,"['/imu', '/rosout']"
1681490382.7443788,62347,1681490382,743809461,,2,/imu_driver,Current time 1681490382 742774248,driver.py,driver,56,"['/imu', '/rosout']"
1681490382.7692668,62348,1681490382,768810987,,2,/imu_driver,Current time 1681490382 767754077,driver.py,driver,56,"['/imu', '/rosout']"
1681490382.7943585,62349,1681490382,793778419,,2,/imu_driver,Current time 1681490382 792828321,driver.py,driver,56,"['/imu', '/rosout']"
1681490382.8192952,62350,1681490382,818750619,,2,/imu_driver,Current time 1681490382 817640542,driver.py,driver,56,"['/imu', '/rosout']"
1681490382.847039,62351,1681490382,846552610,,2,/imu_driver,Current time 1681490382 845402479,driver.py,driver,56,"['/imu', '/rosout']"
1681490382.8691263,62352,1681490382,868656158,,2,/imu_driver,Current time 1681490382 867647409,driver.py,driver,56,"['/imu', '/rosout']"
1681490382.8939207,62353,1681490382,893624544,,2,/imu_driver,Current time 1681490382 892604827,driver.py,driver,56,"['/imu', '/rosout']"
1681490382.9192624,62354,1681490382,918561458,,2,/imu_driver,Current time 1681490382 917580366,driver.py,driver,56,"['/imu', '/rosout']"
1681490382.9455762,62355,1681490382,945038557,,2,/imu_driver,Current time 1681490382 943468570,driver.py,driver,56,"['/imu', '/rosout']"
1681490382.969255,62356,1681490382,968685626,,2,/imu_driver,Current time 1681490382 967585802,driver.py,driver,56,"['/imu', '/rosout']"
1681490382.9950116,62357,1681490382,994387865,,2,/imu_driver,Current time 1681490382 993078708,driver.py,driver,56,"['/imu', '/rosout']"
1681490383.0193915,62358,1681490383,18915414,,2,/imu_driver,Current time 1681490383 17586946,driver.py,driver,56,"['/imu', '/rosout']"
1681490383.044487,62359,1681490383,43790578,,2,/imu_driver,Current time 1681490383 42719841,driver.py,driver,56,"['/imu', '/rosout']"
1681490383.0695202,62360,1681490383,68964719,,2,/imu_driver,Current time 1681490383 67625284,driver.py,driver,56,"['/imu', '/rosout']"
1681490383.0946374,62361,1681490383,94057798,,2,/imu_driver,Current time 1681490383 92608928,driver.py,driver,56,"['/imu', '/rosout']"
1681490383.120223,62362,1681490383,119441986,,2,/imu_driver,Current time 1681490383 118142127,driver.py,driver,56,"['/imu', '/rosout']"
1681490383.1440637,62363,1681490383,143451213,,2,/imu_driver,Current time 1681490383 142357587,driver.py,driver,56,"['/imu', '/rosout']"
1681490383.1691923,62364,1681490383,168644666,,2,/imu_driver,Current time 1681490383 167368650,driver.py,driver,56,"['/imu', '/rosout']"
1681490383.196826,62365,1681490383,193604469,,2,/imu_driver,Current time 1681490383 192418336,driver.py,driver,56,"['/imu', '/rosout']"
1681490383.2187607,62366,1681490383,218419313,,2,/imu_driver,Current time 1681490383 217371463,driver.py,driver,56,"['/imu', '/rosout']"
1681490383.24353,62367,1681490383,243344306,,2,/imu_driver,Current time 1681490383 242343902,driver.py,driver,56,"['/imu', '/rosout']"
1681490383.2687066,62368,1681490383,268525123,,2,/imu_driver,Current time 1681490383 267282485,driver.py,driver,56,"['/imu', '/rosout']"
1681490383.2935085,62369,1681490383,293306827,,2,/imu_driver,Current time 1681490383 292284250,driver.py,driver,56,"['/imu', '/rosout']"
1681490383.3195288,62370,1681490383,319248914,,2,/imu_driver,Current time 1681490383 317860603,driver.py,driver,56,"['/imu', '/rosout']"
1681490383.344894,62371,1681490383,343582153,,2,/imu_driver,Current time 1681490383 342277050,driver.py,driver,56,"['/imu', '/rosout']"
1681490383.368794,62372,1681490383,368551015,,2,/imu_driver,Current time 1681490383 367337703,driver.py,driver,56,"['/imu', '/rosout']"
1681490383.3936763,62373,1681490383,393486738,,2,/imu_driver,Current time 1681490383 392298221,driver.py,driver,56,"['/imu', '/rosout']"
1681490383.418614,62374,1681490383,418405055,,2,/imu_driver,Current time 1681490383 417347431,driver.py,driver,56,"['/imu', '/rosout']"
1681490383.443895,62375,1681490383,443664073,,2,/imu_driver,Current time 1681490383 442260980,driver.py,driver,56,"['/imu', '/rosout']"
1681490383.4687212,62376,1681490383,468512773,,2,/imu_driver,Current time 1681490383 467249155,driver.py,driver,56,"['/imu', '/rosout']"
1681490383.493455,62377,1681490383,493132114,,2,/imu_driver,Current time 1681490383 492077350,driver.py,driver,56,"['/imu', '/rosout']"
1681490383.5185192,62378,1681490383,518203735,,2,/imu_driver,Current time 1681490383 517065048,driver.py,driver,56,"['/imu', '/rosout']"
1681490383.5431895,62379,1681490383,543004512,,2,/imu_driver,Current time 1681490383 542038679,driver.py,driver,56,"['/imu', '/rosout']"
1681490383.568868,62380,1681490383,568686008,,2,/imu_driver,Current time 1681490383 567396640,driver.py,driver,56,"['/imu', '/rosout']"
1681490383.594753,62381,1681490383,593480110,,2,/imu_driver,Current time 1681490383 591989994,driver.py,driver,56,"['/imu', '/rosout']"
1681490383.6206205,62382,1681490383,619827747,,2,/imu_driver,Current time 1681490383 618309736,driver.py,driver,56,"['/imu', '/rosout']"
1681490383.6437051,62383,1681490383,643231153,,2,/imu_driver,Current time 1681490383 642081737,driver.py,driver,56,"['/imu', '/rosout']"
1681490383.6692514,62384,1681490383,668962001,,2,/imu_driver,Current time 1681490383 667929410,driver.py,driver,56,"['/imu', '/rosout']"
1681490383.6946816,62385,1681490383,694423437,,2,/imu_driver,Current time 1681490383 693108558,driver.py,driver,56,"['/imu', '/rosout']"
1681490383.7192662,62386,1681490383,718989610,,2,/imu_driver,Current time 1681490383 717878341,driver.py,driver,56,"['/imu', '/rosout']"
1681490383.7443514,62387,1681490383,744097948,,2,/imu_driver,Current time 1681490383 742873191,driver.py,driver,56,"['/imu', '/rosout']"
1681490383.7695534,62388,1681490383,769259452,,2,/imu_driver,Current time 1681490383 768059492,driver.py,driver,56,"['/imu', '/rosout']"
1681490383.7942872,62389,1681490383,793782949,,2,/imu_driver,Current time 1681490383 792798995,driver.py,driver,56,"['/imu', '/rosout']"
1681490383.8192546,62390,1681490383,819003343,,2,/imu_driver,Current time 1681490383 817852258,driver.py,driver,56,"['/imu', '/rosout']"
1681490383.8460004,62391,1681490383,845443248,,2,/imu_driver,Current time 1681490383 843777179,driver.py,driver,56,"['/imu', '/rosout']"
1681490383.8698995,62392,1681490383,869148731,,2,/imu_driver,Current time 1681490383 867905378,driver.py,driver,56,"['/imu', '/rosout']"
1681490383.8939607,62393,1681490383,893754005,,2,/imu_driver,Current time 1681490383 892769336,driver.py,driver,56,"['/imu', '/rosout']"
1681490383.9190252,62394,1681490383,918863773,,2,/imu_driver,Current time 1681490383 917897462,driver.py,driver,56,"['/imu', '/rosout']"
1681490383.946072,62395,1681490383,945889711,,2,/imu_driver,Current time 1681490383 944774866,driver.py,driver,56,"['/imu', '/rosout']"
1681490383.969127,62396,1681490383,968932390,,2,/imu_driver,Current time 1681490383 967817306,driver.py,driver,56,"['/imu', '/rosout']"
1681490383.994415,62397,1681490383,993643522,,2,/imu_driver,Current time 1681490383 992651700,driver.py,driver,56,"['/imu', '/rosout']"
1681490384.0192354,62398,1681490384,19022941,,2,/imu_driver,Current time 1681490384 17775058,driver.py,driver,56,"['/imu', '/rosout']"
1681490384.0437756,62399,1681490384,43598175,,2,/imu_driver,Current time 1681490384 42703628,driver.py,driver,56,"['/imu', '/rosout']"
1681490384.0690181,62400,1681490384,68829298,,2,/imu_driver,Current time 1681490384 67734003,driver.py,driver,56,"['/imu', '/rosout']"
1681490384.0941424,62401,1681490384,93967914,,2,/imu_driver,Current time 1681490384 92752456,driver.py,driver,56,"['/imu', '/rosout']"
1681490384.1189113,62402,1681490384,118727207,,2,/imu_driver,Current time 1681490384 117794036,driver.py,driver,56,"['/imu', '/rosout']"
1681490384.1438682,62403,1681490384,143685102,,2,/imu_driver,Current time 1681490384 142668962,driver.py,driver,56,"['/imu', '/rosout']"
1681490384.1692808,62404,1681490384,168739557,,2,/imu_driver,Current time 1681490384 167643070,driver.py,driver,56,"['/imu', '/rosout']"
1681490384.1945007,62405,1681490384,193979978,,2,/imu_driver,Current time 1681490384 192673683,driver.py,driver,56,"['/imu', '/rosout']"
1681490384.219602,62406,1681490384,218791484,,2,/imu_driver,Current time 1681490384 217642068,driver.py,driver,56,"['/imu', '/rosout']"
1681490384.2441928,62407,1681490384,243888378,,2,/imu_driver,Current time 1681490384 242721080,driver.py,driver,56,"['/imu', '/rosout']"
1681490384.2689404,62408,1681490384,268647909,,2,/imu_driver,Current time 1681490384 267668247,driver.py,driver,56,"['/imu', '/rosout']"
1681490384.2938104,62409,1681490384,293513298,,2,/imu_driver,Current time 1681490384 292541027,driver.py,driver,56,"['/imu', '/rosout']"
1681490384.3190346,62410,1681490384,318734884,,2,/imu_driver,Current time 1681490384 317638397,driver.py,driver,56,"['/imu', '/rosout']"
1681490384.3444853,62411,1681490384,343804836,,2,/imu_driver,Current time 1681490384 342566490,driver.py,driver,56,"['/imu', '/rosout']"
1681490384.3697417,62412,1681490384,368935108,,2,/imu_driver,Current time 1681490384 367765665,driver.py,driver,56,"['/imu', '/rosout']"
1681490384.3938704,62413,1681490384,393585443,,2,/imu_driver,Current time 1681490384 392590522,driver.py,driver,56,"['/imu', '/rosout']"
1681490384.4189625,62414,1681490384,418380737,,2,/imu_driver,Current time 1681490384 417466640,driver.py,driver,56,"['/imu', '/rosout']"
1681490384.4451208,62415,1681490384,444362401,,2,/imu_driver,Current time 1681490384 443048954,driver.py,driver,56,"['/imu', '/rosout']"
1681490384.4691706,62416,1681490384,468889713,,2,/imu_driver,Current time 1681490384 467538118,driver.py,driver,56,"['/imu', '/rosout']"
1681490384.4946072,62417,1681490384,493967056,,2,/imu_driver,Current time 1681490384 492630958,driver.py,driver,56,"['/imu', '/rosout']"
1681490384.518939,62418,1681490384,518586635,,2,/imu_driver,Current time 1681490384 517431497,driver.py,driver,56,"['/imu', '/rosout']"
1681490384.5442183,62419,1681490384,543524026,,2,/imu_driver,Current time 1681490384 542464256,driver.py,driver,56,"['/imu', '/rosout']"
1681490384.568866,62420,1681490384,568363428,,2,/imu_driver,Current time 1681490384 567259788,driver.py,driver,56,"['/imu', '/rosout']"
1681490384.5968552,62421,1681490384,593811988,,2,/imu_driver,Current time 1681490384 592363595,driver.py,driver,56,"['/imu', '/rosout']"
1681490384.6190982,62422,1681490384,618376255,,2,/imu_driver,Current time 1681490384 617269277,driver.py,driver,56,"['/imu', '/rosout']"
1681490384.6441736,62423,1681490384,643465280,,2,/imu_driver,Current time 1681490384 642462491,driver.py,driver,56,"['/imu', '/rosout']"
1681490384.6686456,62424,1681490384,668503046,,2,/imu_driver,Current time 1681490384 667451620,driver.py,driver,56,"['/imu', '/rosout']"
1681490384.694062,62425,1681490384,693726062,,2,/imu_driver,Current time 1681490384 692325353,driver.py,driver,56,"['/imu', '/rosout']"
1681490384.7190373,62426,1681490384,718407392,,2,/imu_driver,Current time 1681490384 717317104,driver.py,driver,56,"['/imu', '/rosout']"
1681490384.7440355,62427,1681490384,743354320,,2,/imu_driver,Current time 1681490384 742244958,driver.py,driver,56,"['/imu', '/rosout']"
1681490384.7690096,62428,1681490384,768442630,,2,/imu_driver,Current time 1681490384 767334461,driver.py,driver,56,"['/imu', '/rosout']"
1681490384.7939177,62429,1681490384,793421030,,2,/imu_driver,Current time 1681490384 792392253,driver.py,driver,56,"['/imu', '/rosout']"
1681490384.8187933,62430,1681490384,818523883,,2,/imu_driver,Current time 1681490384 817301511,driver.py,driver,56,"['/imu', '/rosout']"
1681490384.844838,62431,1681490384,844413042,,2,/imu_driver,Current time 1681490384 842643976,driver.py,driver,56,"['/imu', '/rosout']"
1681490384.8690515,62432,1681490384,868430137,,2,/imu_driver,Current time 1681490384 867280483,driver.py,driver,56,"['/imu', '/rosout']"
1681490384.8938594,62433,1681490384,893332958,,2,/imu_driver,Current time 1681490384 892283916,driver.py,driver,56,"['/imu', '/rosout']"
1681490384.918886,62434,1681490384,918333292,,2,/imu_driver,Current time 1681490384 917311191,driver.py,driver,56,"['/imu', '/rosout']"
1681490384.9440253,62435,1681490384,943306446,,2,/imu_driver,Current time 1681490384 942291021,driver.py,driver,56,"['/imu', '/rosout']"
1681490384.9691157,62436,1681490384,968492507,,2,/imu_driver,Current time 1681490384 967304468,driver.py,driver,56,"['/imu', '/rosout']"
1681490384.9940324,62437,1681490384,993399381,,2,/imu_driver,Current time 1681490384 992231130,driver.py,driver,56,"['/imu', '/rosout']"
1681490385.0195591,62438,1681490385,19139766,,2,/imu_driver,Current time 1681490385 18095731,driver.py,driver,56,"['/imu', '/rosout']"
1681490385.0455704,62439,1681490385,44555664,,2,/imu_driver,Current time 1681490385 42239904,driver.py,driver,56,"['/imu', '/rosout']"
1681490385.0702157,62440,1681490385,69495916,,2,/imu_driver,Current time 1681490385 68368911,driver.py,driver,56,"['/imu', '/rosout']"
1681490385.0947602,62441,1681490385,93816757,,2,/imu_driver,Current time 1681490385 92167854,driver.py,driver,56,"['/imu', '/rosout']"
1681490385.1199708,62442,1681490385,119242668,,2,/imu_driver,Current time 1681490385 118052959,driver.py,driver,56,"['/imu', '/rosout']"
1681490385.1454132,62443,1681490385,144000291,,2,/imu_driver,Current time 1681490385 142986297,driver.py,driver,56,"['/imu', '/rosout']"
1681490385.1697314,62444,1681490385,169061183,,2,/imu_driver,Current time 1681490385 167899131,driver.py,driver,56,"['/imu', '/rosout']"
1681490385.1936595,62445,1681490385,193130731,,2,/imu_driver,Current time 1681490385 191877126,driver.py,driver,56,"['/imu', '/rosout']"
1681490385.2193015,62446,1681490385,219050168,,2,/imu_driver,Current time 1681490385 217824459,driver.py,driver,56,"['/imu', '/rosout']"
1681490385.245126,62447,1681490385,244844198,,2,/imu_driver,Current time 1681490385 242871999,driver.py,driver,56,"['/imu', '/rosout']"
1681490385.269081,62448,1681490385,268846750,,2,/imu_driver,Current time 1681490385 267824888,driver.py,driver,56,"['/imu', '/rosout']"
1681490385.2940557,62449,1681490385,293868064,,2,/imu_driver,Current time 1681490385 292791128,driver.py,driver,56,"['/imu', '/rosout']"
1681490385.3193088,62450,1681490385,319146394,,2,/imu_driver,Current time 1681490385 317958116,driver.py,driver,56,"['/imu', '/rosout']"
1681490385.3445761,62451,1681490385,344002723,,2,/imu_driver,Current time 1681490385 342755079,driver.py,driver,56,"['/imu', '/rosout']"
1681490385.3691854,62452,1681490385,369002342,,2,/imu_driver,Current time 1681490385 367915868,driver.py,driver,56,"['/imu', '/rosout']"
1681490385.3941524,62453,1681490385,393910646,,2,/imu_driver,Current time 1681490385 392936944,driver.py,driver,56,"['/imu', '/rosout']"
1681490385.4188383,62454,1681490385,418685674,,2,/imu_driver,Current time 1681490385 417748451,driver.py,driver,56,"['/imu', '/rosout']"
1681490385.4441862,62455,1681490385,443978548,,2,/imu_driver,Current time 1681490385 442815065,driver.py,driver,56,"['/imu', '/rosout']"
1681490385.4694402,62456,1681490385,468931674,,2,/imu_driver,Current time 1681490385 467790842,driver.py,driver,56,"['/imu', '/rosout']"
1681490385.4941611,62457,1681490385,493892908,,2,/imu_driver,Current time 1681490385 492770671,driver.py,driver,56,"['/imu', '/rosout']"
1681490385.5190177,62458,1681490385,518559217,,2,/imu_driver,Current time 1681490385 517655611,driver.py,driver,56,"['/imu', '/rosout']"
1681490385.5444593,62459,1681490385,543796777,,2,/imu_driver,Current time 1681490385 542743444,driver.py,driver,56,"['/imu', '/rosout']"
1681490385.5698702,62460,1681490385,569041013,,2,/imu_driver,Current time 1681490385 567751407,driver.py,driver,56,"['/imu', '/rosout']"
1681490385.5949347,62461,1681490385,594257831,,2,/imu_driver,Current time 1681490385 592710971,driver.py,driver,56,"['/imu', '/rosout']"
1681490385.6193507,62462,1681490385,619133949,,2,/imu_driver,Current time 1681490385 617866516,driver.py,driver,56,"['/imu', '/rosout']"
1681490385.644827,62463,1681490385,643984079,,2,/imu_driver,Current time 1681490385 642704725,driver.py,driver,56,"['/imu', '/rosout']"
1681490385.6692371,62464,1681490385,668986082,,2,/imu_driver,Current time 1681490385 667672157,driver.py,driver,56,"['/imu', '/rosout']"
1681490385.6947744,62465,1681490385,694207668,,2,/imu_driver,Current time 1681490385 692684650,driver.py,driver,56,"['/imu', '/rosout']"
1681490385.7195282,62466,1681490385,718761205,,2,/imu_driver,Current time 1681490385 717519044,driver.py,driver,56,"['/imu', '/rosout']"
1681490385.744816,62467,1681490385,743947267,,2,/imu_driver,Current time 1681490385 742671966,driver.py,driver,56,"['/imu', '/rosout']"
1681490385.7692914,62468,1681490385,768831491,,2,/imu_driver,Current time 1681490385 767735958,driver.py,driver,56,"['/imu', '/rosout']"
1681490385.7938576,62469,1681490385,793609142,,2,/imu_driver,Current time 1681490385 792557716,driver.py,driver,56,"['/imu', '/rosout']"
1681490385.8190782,62470,1681490385,818586349,,2,/imu_driver,Current time 1681490385 817511796,driver.py,driver,56,"['/imu', '/rosout']"
1681490385.8452492,62471,1681490385,844659805,,2,/imu_driver,Current time 1681490385 843320608,driver.py,driver,56,"['/imu', '/rosout']"
1681490385.8690853,62472,1681490385,868791103,,2,/imu_driver,Current time 1681490385 867579221,driver.py,driver,56,"['/imu', '/rosout']"
1681490385.8938496,62473,1681490385,893407344,,2,/imu_driver,Current time 1681490385 892506599,driver.py,driver,56,"['/imu', '/rosout']"
1681490385.91864,62474,1681490385,918447256,,2,/imu_driver,Current time 1681490385 917430877,driver.py,driver,56,"['/imu', '/rosout']"
1681490385.944279,62475,1681490385,943855285,,2,/imu_driver,Current time 1681490385 942417860,driver.py,driver,56,"['/imu', '/rosout']"
1681490385.9692664,62476,1681490385,968629360,,2,/imu_driver,Current time 1681490385 967507600,driver.py,driver,56,"['/imu', '/rosout']"
1681490385.9943395,62477,1681490385,993875980,,2,/imu_driver,Current time 1681490385 992827415,driver.py,driver,56,"['/imu', '/rosout']"
1681490386.0190783,62478,1681490386,18471240,,2,/imu_driver,Current time 1681490386 17426967,driver.py,driver,56,"['/imu', '/rosout']"
1681490386.0439792,62479,1681490386,43412208,,2,/imu_driver,Current time 1681490386 42423725,driver.py,driver,56,"['/imu', '/rosout']"
1681490386.0685542,62480,1681490386,68381547,,2,/imu_driver,Current time 1681490386 67353963,driver.py,driver,56,"['/imu', '/rosout']"
1681490386.0938969,62481,1681490386,93711614,,2,/imu_driver,Current time 1681490386 92304944,driver.py,driver,56,"['/imu', '/rosout']"
1681490386.118786,62482,1681490386,118549823,,2,/imu_driver,Current time 1681490386 117319345,driver.py,driver,56,"['/imu', '/rosout']"
1681490386.143729,62483,1681490386,143420934,,2,/imu_driver,Current time 1681490386 142222404,driver.py,driver,56,"['/imu', '/rosout']"
1681490386.1686296,62484,1681490386,168449640,,2,/imu_driver,Current time 1681490386 167357921,driver.py,driver,56,"['/imu', '/rosout']"
1681490386.1934154,62485,1681490386,193290710,,2,/imu_driver,Current time 1681490386 192311763,driver.py,driver,56,"['/imu', '/rosout']"
1681490386.218686,62486,1681490386,218476772,,2,/imu_driver,Current time 1681490386 217347621,driver.py,driver,56,"['/imu', '/rosout']"
1681490386.244204,62487,1681490386,243714570,,2,/imu_driver,Current time 1681490386 242177486,driver.py,driver,56,"['/imu', '/rosout']"
1681490386.2690058,62488,1681490386,268292427,,2,/imu_driver,Current time 1681490386 267334222,driver.py,driver,56,"['/imu', '/rosout']"
1681490386.2937791,62489,1681490386,293236255,,2,/imu_driver,Current time 1681490386 292175531,driver.py,driver,56,"['/imu', '/rosout']"
1681490386.3184834,62490,1681490386,318338155,,2,/imu_driver,Current time 1681490386 317240715,driver.py,driver,56,"['/imu', '/rosout']"
1681490386.3442476,62491,1681490386,343284368,,2,/imu_driver,Current time 1681490386 342151880,driver.py,driver,56,"['/imu', '/rosout']"
1681490386.3691823,62492,1681490386,368321180,,2,/imu_driver,Current time 1681490386 367291212,driver.py,driver,56,"['/imu', '/rosout']"
1681490386.4000955,62493,1681490386,396874189,,2,/imu_driver,Current time 1681490386 393016099,driver.py,driver,56,"['/imu', '/rosout']"
1681490386.423988,62494,1681490386,421557426,,2,/imu_driver,Current time 1681490386 417917490,driver.py,driver,56,"['/imu', '/rosout']"
1681490386.446656,62495,1681490386,445367097,,2,/imu_driver,Current time 1681490386 442532062,driver.py,driver,56,"['/imu', '/rosout']"
1681490386.4698203,62496,1681490386,469280004,,2,/imu_driver,Current time 1681490386 468084573,driver.py,driver,56,"['/imu', '/rosout']"
1681490386.4936976,62497,1681490386,493202209,,2,/imu_driver,Current time 1681490386 492022991,driver.py,driver,56,"['/imu', '/rosout']"
1681490386.5193958,62498,1681490386,518874645,,2,/imu_driver,Current time 1681490386 517855882,driver.py,driver,56,"['/imu', '/rosout']"
1681490386.544606,62499,1681490386,544033765,,2,/imu_driver,Current time 1681490386 543035984,driver.py,driver,56,"['/imu', '/rosout']"
1681490386.5695796,62500,1681490386,569075822,,2,/imu_driver,Current time 1681490386 567972421,driver.py,driver,56,"['/imu', '/rosout']"
1681490386.5975378,62501,1681490386,597185373,,2,/imu_driver,Current time 1681490386 593186140,driver.py,driver,56,"['/imu', '/rosout']"
1681490386.6193347,62502,1681490386,619112968,,2,/imu_driver,Current time 1681490386 617956161,driver.py,driver,56,"['/imu', '/rosout']"
1681490386.644167,62503,1681490386,644025564,,2,/imu_driver,Current time 1681490386 643014192,driver.py,driver,56,"['/imu', '/rosout']"
1681490386.6695807,62504,1681490386,669163942,,2,/imu_driver,Current time 1681490386 668002367,driver.py,driver,56,"['/imu', '/rosout']"
1681490386.6946466,62505,1681490386,694337844,,2,/imu_driver,Current time 1681490386 692970275,driver.py,driver,56,"['/imu', '/rosout']"
1681490386.7289746,62506,1681490386,726902246,,2,/imu_driver,Current time 1681490386 725445985,driver.py,driver,56,"['/imu', '/rosout']"
1681490386.7450535,62507,1681490386,744350194,,2,/imu_driver,Current time 1681490386 742845296,driver.py,driver,56,"['/imu', '/rosout']"
1681490386.7698722,62508,1681490386,769030570,,2,/imu_driver,Current time 1681490386 767853021,driver.py,driver,56,"['/imu', '/rosout']"
1681490386.7945914,62509,1681490386,794095277,,2,/imu_driver,Current time 1681490386 792861938,driver.py,driver,56,"['/imu', '/rosout']"
1681490386.8192506,62510,1681490386,819002389,,2,/imu_driver,Current time 1681490386 817841053,driver.py,driver,56,"['/imu', '/rosout']"
1681490386.8606417,62511,1681490386,859956741,,2,/imu_driver,Current time 1681490386 858320951,driver.py,driver,56,"['/imu', '/rosout']"
1681490386.8694954,62512,1681490386,869163513,,2,/imu_driver,Current time 1681490386 867919683,driver.py,driver,56,"['/imu', '/rosout']"
1681490386.894146,62513,1681490386,893885850,,2,/imu_driver,Current time 1681490386 892768621,driver.py,driver,56,"['/imu', '/rosout']"
1681490386.9199862,62514,1681490386,919052600,,2,/imu_driver,Current time 1681490386 917779684,driver.py,driver,56,"['/imu', '/rosout']"
1681490386.9468749,62515,1681490386,946211338,,2,/imu_driver,Current time 1681490386 942816019,driver.py,driver,56,"['/imu', '/rosout']"
1681490386.969199,62516,1681490386,968856811,,2,/imu_driver,Current time 1681490386 967560529,driver.py,driver,56,"['/imu', '/rosout']"
1681490386.9943776,62517,1681490386,993993520,,2,/imu_driver,Current time 1681490386 992737531,driver.py,driver,56,"['/imu', '/rosout']"
1681490387.018839,62518,1681490387,18650531,,2,/imu_driver,Current time 1681490387 17747879,driver.py,driver,56,"['/imu', '/rosout']"
1681490387.0438118,62519,1681490387,43638467,,2,/imu_driver,Current time 1681490387 42703866,driver.py,driver,56,"['/imu', '/rosout']"
1681490387.0701547,62520,1681490387,69571495,,2,/imu_driver,Current time 1681490387 68142652,driver.py,driver,56,"['/imu', '/rosout']"
1681490387.094231,62521,1681490387,93937158,,2,/imu_driver,Current time 1681490387 92680692,driver.py,driver,56,"['/imu', '/rosout']"
1681490387.1194181,62522,1681490387,119111537,,2,/imu_driver,Current time 1681490387 117614269,driver.py,driver,56,"['/imu', '/rosout']"
1681490387.1438622,62523,1681490387,143632888,,2,/imu_driver,Current time 1681490387 142550706,driver.py,driver,56,"['/imu', '/rosout']"
1681490387.1690862,62524,1681490387,168808460,,2,/imu_driver,Current time 1681490387 167635440,driver.py,driver,56,"['/imu', '/rosout']"
1681490387.1957488,62525,1681490387,194369077,,2,/imu_driver,Current time 1681490387 192895412,driver.py,driver,56,"['/imu', '/rosout']"
1681490387.2189643,62526,1681490387,218693971,,2,/imu_driver,Current time 1681490387 217592000,driver.py,driver,56,"['/imu', '/rosout']"
1681490387.244051,62527,1681490387,243761301,,2,/imu_driver,Current time 1681490387 242410898,driver.py,driver,56,"['/imu', '/rosout']"
1681490387.2688658,62528,1681490387,268432140,,2,/imu_driver,Current time 1681490387 267388343,driver.py,driver,56,"['/imu', '/rosout']"
1681490387.2939827,62529,1681490387,293568611,,2,/imu_driver,Current time 1681490387 292565345,driver.py,driver,56,"['/imu', '/rosout']"
1681490387.318614,62530,1681490387,318395614,,2,/imu_driver,Current time 1681490387 317425251,driver.py,driver,56,"['/imu', '/rosout']"
1681490387.3446317,62531,1681490387,344058990,,2,/imu_driver,Current time 1681490387 342502832,driver.py,driver,56,"['/imu', '/rosout']"
1681490387.3690476,62532,1681490387,368781805,,2,/imu_driver,Current time 1681490387 367386579,driver.py,driver,56,"['/imu', '/rosout']"
1681490387.393584,62533,1681490387,393415927,,2,/imu_driver,Current time 1681490387 392470836,driver.py,driver,56,"['/imu', '/rosout']"
1681490387.4190757,62534,1681490387,418378591,,2,/imu_driver,Current time 1681490387 417416095,driver.py,driver,56,"['/imu', '/rosout']"
1681490387.4442132,62535,1681490387,443591117,,2,/imu_driver,Current time 1681490387 442351818,driver.py,driver,56,"['/imu', '/rosout']"
1681490387.4688995,62536,1681490387,468380212,,2,/imu_driver,Current time 1681490387 467279195,driver.py,driver,56,"['/imu', '/rosout']"
1681490387.4938483,62537,1681490387,493531942,,2,/imu_driver,Current time 1681490387 492321252,driver.py,driver,56,"['/imu', '/rosout']"
1681490387.5190148,62538,1681490387,518464565,,2,/imu_driver,Current time 1681490387 517438650,driver.py,driver,56,"['/imu', '/rosout']"
1681490387.543986,62539,1681490387,543442487,,2,/imu_driver,Current time 1681490387 542381048,driver.py,driver,56,"['/imu', '/rosout']"
1681490387.5689182,62540,1681490387,568236827,,2,/imu_driver,Current time 1681490387 567251205,driver.py,driver,56,"['/imu', '/rosout']"
1681490387.5943224,62541,1681490387,593959331,,2,/imu_driver,Current time 1681490387 592481613,driver.py,driver,56,"['/imu', '/rosout']"
1681490387.6228583,62542,1681490387,621947050,,2,/imu_driver,Current time 1681490387 617903709,driver.py,driver,56,"['/imu', '/rosout']"
1681490387.6473806,62543,1681490387,646973371,,2,/imu_driver,Current time 1681490387 645636558,driver.py,driver,56,"['/imu', '/rosout']"
1681490387.6697466,62544,1681490387,669264316,,2,/imu_driver,Current time 1681490387 668062210,driver.py,driver,56,"['/imu', '/rosout']"
1681490387.693711,62545,1681490387,693419218,,2,/imu_driver,Current time 1681490387 692073822,driver.py,driver,56,"['/imu', '/rosout']"
1681490387.7196379,62546,1681490387,719102621,,2,/imu_driver,Current time 1681490387 718028306,driver.py,driver,56,"['/imu', '/rosout']"
1681490387.7451172,62547,1681490387,744335651,,2,/imu_driver,Current time 1681490387 743042230,driver.py,driver,56,"['/imu', '/rosout']"
1681490387.7690868,62548,1681490387,768935441,,2,/imu_driver,Current time 1681490387 767945289,driver.py,driver,56,"['/imu', '/rosout']"
1681490387.7943063,62549,1681490387,794140338,,2,/imu_driver,Current time 1681490387 793041706,driver.py,driver,56,"['/imu', '/rosout']"
1681490387.8191195,62550,1681490387,818901062,,2,/imu_driver,Current time 1681490387 817855834,driver.py,driver,56,"['/imu', '/rosout']"
1681490387.844771,62551,1681490387,844494342,,2,/imu_driver,Current time 1681490387 843054533,driver.py,driver,56,"['/imu', '/rosout']"
1681490387.882538,62552,1681490387,881774663,,2,/imu_driver,Current time 1681490387 880279064,driver.py,driver,56,"['/imu', '/rosout']"
1681490387.8954387,62553,1681490387,894525527,,2,/imu_driver,Current time 1681490387 892934799,driver.py,driver,56,"['/imu', '/rosout']"
1681490387.9196255,62554,1681490387,919383049,,2,/imu_driver,Current time 1681490387 918230533,driver.py,driver,56,"['/imu', '/rosout']"
1681490387.944849,62555,1681490387,944139242,,2,/imu_driver,Current time 1681490387 942813158,driver.py,driver,56,"['/imu', '/rosout']"
1681490387.96981,62556,1681490387,969107866,,2,/imu_driver,Current time 1681490387 967904090,driver.py,driver,56,"['/imu', '/rosout']"
1681490387.9950523,62557,1681490387,994337320,,2,/imu_driver,Current time 1681490387 993077039,driver.py,driver,56,"['/imu', '/rosout']"
1681490388.0196033,62558,1681490388,18905401,,2,/imu_driver,Current time 1681490388 17880201,driver.py,driver,56,"['/imu', '/rosout']"
1681490388.0459206,62559,1681490388,45637369,,2,/imu_driver,Current time 1681490388 44005393,driver.py,driver,56,"['/imu', '/rosout']"
1681490388.0695345,62560,1681490388,69139242,,2,/imu_driver,Current time 1681490388 67845821,driver.py,driver,56,"['/imu', '/rosout']"
1681490388.0942433,62561,1681490388,93586206,,2,/imu_driver,Current time 1681490388 92621564,driver.py,driver,56,"['/imu', '/rosout']"
1681490388.119488,62562,1681490388,118955850,,2,/imu_driver,Current time 1681490388 117891550,driver.py,driver,56,"['/imu', '/rosout']"
1681490388.145506,62563,1681490388,144044399,,2,/imu_driver,Current time 1681490388 142649650,driver.py,driver,56,"['/imu', '/rosout']"
1681490388.1691544,62564,1681490388,168644905,,2,/imu_driver,Current time 1681490388 167677402,driver.py,driver,56,"['/imu', '/rosout']"
1681490388.1943777,62565,1681490388,193761348,,2,/imu_driver,Current time 1681490388 192701339,driver.py,driver,56,"['/imu', '/rosout']"
1681490388.2189155,62566,1681490388,218648910,,2,/imu_driver,Current time 1681490388 217763662,driver.py,driver,56,"['/imu', '/rosout']"
1681490388.2440052,62567,1681490388,243714570,,2,/imu_driver,Current time 1681490388 242666244,driver.py,driver,56,"['/imu', '/rosout']"
1681490388.2692711,62568,1681490388,268580198,,2,/imu_driver,Current time 1681490388 267597913,driver.py,driver,56,"['/imu', '/rosout']"
1681490388.3016717,62569,1681490388,301248550,,2,/imu_driver,Current time 1681490388 300007820,driver.py,driver,56,"['/imu', '/rosout']"
1681490388.3194997,62570,1681490388,318974733,,2,/imu_driver,Current time 1681490388 317638397,driver.py,driver,56,"['/imu', '/rosout']"
1681490388.3439884,62571,1681490388,343592882,,2,/imu_driver,Current time 1681490388 342558622,driver.py,driver,56,"['/imu', '/rosout']"
1681490388.369401,62572,1681490388,368895292,,2,/imu_driver,Current time 1681490388 367686510,driver.py,driver,56,"['/imu', '/rosout']"
1681490388.3946097,62573,1681490388,394308090,,2,/imu_driver,Current time 1681490388 392847061,driver.py,driver,56,"['/imu', '/rosout']"
1681490388.419256,62574,1681490388,418702125,,2,/imu_driver,Current time 1681490388 417604684,driver.py,driver,56,"['/imu', '/rosout']"
1681490388.4450302,62575,1681490388,444313764,,2,/imu_driver,Current time 1681490388 442685842,driver.py,driver,56,"['/imu', '/rosout']"
1681490388.4690754,62576,1681490388,468580245,,2,/imu_driver,Current time 1681490388 467519760,driver.py,driver,56,"['/imu', '/rosout']"
1681490388.4937997,62577,1681490388,493534803,,2,/imu_driver,Current time 1681490388 492528915,driver.py,driver,56,"['/imu', '/rosout']"
1681490388.5189419,62578,1681490388,518572330,,2,/imu_driver,Current time 1681490388 517450332,driver.py,driver,56,"['/imu', '/rosout']"
1681490388.5453963,62579,1681490388,544981002,,2,/imu_driver,Current time 1681490388 543405294,driver.py,driver,56,"['/imu', '/rosout']"
1681490388.5699337,62580,1681490388,569358587,,2,/imu_driver,Current time 1681490388 567883968,driver.py,driver,56,"['/imu', '/rosout']"
1681490388.5939858,62581,1681490388,593364953,,2,/imu_driver,Current time 1681490388 592361450,driver.py,driver,56,"['/imu', '/rosout']"
1681490388.6191905,62582,1681490388,618566036,,2,/imu_driver,Current time 1681490388 617513895,driver.py,driver,56,"['/imu', '/rosout']"
1681490388.6470168,62583,1681490388,646161317,,2,/imu_driver,Current time 1681490388 644742965,driver.py,driver,56,"['/imu', '/rosout']"
1681490388.6711662,62584,1681490388,669394016,,2,/imu_driver,Current time 1681490388 667563438,driver.py,driver,56,"['/imu', '/rosout']"
1681490388.6944788,62585,1681490388,693497419,,2,/imu_driver,Current time 1681490388 692305803,driver.py,driver,56,"['/imu', '/rosout']"
1681490388.7187696,62586,1681490388,718577861,,2,/imu_driver,Current time 1681490388 717484951,driver.py,driver,56,"['/imu', '/rosout']"
1681490388.7436755,62587,1681490388,743377447,,2,/imu_driver,Current time 1681490388 742244243,driver.py,driver,56,"['/imu', '/rosout']"
1681490388.768758,62588,1681490388,768440008,,2,/imu_driver,Current time 1681490388 767335176,driver.py,driver,56,"['/imu', '/rosout']"
1681490388.794107,62589,1681490388,793846130,,2,/imu_driver,Current time 1681490388 792340517,driver.py,driver,56,"['/imu', '/rosout']"
1681490388.819597,62590,1681490388,818682909,,2,/imu_driver,Current time 1681490388 817277908,driver.py,driver,56,"['/imu', '/rosout']"
1681490388.8433983,62591,1681490388,843207120,,2,/imu_driver,Current time 1681490388 842292785,driver.py,driver,56,"['/imu', '/rosout']"
1681490388.8690114,62592,1681490388,868400573,,2,/imu_driver,Current time 1681490388 867307186,driver.py,driver,56,"['/imu', '/rosout']"
1681490388.8948658,62593,1681490388,894058942,,2,/imu_driver,Current time 1681490388 892771005,driver.py,driver,56,"['/imu', '/rosout']"
1681490388.9187403,62594,1681490388,918229103,,2,/imu_driver,Current time 1681490388 917160272,driver.py,driver,56,"['/imu', '/rosout']"
1681490388.9464397,62595,1681490388,945614814,,2,/imu_driver,Current time 1681490388 943055391,driver.py,driver,56,"['/imu', '/rosout']"
1681490388.969502,62596,1681490388,969053506,,2,/imu_driver,Current time 1681490388 967994451,driver.py,driver,56,"['/imu', '/rosout']"
1681490388.9935806,62597,1681490388,993321418,,2,/imu_driver,Current time 1681490388 992290973,driver.py,driver,56,"['/imu', '/rosout']"
1681490389.022488,62598,1681490389,22191762,,2,/imu_driver,Current time 1681490389 20870685,driver.py,driver,56,"['/imu', '/rosout']"
1681490389.044045,62599,1681490389,43544054,,2,/imu_driver,Current time 1681490389 42039871,driver.py,driver,56,"['/imu', '/rosout']"
1681490389.0697477,62600,1681490389,69195032,,2,/imu_driver,Current time 1681490389 67986011,driver.py,driver,56,"['/imu', '/rosout']"
1681490389.0940242,62601,1681490389,93288898,,2,/imu_driver,Current time 1681490389 92217445,driver.py,driver,56,"['/imu', '/rosout']"
1681490389.1233535,62602,1681490389,122465848,,2,/imu_driver,Current time 1681490389 118229866,driver.py,driver,56,"['/imu', '/rosout']"
1681490389.1453881,62603,1681490389,144787549,,2,/imu_driver,Current time 1681490389 143133640,driver.py,driver,56,"['/imu', '/rosout']"
1681490389.1694734,62604,1681490389,168995141,,2,/imu_driver,Current time 1681490389 167898416,driver.py,driver,56,"['/imu', '/rosout']"
1681490389.1944335,62605,1681490389,194179534,,2,/imu_driver,Current time 1681490389 192904949,driver.py,driver,56,"['/imu', '/rosout']"
1681490389.2201238,62606,1681490389,219763994,,2,/imu_driver,Current time 1681490389 218480587,driver.py,driver,56,"['/imu', '/rosout']"
1681490389.2442935,62607,1681490389,244009256,,2,/imu_driver,Current time 1681490389 243016242,driver.py,driver,56,"['/imu', '/rosout']"
1681490389.2691765,62608,1681490389,268934965,,2,/imu_driver,Current time 1681490389 267836093,driver.py,driver,56,"['/imu', '/rosout']"
1681490389.296298,62609,1681490389,295681238,,2,/imu_driver,Current time 1681490389 294489383,driver.py,driver,56,"['/imu', '/rosout']"
1681490389.319455,62610,1681490389,318989038,,2,/imu_driver,Current time 1681490389 317921161,driver.py,driver,56,"['/imu', '/rosout']"
1681490389.3447003,62611,1681490389,343852043,,2,/imu_driver,Current time 1681490389 342789173,driver.py,driver,56,"['/imu', '/rosout']"
1681490389.3690853,62612,1681490389,368935108,,2,/imu_driver,Current time 1681490389 367767572,driver.py,driver,56,"['/imu', '/rosout']"
1681490389.394094,62613,1681490389,393899679,,2,/imu_driver,Current time 1681490389 392813205,driver.py,driver,56,"['/imu', '/rosout']"
1681490389.4188232,62614,1681490389,418622493,,2,/imu_driver,Current time 1681490389 417705297,driver.py,driver,56,"['/imu', '/rosout']"
1681490389.4451096,62615,1681490389,444381475,,2,/imu_driver,Current time 1681490389 442968606,driver.py,driver,56,"['/imu', '/rosout']"
1681490389.470373,62616,1681490389,469097137,,2,/imu_driver,Current time 1681490389 467794418,driver.py,driver,56,"['/imu', '/rosout']"
1681490389.4943414,62617,1681490389,493683099,,2,/imu_driver,Current time 1681490389 492645740,driver.py,driver,56,"['/imu', '/rosout']"
1681490389.5192814,62618,1681490389,518839597,,2,/imu_driver,Current time 1681490389 517652750,driver.py,driver,56,"['/imu', '/rosout']"
1681490389.5445051,62619,1681490389,543958187,,2,/imu_driver,Current time 1681490389 542697668,driver.py,driver,56,"['/imu', '/rosout']"
1681490389.5691974,62620,1681490389,568704605,,2,/imu_driver,Current time 1681490389 567691802,driver.py,driver,56,"['/imu', '/rosout']"
1681490389.5943258,62621,1681490389,593985080,,2,/imu_driver,Current time 1681490389 592756271,driver.py,driver,56,"['/imu', '/rosout']"
1681490389.619106,62622,1681490389,618581056,,2,/imu_driver,Current time 1681490389 617700099,driver.py,driver,56,"['/imu', '/rosout']"
1681490389.644112,62623,1681490389,643583297,,2,/imu_driver,Current time 1681490389 642581462,driver.py,driver,56,"['/imu', '/rosout']"
1681490389.6692538,62624,1681490389,668717861,,2,/imu_driver,Current time 1681490389 667591333,driver.py,driver,56,"['/imu', '/rosout']"
1681490389.6945188,62625,1681490389,694175720,,2,/imu_driver,Current time 1681490389 692729711,driver.py,driver,56,"['/imu', '/rosout']"
1681490389.71917,62626,1681490389,718538045,,2,/imu_driver,Current time 1681490389 717552185,driver.py,driver,56,"['/imu', '/rosout']"
1681490389.744274,62627,1681490389,743699312,,2,/imu_driver,Current time 1681490389 742731332,driver.py,driver,56,"['/imu', '/rosout']"
1681490389.7691202,62628,1681490389,768712282,,2,/imu_driver,Current time 1681490389 767501354,driver.py,driver,56,"['/imu', '/rosout']"
1681490389.7945504,62629,1681490389,793854951,,2,/imu_driver,Current time 1681490389 792442798,driver.py,driver,56,"['/imu', '/rosout']"
1681490389.8189995,62630,1681490389,818529129,,2,/imu_driver,Current time 1681490389 817588567,driver.py,driver,56,"['/imu', '/rosout']"
1681490389.8443153,62631,1681490389,843669414,,2,/imu_driver,Current time 1681490389 842517614,driver.py,driver,56,"['/imu', '/rosout']"
1681490389.8688743,62632,1681490389,868441581,,2,/imu_driver,Current time 1681490389 867451906,driver.py,driver,56,"['/imu', '/rosout']"
1681490389.8941884,62633,1681490389,893541336,,2,/imu_driver,Current time 1681490389 892493724,driver.py,driver,56,"['/imu', '/rosout']"
1681490389.9190674,62634,1681490389,918731451,,2,/imu_driver,Current time 1681490389 917611598,driver.py,driver,56,"['/imu', '/rosout']"
1681490389.9448023,62635,1681490389,944216251,,2,/imu_driver,Current time 1681490389 942337274,driver.py,driver,56,"['/imu', '/rosout']"
1681490389.9699082,62636,1681490389,968535661,,2,/imu_driver,Current time 1681490389 967426300,driver.py,driver,56,"['/imu', '/rosout']"
1681490389.9936378,62637,1681490389,993429899,,2,/imu_driver,Current time 1681490389 992510318,driver.py,driver,56,"['/imu', '/rosout']"
1681490390.0190558,62638,1681490390,18531799,,2,/imu_driver,Current time 1681490390 17425775,driver.py,driver,56,"['/imu', '/rosout']"
1681490390.044583,62639,1681490390,43581724,,2,/imu_driver,Current time 1681490390 42214870,driver.py,driver,56,"['/imu', '/rosout']"
1681490390.0689728,62640,1681490390,68454027,,2,/imu_driver,Current time 1681490390 67422628,driver.py,driver,56,"['/imu', '/rosout']"
1681490390.0942466,62641,1681490390,93288898,,2,/imu_driver,Current time 1681490390 92294454,driver.py,driver,56,"['/imu', '/rosout']"
1681490390.1193585,62642,1681490390,118791580,,2,/imu_driver,Current time 1681490390 117554426,driver.py,driver,56,"['/imu', '/rosout']"
1681490390.143681,62643,1681490390,143337249,,2,/imu_driver,Current time 1681490390 142295837,driver.py,driver,56,"['/imu', '/rosout']"
1681490390.169036,62644,1681490390,168364524,,2,/imu_driver,Current time 1681490390 167245626,driver.py,driver,56,"['/imu', '/rosout']"
1681490390.1977203,62645,1681490390,193891763,,2,/imu_driver,Current time 1681490390 192454814,driver.py,driver,56,"['/imu', '/rosout']"
1681490390.2204022,62646,1681490390,219466209,,2,/imu_driver,Current time 1681490390 218154430,driver.py,driver,56,"['/imu', '/rosout']"
1681490390.2436004,62647,1681490390,243280649,,2,/imu_driver,Current time 1681490390 242166280,driver.py,driver,56,"['/imu', '/rosout']"
1681490390.2705014,62648,1681490390,269768476,,2,/imu_driver,Current time 1681490390 268425226,driver.py,driver,56,"['/imu', '/rosout']"
1681490390.294686,62649,1681490390,293979406,,2,/imu_driver,Current time 1681490390 292352914,driver.py,driver,56,"['/imu', '/rosout']"
1681490390.3197608,62650,1681490390,319256782,,2,/imu_driver,Current time 1681490390 318237781,driver.py,driver,56,"['/imu', '/rosout']"
1681490390.3451188,62651,1681490390,344424247,,2,/imu_driver,Current time 1681490390 343053579,driver.py,driver,56,"['/imu', '/rosout']"
1681490390.3693178,62652,1681490390,369119167,,2,/imu_driver,Current time 1681490390 367997169,driver.py,driver,56,"['/imu', '/rosout']"
1681490390.3942277,62653,1681490390,393999814,,2,/imu_driver,Current time 1681490390 392935752,driver.py,driver,56,"['/imu', '/rosout']"
1681490390.419214,62654,1681490390,419028282,,2,/imu_driver,Current time 1681490390 418077945,driver.py,driver,56,"['/imu', '/rosout']"
1681490390.4447937,62655,1681490390,444397926,,2,/imu_driver,Current time 1681490390 442973375,driver.py,driver,56,"['/imu', '/rosout']"
1681490390.4695575,62656,1681490390,469290494,,2,/imu_driver,Current time 1681490390 468026638,driver.py,driver,56,"['/imu', '/rosout']"
1681490390.4943094,62657,1681490390,494101285,,2,/imu_driver,Current time 1681490390 493099451,driver.py,driver,56,"['/imu', '/rosout']"
1681490390.5193725,62658,1681490390,519049406,,2,/imu_driver,Current time 1681490390 517964124,driver.py,driver,56,"['/imu', '/rosout']"
1681490390.5457766,62659,1681490390,545524120,,2,/imu_driver,Current time 1681490390 544210195,driver.py,driver,56,"['/imu', '/rosout']"
1681490390.5693007,62660,1681490390,569065570,,2,/imu_driver,Current time 1681490390 567952156,driver.py,driver,56,"['/imu', '/rosout']"
1681490390.5942163,62661,1681490390,594005346,,2,/imu_driver,Current time 1681490390 592833280,driver.py,driver,56,"['/imu', '/rosout']"
1681490390.6193323,62662,1681490390,619108676,,2,/imu_driver,Current time 1681490390 618029594,driver.py,driver,56,"['/imu', '/rosout']"
1681490390.644043,62663,1681490390,643829107,,2,/imu_driver,Current time 1681490390 642783403,driver.py,driver,56,"['/imu', '/rosout']"
1681490390.669196,62664,1681490390,668925046,,2,/imu_driver,Current time 1681490390 667755365,driver.py,driver,56,"['/imu', '/rosout']"
1681490390.6947153,62665,1681490390,694428205,,2,/imu_driver,Current time 1681490390 693058013,driver.py,driver,56,"['/imu', '/rosout']"
1681490390.7196655,62666,1681490390,719447851,,2,/imu_driver,Current time 1681490390 718204975,driver.py,driver,56,"['/imu', '/rosout']"
1681490390.7438326,62667,1681490390,743627548,,2,/imu_driver,Current time 1681490390 742619991,driver.py,driver,56,"['/imu', '/rosout']"
1681490390.769299,62668,1681490390,769016027,,2,/imu_driver,Current time 1681490390 767630815,driver.py,driver,56,"['/imu', '/rosout']"
1681490390.794694,62669,1681490390,794394731,,2,/imu_driver,Current time 1681490390 792834281,driver.py,driver,56,"['/imu', '/rosout']"
1681490390.8193855,62670,1681490390,818823337,,2,/imu_driver,Current time 1681490390 817690372,driver.py,driver,56,"['/imu', '/rosout']"
1681490390.8442788,62671,1681490390,843820810,,2,/imu_driver,Current time 1681490390 842675447,driver.py,driver,56,"['/imu', '/rosout']"
1681490390.8694363,62672,1681490390,868832111,,2,/imu_driver,Current time 1681490390 867720842,driver.py,driver,56,"['/imu', '/rosout']"
1681490390.894203,62673,1681490390,893561124,,2,/imu_driver,Current time 1681490390 892534494,driver.py,driver,56,"['/imu', '/rosout']"
1681490390.9193485,62674,1681490390,918861627,,2,/imu_driver,Current time 1681490390 917831659,driver.py,driver,56,"['/imu', '/rosout']"
1681490390.9447482,62675,1681490390,944054841,,2,/imu_driver,Current time 1681490390 942575216,driver.py,driver,56,"['/imu', '/rosout']"
1681490390.9692757,62676,1681490390,968626022,,2,/imu_driver,Current time 1681490390 967562437,driver.py,driver,56,"['/imu', '/rosout']"
1681490390.9936972,62677,1681490390,993459939,,2,/imu_driver,Current time 1681490390 992428064,driver.py,driver,56,"['/imu', '/rosout']"
1681490391.019253,62678,1681490391,18912553,,2,/imu_driver,Current time 1681490391 17764091,driver.py,driver,56,"['/imu', '/rosout']"
1681490391.045055,62679,1681490391,44008255,,2,/imu_driver,Current time 1681490391 42541027,driver.py,driver,56,"['/imu', '/rosout']"
1681490391.0688908,62680,1681490391,68608283,,2,/imu_driver,Current time 1681490391 67630052,driver.py,driver,56,"['/imu', '/rosout']"
1681490391.094616,62681,1681490391,93606472,,2,/imu_driver,Current time 1681490391 92623949,driver.py,driver,56,"['/imu', '/rosout']"
1681490391.119671,62682,1681490391,118654012,,2,/imu_driver,Current time 1681490391 117453813,driver.py,driver,56,"['/imu', '/rosout']"
1681490391.1443138,62683,1681490391,143682956,,2,/imu_driver,Current time 1681490391 142513751,driver.py,driver,56,"['/imu', '/rosout']"
1681490391.1694193,62684,1681490391,168747663,,2,/imu_driver,Current time 1681490391 167601346,driver.py,driver,56,"['/imu', '/rosout']"
1681490391.1942484,62685,1681490391,193805456,,2,/imu_driver,Current time 1681490391 192408561,driver.py,driver,56,"['/imu', '/rosout']"
1681490391.2188919,62686,1681490391,218483924,,2,/imu_driver,Current time 1681490391 217386960,driver.py,driver,56,"['/imu', '/rosout']"
1681490391.2435517,62687,1681490391,243278503,,2,/imu_driver,Current time 1681490391 242308616,driver.py,driver,56,"['/imu', '/rosout']"
1681490391.269011,62688,1681490391,268597602,,2,/imu_driver,Current time 1681490391 267409563,driver.py,driver,56,"['/imu', '/rosout']"
1681490391.2949715,62689,1681490391,294421195,,2,/imu_driver,Current time 1681490391 292715787,driver.py,driver,56,"['/imu', '/rosout']"
1681490391.318952,62690,1681490391,318618297,,2,/imu_driver,Current time 1681490391 317345142,driver.py,driver,56,"['/imu', '/rosout']"
1681490391.3450606,62691,1681490391,343588113,,2,/imu_driver,Current time 1681490391 342372179,driver.py,driver,56,"['/imu', '/rosout']"
1681490391.3734052,62692,1681490391,368631601,,2,/imu_driver,Current time 1681490391 367322206,driver.py,driver,56,"['/imu', '/rosout']"
1681490391.393969,62693,1681490391,393441677,,2,/imu_driver,Current time 1681490391 392374277,driver.py,driver,56,"['/imu', '/rosout']"
1681490391.4210417,62694,1681490391,420742034,,2,/imu_driver,Current time 1681490391 417540550,driver.py,driver,56,"['/imu', '/rosout']"
1681490391.4452927,62695,1681490391,444789409,,2,/imu_driver,Current time 1681490391 442421436,driver.py,driver,56,"['/imu', '/rosout']"
1681490391.4695868,62696,1681490391,469217300,,2,/imu_driver,Current time 1681490391 467187643,driver.py,driver,56,"['/imu', '/rosout']"
1681490391.4935472,62697,1681490391,493265628,,2,/imu_driver,Current time 1681490391 492328643,driver.py,driver,56,"['/imu', '/rosout']"
1681490391.5188031,62698,1681490391,518150568,,2,/imu_driver,Current time 1681490391 517062902,driver.py,driver,56,"['/imu', '/rosout']"
1681490391.5462456,62699,1681490391,545755386,,2,/imu_driver,Current time 1681490391 544452190,driver.py,driver,56,"['/imu', '/rosout']"
1681490391.568589,62700,1681490391,568158626,,2,/imu_driver,Current time 1681490391 567164897,driver.py,driver,56,"['/imu', '/rosout']"
1681490391.5934653,62701,1681490391,593265056,,2,/imu_driver,Current time 1681490391 592130422,driver.py,driver,56,"['/imu', '/rosout']"
1681490391.6198783,62702,1681490391,619612455,,2,/imu_driver,Current time 1681490391 618453979,driver.py,driver,56,"['/imu', '/rosout']"
1681490391.6446092,62703,1681490391,644069910,,2,/imu_driver,Current time 1681490391 643060922,driver.py,driver,56,"['/imu', '/rosout']"
1681490391.6694262,62704,1681490391,669155597,,2,/imu_driver,Current time 1681490391 668013334,driver.py,driver,56,"['/imu', '/rosout']"
1681490391.6947713,62705,1681490391,694450378,,2,/imu_driver,Current time 1681490391 692956447,driver.py,driver,56,"['/imu', '/rosout']"
1681490391.7201715,62706,1681490391,719613075,,2,/imu_driver,Current time 1681490391 718385457,driver.py,driver,56,"['/imu', '/rosout']"
1681490391.7444313,62707,1681490391,744184255,,2,/imu_driver,Current time 1681490391 743113517,driver.py,driver,56,"['/imu', '/rosout']"
1681490391.7694602,62708,1681490391,769157409,,2,/imu_driver,Current time 1681490391 767946958,driver.py,driver,56,"['/imu', '/rosout']"
1681490391.7954626,62709,1681490391,794780254,,2,/imu_driver,Current time 1681490391 793073177,driver.py,driver,56,"['/imu', '/rosout']"
1681490391.8196468,62710,1681490391,819172620,,2,/imu_driver,Current time 1681490391 818091869,driver.py,driver,56,"['/imu', '/rosout']"
1681490391.8459036,62711,1681490391,845502376,,2,/imu_driver,Current time 1681490391 843000650,driver.py,driver,56,"['/imu', '/rosout']"
1681490391.8697565,62712,1681490391,869218349,,2,/imu_driver,Current time 1681490391 868060588,driver.py,driver,56,"['/imu', '/rosout']"
1681490391.8942046,62713,1681490391,893935203,,2,/imu_driver,Current time 1681490391 892966747,driver.py,driver,56,"['/imu', '/rosout']"
1681490391.9191394,62714,1681490391,918857097,,2,/imu_driver,Current time 1681490391 917825698,driver.py,driver,56,"['/imu', '/rosout']"
1681490391.9455595,62715,1681490391,944925785,,2,/imu_driver,Current time 1681490391 943454742,driver.py,driver,56,"['/imu', '/rosout']"
1681490391.969431,62716,1681490391,968945741,,2,/imu_driver,Current time 1681490391 967925548,driver.py,driver,56,"['/imu', '/rosout']"
1681490391.9944644,62717,1681490391,993932962,,2,/imu_driver,Current time 1681490391 992884397,driver.py,driver,56,"['/imu', '/rosout']"
1681490392.0190856,62718,1681490392,18807888,,2,/imu_driver,Current time 1681490392 17749071,driver.py,driver,56,"['/imu', '/rosout']"
1681490392.0448327,62719,1681490392,44144868,,2,/imu_driver,Current time 1681490392 42860507,driver.py,driver,56,"['/imu', '/rosout']"
1681490392.0690463,62720,1681490392,68826675,,2,/imu_driver,Current time 1681490392 67720651,driver.py,driver,56,"['/imu', '/rosout']"
1681490392.0944424,62721,1681490392,94174623,,2,/imu_driver,Current time 1681490392 92798948,driver.py,driver,56,"['/imu', '/rosout']"
1681490392.1196115,62722,1681490392,119425773,,2,/imu_driver,Current time 1681490392 118105411,driver.py,driver,56,"['/imu', '/rosout']"
1681490392.143996,62723,1681490392,143814563,,2,/imu_driver,Current time 1681490392 142823696,driver.py,driver,56,"['/imu', '/rosout']"
1681490392.1700153,62724,1681490392,169717550,,2,/imu_driver,Current time 1681490392 167924165,driver.py,driver,56,"['/imu', '/rosout']"
1681490392.195567,62725,1681490392,194844245,,2,/imu_driver,Current time 1681490392 193068265,driver.py,driver,56,"['/imu', '/rosout']"
1681490392.2190368,62726,1681490392,218580007,,2,/imu_driver,Current time 1681490392 217647790,driver.py,driver,56,"['/imu', '/rosout']"
1681490392.2445216,62727,1681490392,243527889,,2,/imu_driver,Current time 1681490392 242531776,driver.py,driver,56,"['/imu', '/rosout']"
1681490392.2691739,62728,1681490392,268826723,,2,/imu_driver,Current time 1681490392 267589330,driver.py,driver,56,"['/imu', '/rosout']"
1681490392.2943919,62729,1681490392,293751955,,2,/imu_driver,Current time 1681490392 292602777,driver.py,driver,56,"['/imu', '/rosout']"
1681490392.319251,62730,1681490392,318780899,,2,/imu_driver,Current time 1681490392 317655801,driver.py,driver,56,"['/imu', '/rosout']"
1681490392.3447256,62731,1681490392,344053030,,2,/imu_driver,Current time 1681490392 342718362,driver.py,driver,56,"['/imu', '/rosout']"
1681490392.3694224,62732,1681490392,368869781,,2,/imu_driver,Current time 1681490392 367715835,driver.py,driver,56,"['/imu', '/rosout']"
1681490392.393867,62733,1681490392,393446922,,2,/imu_driver,Current time 1681490392 392526388,driver.py,driver,56,"['/imu', '/rosout']"
1681490392.4191067,62734,1681490392,418530464,,2,/imu_driver,Current time 1681490392 417514324,driver.py,driver,56,"['/imu', '/rosout']"
1681490392.4449003,62735,1681490392,444254636,,2,/imu_driver,Current time 1681490392 442620992,driver.py,driver,56,"['/imu', '/rosout']"
1681490392.4694655,62736,1681490392,468940258,,2,/imu_driver,Current time 1681490392 467515945,driver.py,driver,56,"['/imu', '/rosout']"
1681490392.495616,62737,1681490392,493552446,,2,/imu_driver,Current time 1681490392 492353200,driver.py,driver,56,"['/imu', '/rosout']"
1681490392.5198407,62738,1681490392,518975973,,2,/imu_driver,Current time 1681490392 517566204,driver.py,driver,56,"['/imu', '/rosout']"
1681490392.5441036,62739,1681490392,543424367,,2,/imu_driver,Current time 1681490392 542331695,driver.py,driver,56,"['/imu', '/rosout']"
1681490392.5690324,62740,1681490392,568506956,,2,/imu_driver,Current time 1681490392 567401170,driver.py,driver,56,"['/imu', '/rosout']"
1681490392.5948277,62741,1681490392,594273328,,2,/imu_driver,Current time 1681490392 592540979,driver.py,driver,56,"['/imu', '/rosout']"
1681490392.6191158,62742,1681490392,618467569,,2,/imu_driver,Current time 1681490392 617486238,driver.py,driver,56,"['/imu', '/rosout']"
1681490392.6437259,62743,1681490392,643244504,,2,/imu_driver,Current time 1681490392 642288446,driver.py,driver,56,"['/imu', '/rosout']"
1681490392.668824,62744,1681490392,668521165,,2,/imu_driver,Current time 1681490392 667361974,driver.py,driver,56,"['/imu', '/rosout']"
1681490392.6939232,62745,1681490392,693604946,,2,/imu_driver,Current time 1681490392 692286968,driver.py,driver,56,"['/imu', '/rosout']"
1681490392.7186246,62746,1681490392,718328475,,2,/imu_driver,Current time 1681490392 717304944,driver.py,driver,56,"['/imu', '/rosout']"
1681490392.7443752,62747,1681490392,744043588,,2,/imu_driver,Current time 1681490392 742616653,driver.py,driver,56,"['/imu', '/rosout']"
1681490392.77418,62748,1681490392,773541927,,2,/imu_driver,Current time 1681490392 767919301,driver.py,driver,56,"['/imu', '/rosout']"
1681490392.798308,62749,1681490392,797658681,,2,/imu_driver,Current time 1681490392 792876720,driver.py,driver,56,"['/imu', '/rosout']"
1681490392.8197954,62750,1681490392,819225549,,2,/imu_driver,Current time 1681490392 818131923,driver.py,driver,56,"['/imu', '/rosout']"
1681490392.8438208,62751,1681490392,843282222,,2,/imu_driver,Current time 1681490392 842123508,driver.py,driver,56,"['/imu', '/rosout']"
1681490392.869582,62752,1681490392,869214296,,2,/imu_driver,Current time 1681490392 868156194,driver.py,driver,56,"['/imu', '/rosout']"
1681490392.8935947,62753,1681490392,893151044,,2,/imu_driver,Current time 1681490392 892174005,driver.py,driver,56,"['/imu', '/rosout']"
1681490392.9196591,62754,1681490392,919122695,,2,/imu_driver,Current time 1681490392 918050527,driver.py,driver,56,"['/imu', '/rosout']"
1681490392.9452977,62755,1681490392,944587707,,2,/imu_driver,Current time 1681490392 943194866,driver.py,driver,56,"['/imu', '/rosout']"
1681490392.9697793,62756,1681490392,969213962,,2,/imu_driver,Current time 1681490392 968029260,driver.py,driver,56,"['/imu', '/rosout']"
1681490392.994362,62757,1681490392,993872880,,2,/imu_driver,Current time 1681490392 992896080,driver.py,driver,56,"['/imu', '/rosout']"
1681490393.019656,62758,1681490393,19326210,,2,/imu_driver,Current time 1681490393 17946004,driver.py,driver,56,"['/imu', '/rosout']"
1681490393.0452542,62759,1681490393,44710397,,2,/imu_driver,Current time 1681490393 43137550,driver.py,driver,56,"['/imu', '/rosout']"
1681490393.0692725,62760,1681490393,69027662,,2,/imu_driver,Current time 1681490393 67664861,driver.py,driver,56,"['/imu', '/rosout']"
1681490393.0949872,62761,1681490393,94217300,,2,/imu_driver,Current time 1681490393 93020200,driver.py,driver,56,"['/imu', '/rosout']"
1681490393.1194727,62762,1681490393,118986606,,2,/imu_driver,Current time 1681490393 117896080,driver.py,driver,56,"['/imu', '/rosout']"
1681490393.1443799,62763,1681490393,143843650,,2,/imu_driver,Current time 1681490393 142765045,driver.py,driver,56,"['/imu', '/rosout']"
1681490393.1694841,62764,1681490393,169144630,,2,/imu_driver,Current time 1681490393 167923688,driver.py,driver,56,"['/imu', '/rosout']"
1681490393.19488,62765,1681490393,194232940,,2,/imu_driver,Current time 1681490393 192837715,driver.py,driver,56,"['/imu', '/rosout']"
1681490393.2196321,62766,1681490393,219311475,,2,/imu_driver,Current time 1681490393 218221664,driver.py,driver,56,"['/imu', '/rosout']"
1681490393.2442694,62767,1681490393,243864774,,2,/imu_driver,Current time 1681490393 242859840,driver.py,driver,56,"['/imu', '/rosout']"
1681490393.2691956,62768,1681490393,268891334,,2,/imu_driver,Current time 1681490393 267749309,driver.py,driver,56,"['/imu', '/rosout']"
1681490393.294538,62769,1681490393,294206142,,2,/imu_driver,Current time 1681490393 292825937,driver.py,driver,56,"['/imu', '/rosout']"
1681490393.3190997,62770,1681490393,318835735,,2,/imu_driver,Current time 1681490393 317795753,driver.py,driver,56,"['/imu', '/rosout']"
1681490393.344247,62771,1681490393,343877315,,2,/imu_driver,Current time 1681490393 342856168,driver.py,driver,56,"['/imu', '/rosout']"
1681490393.3687868,62772,1681490393,368465662,,2,/imu_driver,Current time 1681490393 367563724,driver.py,driver,56,"['/imu', '/rosout']"
1681490393.3939686,62773,1681490393,393671512,,2,/imu_driver,Current time 1681490393 392698287,driver.py,driver,56,"['/imu', '/rosout']"
1681490393.419277,62774,1681490393,418748617,,2,/imu_driver,Current time 1681490393 417719841,driver.py,driver,56,"['/imu', '/rosout']"
1681490393.4480224,62775,1681490393,444003820,,2,/imu_driver,Current time 1681490393 442487478,driver.py,driver,56,"['/imu', '/rosout']"
1681490393.469206,62776,1681490393,468523740,,2,/imu_driver,Current time 1681490393 467591524,driver.py,driver,56,"['/imu', '/rosout']"
1681490393.4941084,62777,1681490393,493521928,,2,/imu_driver,Current time 1681490393 492542028,driver.py,driver,56,"['/imu', '/rosout']"
1681490393.5190225,62778,1681490393,518778800,,2,/imu_driver,Current time 1681490393 517691850,driver.py,driver,56,"['/imu', '/rosout']"
1681490393.5452507,62779,1681490393,544552803,,2,/imu_driver,Current time 1681490393 543205976,driver.py,driver,56,"['/imu', '/rosout']"
1681490393.569354,62780,1681490393,568797588,,2,/imu_driver,Current time 1681490393 567552804,driver.py,driver,56,"['/imu', '/rosout']"
1681490393.5942068,62781,1681490393,593892097,,2,/imu_driver,Current time 1681490393 592441797,driver.py,driver,56,"['/imu', '/rosout']"
1681490393.6190975,62782,1681490393,618838071,,2,/imu_driver,Current time 1681490393 617588043,driver.py,driver,56,"['/imu', '/rosout']"
1681490393.6446652,62783,1681490393,643584966,,2,/imu_driver,Current time 1681490393 642403125,driver.py,driver,56,"['/imu', '/rosout']"
1681490393.6696792,62784,1681490393,669060945,,2,/imu_driver,Current time 1681490393 667643070,driver.py,driver,56,"['/imu', '/rosout']"
1681490393.694806,62785,1681490393,694113254,,2,/imu_driver,Current time 1681490393 692446947,driver.py,driver,56,"['/imu', '/rosout']"
1681490393.719136,62786,1681490393,718610286,,2,/imu_driver,Current time 1681490393 717643499,driver.py,driver,56,"['/imu', '/rosout']"
1681490393.7439628,62787,1681490393,743413209,,2,/imu_driver,Current time 1681490393 742393493,driver.py,driver,56,"['/imu', '/rosout']"
1681490393.7691603,62788,1681490393,768622636,,2,/imu_driver,Current time 1681490393 767452239,driver.py,driver,56,"['/imu', '/rosout']"
1681490393.7946196,62789,1681490393,794003009,,2,/imu_driver,Current time 1681490393 792629718,driver.py,driver,56,"['/imu', '/rosout']"
1681490393.8200624,62790,1681490393,819390296,,2,/imu_driver,Current time 1681490393 818315982,driver.py,driver,56,"['/imu', '/rosout']"
1681490393.8442273,62791,1681490393,843534231,,2,/imu_driver,Current time 1681490393 842517852,driver.py,driver,56,"['/imu', '/rosout']"
1681490393.8695,62792,1681490393,869316577,,2,/imu_driver,Current time 1681490393 868364095,driver.py,driver,56,"['/imu', '/rosout']"
1681490393.893692,62793,1681490393,893266677,,2,/imu_driver,Current time 1681490393 892275094,driver.py,driver,56,"['/imu', '/rosout']"
1681490393.9196148,62794,1681490393,919401407,,2,/imu_driver,Current time 1681490393 918198585,driver.py,driver,56,"['/imu', '/rosout']"
1681490393.9452007,62795,1681490393,944742918,,2,/imu_driver,Current time 1681490393 943206548,driver.py,driver,56,"['/imu', '/rosout']"
1681490393.9704444,62796,1681490393,969649076,,2,/imu_driver,Current time 1681490393 968425512,driver.py,driver,56,"['/imu', '/rosout']"
1681490393.993754,62797,1681490393,993301868,,2,/imu_driver,Current time 1681490393 992195844,driver.py,driver,56,"['/imu', '/rosout']"
1681490394.0198355,62798,1681490394,19345045,,2,/imu_driver,Current time 1681490394 18244981,driver.py,driver,56,"['/imu', '/rosout']"
1681490394.0450466,62799,1681490394,44447660,,2,/imu_driver,Current time 1681490394 42691469,driver.py,driver,56,"['/imu', '/rosout']"
1681490394.0694246,62800,1681490394,69139242,,2,/imu_driver,Current time 1681490394 68091392,driver.py,driver,56,"['/imu', '/rosout']"
1681490394.0946107,62801,1681490394,94117641,,2,/imu_driver,Current time 1681490394 93002557,driver.py,driver,56,"['/imu', '/rosout']"
1681490394.1193402,62802,1681490394,119150638,,2,/imu_driver,Current time 1681490394 118198156,driver.py,driver,56,"['/imu', '/rosout']"
1681490394.1443942,62803,1681490394,144212484,,2,/imu_driver,Current time 1681490394 143232822,driver.py,driver,56,"['/imu', '/rosout']"
1681490394.1696453,62804,1681490394,169349193,,2,/imu_driver,Current time 1681490394 167986869,driver.py,driver,56,"['/imu', '/rosout']"
1681490394.194522,62805,1681490394,194238662,,2,/imu_driver,Current time 1681490394 192992925,driver.py,driver,56,"['/imu', '/rosout']"
1681490394.220087,62806,1681490394,219166994,,2,/imu_driver,Current time 1681490394 217963933,driver.py,driver,56,"['/imu', '/rosout']"
1681490394.2445295,62807,1681490394,243999719,,2,/imu_driver,Current time 1681490394 242920398,driver.py,driver,56,"['/imu', '/rosout']"
1681490394.269216,62808,1681490394,268944025,,2,/imu_driver,Current time 1681490394 267873048,driver.py,driver,56,"['/imu', '/rosout']"
1681490394.2948575,62809,1681490394,294341325,,2,/imu_driver,Current time 1681490394 293003559,driver.py,driver,56,"['/imu', '/rosout']"
1681490394.3198957,62810,1681490394,318958520,,2,/imu_driver,Current time 1681490394 317882061,driver.py,driver,56,"['/imu', '/rosout']"
1681490394.3455496,62811,1681490394,344978094,,2,/imu_driver,Current time 1681490394 342958450,driver.py,driver,56,"['/imu', '/rosout']"
1681490394.3695042,62812,1681490394,368863582,,2,/imu_driver,Current time 1681490394 367838382,driver.py,driver,56,"['/imu', '/rosout']"
1681490394.394832,62813,1681490394,394077301,,2,/imu_driver,Current time 1681490394 393039941,driver.py,driver,56,"['/imu', '/rosout']"
1681490394.4191074,62814,1681490394,418887615,,2,/imu_driver,Current time 1681490394 417835474,driver.py,driver,56,"['/imu', '/rosout']"
1681490394.4466321,62815,1681490394,446092844,,2,/imu_driver,Current time 1681490394 444783449,driver.py,driver,56,"['/imu', '/rosout']"
1681490394.4693158,62816,1681490394,468998193,,2,/imu_driver,Current time 1681490394 467900514,driver.py,driver,56,"['/imu', '/rosout']"
1681490394.4942596,62817,1681490394,493793964,,2,/imu_driver,Current time 1681490394 492812395,driver.py,driver,56,"['/imu', '/rosout']"
1681490394.5199845,62818,1681490394,518877267,,2,/imu_driver,Current time 1681490394 517847537,driver.py,driver,56,"['/imu', '/rosout']"
1681490394.5466785,62819,1681490394,546441555,,2,/imu_driver,Current time 1681490394 545065879,driver.py,driver,56,"['/imu', '/rosout']"
1681490394.5691977,62820,1681490394,568689346,,2,/imu_driver,Current time 1681490394 567646741,driver.py,driver,56,"['/imu', '/rosout']"
1681490394.594373,62821,1681490394,593886613,,2,/imu_driver,Current time 1681490394 592718362,driver.py,driver,56,"['/imu', '/rosout']"
1681490394.6196454,62822,1681490394,618918180,,2,/imu_driver,Current time 1681490394 617769479,driver.py,driver,56,"['/imu', '/rosout']"
1681490394.644317,62823,1681490394,643788337,,2,/imu_driver,Current time 1681490394 642762899,driver.py,driver,56,"['/imu', '/rosout']"
1681490394.6694472,62824,1681490394,669003486,,2,/imu_driver,Current time 1681490394 667885065,driver.py,driver,56,"['/imu', '/rosout']"
1681490394.6951296,62825,1681490394,694493293,,2,/imu_driver,Current time 1681490394 693130493,driver.py,driver,56,"['/imu', '/rosout']"
1681490394.7196882,62826,1681490394,719117879,,2,/imu_driver,Current time 1681490394 717731237,driver.py,driver,56,"['/imu', '/rosout']"
1681490394.7445552,62827,1681490394,743900775,,2,/imu_driver,Current time 1681490394 742645025,driver.py,driver,56,"['/imu', '/rosout']"
1681490394.7693357,62828,1681490394,768626928,,2,/imu_driver,Current time 1681490394 767508029,driver.py,driver,56,"['/imu', '/rosout']"
1681490394.794405,62829,1681490394,793795347,,2,/imu_driver,Current time 1681490394 792628049,driver.py,driver,56,"['/imu', '/rosout']"
1681490394.8199823,62830,1681490394,819007158,,2,/imu_driver,Current time 1681490394 817740440,driver.py,driver,56,"['/imu', '/rosout']"
1681490394.8469965,62831,1681490394,846642494,,2,/imu_driver,Current time 1681490394 845186233,driver.py,driver,56,"['/imu', '/rosout']"
1681490394.8692667,62832,1681490394,868577957,,2,/imu_driver,Current time 1681490394 867618560,driver.py,driver,56,"['/imu', '/rosout']"
1681490394.8941844,62833,1681490394,893660068,,2,/imu_driver,Current time 1681490394 892668724,driver.py,driver,56,"['/imu', '/rosout']"
1681490394.9192898,62834,1681490394,918693780,,2,/imu_driver,Current time 1681490394 917564392,driver.py,driver,56,"['/imu', '/rosout']"
1681490394.9447021,62835,1681490394,944301366,,2,/imu_driver,Current time 1681490394 942590713,driver.py,driver,56,"['/imu', '/rosout']"
1681490394.9689965,62836,1681490394,968657255,,2,/imu_driver,Current time 1681490394 967653274,driver.py,driver,56,"['/imu', '/rosout']"
1681490394.9944072,62837,1681490394,994012594,,2,/imu_driver,Current time 1681490394 992840528,driver.py,driver,56,"['/imu', '/rosout']"
1681490395.0187469,62838,1681490395,18548011,,2,/imu_driver,Current time 1681490395 17572641,driver.py,driver,56,"['/imu', '/rosout']"
1681490395.0438046,62839,1681490395,43500900,,2,/imu_driver,Current time 1681490395 42479753,driver.py,driver,56,"['/imu', '/rosout']"
1681490395.068594,62840,1681490395,68327665,,2,/imu_driver,Current time 1681490395 67243814,driver.py,driver,56,"['/imu', '/rosout']"
1681490395.0940359,62841,1681490395,93734741,,2,/imu_driver,Current time 1681490395 92290878,driver.py,driver,56,"['/imu', '/rosout']"
1681490395.1204712,62842,1681490395,119673013,,2,/imu_driver,Current time 1681490395 117347478,driver.py,driver,56,"['/imu', '/rosout']"
1681490395.143887,62843,1681490395,143397569,,2,/imu_driver,Current time 1681490395 142471075,driver.py,driver,56,"['/imu', '/rosout']"
1681490395.1685739,62844,1681490395,168344497,,2,/imu_driver,Current time 1681490395 167279005,driver.py,driver,56,"['/imu', '/rosout']"
1681490395.1942565,62845,1681490395,193913459,,2,/imu_driver,Current time 1681490395 192480564,driver.py,driver,56,"['/imu', '/rosout']"
1681490395.2199516,62846,1681490395,219717979,,2,/imu_driver,Current time 1681490395 218565225,driver.py,driver,56,"['/imu', '/rosout']"
1681490395.2437832,62847,1681490395,243340492,,2,/imu_driver,Current time 1681490395 242352008,driver.py,driver,56,"['/imu', '/rosout']"
1681490395.2697723,62848,1681490395,269293069,,2,/imu_driver,Current time 1681490395 268230676,driver.py,driver,56,"['/imu', '/rosout']"
1681490395.2945614,62849,1681490395,294362068,,2,/imu_driver,Current time 1681490395 293373107,driver.py,driver,56,"['/imu', '/rosout']"
1681490395.3201203,62850,1681490395,319336891,,2,/imu_driver,Current time 1681490395 318260192,driver.py,driver,56,"['/imu', '/rosout']"
1681490395.3454075,62851,1681490395,344743728,,2,/imu_driver,Current time 1681490395 343286514,driver.py,driver,56,"['/imu', '/rosout']"
1681490395.3700364,62852,1681490395,369306325,,2,/imu_driver,Current time 1681490395 368114948,driver.py,driver,56,"['/imu', '/rosout']"
1681490395.3945296,62853,1681490395,394221067,,2,/imu_driver,Current time 1681490395 393245697,driver.py,driver,56,"['/imu', '/rosout']"
1681490395.4195242,62854,1681490395,419104814,,2,/imu_driver,Current time 1681490395 418035268,driver.py,driver,56,"['/imu', '/rosout']"
1681490395.444992,62855,1681490395,444492578,,2,/imu_driver,Current time 1681490395 442985773,driver.py,driver,56,"['/imu', '/rosout']"
1681490395.4703288,62856,1681490395,469223737,,2,/imu_driver,Current time 1681490395 468158006,driver.py,driver,56,"['/imu', '/rosout']"
1681490395.4947214,62857,1681490395,494055271,,2,/imu_driver,Current time 1681490395 492938995,driver.py,driver,56,"['/imu', '/rosout']"
1681490395.519462,62858,1681490395,518938302,,2,/imu_driver,Current time 1681490395 517927885,driver.py,driver,56,"['/imu', '/rosout']"
1681490395.5444157,62859,1681490395,544015169,,2,/imu_driver,Current time 1681490395 543087959,driver.py,driver,56,"['/imu', '/rosout']"
1681490395.5693417,62860,1681490395,569080114,,2,/imu_driver,Current time 1681490395 567980527,driver.py,driver,56,"['/imu', '/rosout']"
1681490395.595639,62861,1681490395,595352172,,2,/imu_driver,Current time 1681490395 594012975,driver.py,driver,56,"['/imu', '/rosout']"
1681490395.620232,62862,1681490395,619582176,,2,/imu_driver,Current time 1681490395 618419885,driver.py,driver,56,"['/imu', '/rosout']"
1681490395.6447277,62863,1681490395,643996953,,2,/imu_driver,Current time 1681490395 642935991,driver.py,driver,56,"['/imu', '/rosout']"
1681490395.6693785,62864,1681490395,669174432,,2,/imu_driver,Current time 1681490395 668048381,driver.py,driver,56,"['/imu', '/rosout']"
1681490395.696429,62865,1681490395,696194887,,2,/imu_driver,Current time 1681490395 694952249,driver.py,driver,56,"['/imu', '/rosout']"
1681490395.7196703,62866,1681490395,719099760,,2,/imu_driver,Current time 1681490395 717950582,driver.py,driver,56,"['/imu', '/rosout']"
1681490395.7445736,62867,1681490395,744040966,,2,/imu_driver,Current time 1681490395 742867231,driver.py,driver,56,"['/imu', '/rosout']"
1681490395.7692013,62868,1681490395,768920898,,2,/imu_driver,Current time 1681490395 767873287,driver.py,driver,56,"['/imu', '/rosout']"
1681490395.7941005,62869,1681490395,793613910,,2,/imu_driver,Current time 1681490395 792637586,driver.py,driver,56,"['/imu', '/rosout']"
1681490395.8194504,62870,1681490395,818861007,,2,/imu_driver,Current time 1681490395 817776679,driver.py,driver,56,"['/imu', '/rosout']"
1681490395.8590083,62871,1681490395,848359346,,2,/imu_driver,Current time 1681490395 842854738,driver.py,driver,56,"['/imu', '/rosout']"
1681490395.8694618,62872,1681490395,869025230,,2,/imu_driver,Current time 1681490395 867756366,driver.py,driver,56,"['/imu', '/rosout']"
1681490395.8947484,62873,1681490395,894089937,,2,/imu_driver,Current time 1681490395 892852306,driver.py,driver,56,"['/imu', '/rosout']"
1681490395.9194584,62874,1681490395,918882608,,2,/imu_driver,Current time 1681490395 917654275,driver.py,driver,56,"['/imu', '/rosout']"
1681490395.944818,62875,1681490395,944064855,,2,/imu_driver,Current time 1681490395 942628383,driver.py,driver,56,"['/imu', '/rosout']"
1681490395.9697344,62876,1681490395,968960762,,2,/imu_driver,Current time 1681490395 967655181,driver.py,driver,56,"['/imu', '/rosout']"
1681490395.9958928,62877,1681490395,995124340,,2,/imu_driver,Current time 1681490395 992621898,driver.py,driver,56,"['/imu', '/rosout']"
1681490396.019308,62878,1681490396,18573284,,2,/imu_driver,Current time 1681490396 17550945,driver.py,driver,56,"['/imu', '/rosout']"
1681490396.0442123,62879,1681490396,43674230,,2,/imu_driver,Current time 1681490396 42746067,driver.py,driver,56,"['/imu', '/rosout']"
1681490396.069422,62880,1681490396,68821191,,2,/imu_driver,Current time 1681490396 67692279,driver.py,driver,56,"['/imu', '/rosout']"
1681490396.0956237,62881,1681490396,93803167,,2,/imu_driver,Current time 1681490396 92664480,driver.py,driver,56,"['/imu', '/rosout']"
1681490396.1195889,62882,1681490396,118747949,,2,/imu_driver,Current time 1681490396 117632865,driver.py,driver,56,"['/imu', '/rosout']"
1681490396.1437523,62883,1681490396,143501043,,2,/imu_driver,Current time 1681490396 142569780,driver.py,driver,56,"['/imu', '/rosout']"
1681490396.1693337,62884,1681490396,168765544,,2,/imu_driver,Current time 1681490396 167689800,driver.py,driver,56,"['/imu', '/rosout']"
1681490396.194605,62885,1681490396,193949222,,2,/imu_driver,Current time 1681490396 192657232,driver.py,driver,56,"['/imu', '/rosout']"
1681490396.219336,62886,1681490396,218633651,,2,/imu_driver,Current time 1681490396 217594146,driver.py,driver,56,"['/imu', '/rosout']"
1681490396.2445877,62887,1681490396,243676900,,2,/imu_driver,Current time 1681490396 242480993,driver.py,driver,56,"['/imu', '/rosout']"
1681490396.269122,62888,1681490396,268616914,,2,/imu_driver,Current time 1681490396 267547130,driver.py,driver,56,"['/imu', '/rosout']"
1681490396.2939918,62889,1681490396,293500661,,2,/imu_driver,Current time 1681490396 292507648,driver.py,driver,56,"['/imu', '/rosout']"
1681490396.3190875,62890,1681490396,318488359,,2,/imu_driver,Current time 1681490396 317388534,driver.py,driver,56,"['/imu', '/rosout']"
1681490396.3448935,62891,1681490396,344215869,,2,/imu_driver,Current time 1681490396 342731714,driver.py,driver,56,"['/imu', '/rosout']"
1681490396.369041,62892,1681490396,368552923,,2,/imu_driver,Current time 1681490396 367336750,driver.py,driver,56,"['/imu', '/rosout']"
1681490396.3937771,62893,1681490396,393347501,,2,/imu_driver,Current time 1681490396 392297744,driver.py,driver,56,"['/imu', '/rosout']"
1681490396.4184785,62894,1681490396,418302536,,2,/imu_driver,Current time 1681490396 417381286,driver.py,driver,56,"['/imu', '/rosout']"
1681490396.4438527,62895,1681490396,443533897,,2,/imu_driver,Current time 1681490396 442288637,driver.py,driver,56,"['/imu', '/rosout']"
1681490396.4699154,62896,1681490396,469383716,,2,/imu_driver,Current time 1681490396 468266248,driver.py,driver,56,"['/imu', '/rosout']"
1681490396.4959707,62897,1681490396,493419170,,2,/imu_driver,Current time 1681490396 492302179,driver.py,driver,56,"['/imu', '/rosout']"
1681490396.5193584,62898,1681490396,519155740,,2,/imu_driver,Current time 1681490396 518129110,driver.py,driver,56,"['/imu', '/rosout']"
1681490396.5450265,62899,1681490396,544313907,,2,/imu_driver,Current time 1681490396 543301105,driver.py,driver,56,"['/imu', '/rosout']"
1681490396.5701222,62900,1681490396,569417715,,2,/imu_driver,Current time 1681490396 568247795,driver.py,driver,56,"['/imu', '/rosout']"
1681490396.5947123,62901,1681490396,594055891,,2,/imu_driver,Current time 1681490396 592566490,driver.py,driver,56,"['/imu', '/rosout']"
1681490396.619573,62902,1681490396,619230270,,2,/imu_driver,Current time 1681490396 618068218,driver.py,driver,56,"['/imu', '/rosout']"
1681490396.644965,62903,1681490396,644289255,,2,/imu_driver,Current time 1681490396 643131971,driver.py,driver,56,"['/imu', '/rosout']"
1681490396.6697507,62904,1681490396,669212818,,2,/imu_driver,Current time 1681490396 668067932,driver.py,driver,56,"['/imu', '/rosout']"
1681490396.6948225,62905,1681490396,694449901,,2,/imu_driver,Current time 1681490396 693173170,driver.py,driver,56,"['/imu', '/rosout']"
1681490396.7198966,62906,1681490396,719273805,,2,/imu_driver,Current time 1681490396 718216657,driver.py,driver,56,"['/imu', '/rosout']"
1681490396.7463882,62907,1681490396,745459318,,2,/imu_driver,Current time 1681490396 743079900,driver.py,driver,56,"['/imu', '/rosout']"
1681490396.7695618,62908,1681490396,769115686,,2,/imu_driver,Current time 1681490396 768161535,driver.py,driver,56,"['/imu', '/rosout']"
1681490396.7942002,62909,1681490396,793939828,,2,/imu_driver,Current time 1681490396 792977094,driver.py,driver,56,"['/imu', '/rosout']"
1681490396.8198075,62910,1681490396,819191694,,2,/imu_driver,Current time 1681490396 817966699,driver.py,driver,56,"['/imu', '/rosout']"
1681490396.844879,62911,1681490396,844303369,,2,/imu_driver,Current time 1681490396 843015193,driver.py,driver,56,"['/imu', '/rosout']"
1681490396.8695135,62912,1681490396,869030714,,2,/imu_driver,Current time 1681490396 867959260,driver.py,driver,56,"['/imu', '/rosout']"
1681490396.8945296,62913,1681490396,894080162,,2,/imu_driver,Current time 1681490396 893068790,driver.py,driver,56,"['/imu', '/rosout']"
1681490396.9194758,62914,1681490396,919269084,,2,/imu_driver,Current time 1681490396 917994499,driver.py,driver,56,"['/imu', '/rosout']"
1681490396.9442232,62915,1681490396,944036722,,2,/imu_driver,Current time 1681490396 943058252,driver.py,driver,56,"['/imu', '/rosout']"
1681490396.9695807,62916,1681490396,969230890,,2,/imu_driver,Current time 1681490396 968019008,driver.py,driver,56,"['/imu', '/rosout']"
1681490396.9960787,62917,1681490396,995708703,,2,/imu_driver,Current time 1681490396 992902040,driver.py,driver,56,"['/imu', '/rosout']"
1681490397.0194898,62918,1681490397,19052743,,2,/imu_driver,Current time 1681490397 17870664,driver.py,driver,56,"['/imu', '/rosout']"
1681490397.044803,62919,1681490397,44226408,,2,/imu_driver,Current time 1681490397 43031692,driver.py,driver,56,"['/imu', '/rosout']"
1681490397.069769,62920,1681490397,69023370,,2,/imu_driver,Current time 1681490397 67792415,driver.py,driver,56,"['/imu', '/rosout']"
1681490397.0959768,62921,1681490397,94927072,,2,/imu_driver,Current time 1681490397 93440532,driver.py,driver,56,"['/imu', '/rosout']"
1681490397.1196718,62922,1681490397,118877887,,2,/imu_driver,Current time 1681490397 117770671,driver.py,driver,56,"['/imu', '/rosout']"
1681490397.1442385,62923,1681490397,143813371,,2,/imu_driver,Current time 1681490397 142799139,driver.py,driver,56,"['/imu', '/rosout']"
1681490397.16964,62924,1681490397,168894529,,2,/imu_driver,Current time 1681490397 167856693,driver.py,driver,56,"['/imu', '/rosout']"
1681490397.194005,62925,1681490397,193770408,,2,/imu_driver,Current time 1681490397 192798614,driver.py,driver,56,"['/imu', '/rosout']"
1681490397.2190855,62926,1681490397,218763828,,2,/imu_driver,Current time 1681490397 217703342,driver.py,driver,56,"['/imu', '/rosout']"
1681490397.2448575,62927,1681490397,243999481,,2,/imu_driver,Current time 1681490397 242696762,driver.py,driver,56,"['/imu', '/rosout']"
1681490397.2693427,62928,1681490397,268581390,,2,/imu_driver,Current time 1681490397 267562389,driver.py,driver,56,"['/imu', '/rosout']"
1681490397.294012,62929,1681490397,293746471,,2,/imu_driver,Current time 1681490397 292695999,driver.py,driver,56,"['/imu', '/rosout']"
1681490397.3192594,62930,1681490397,318938732,,2,/imu_driver,Current time 1681490397 317600727,driver.py,driver,56,"['/imu', '/rosout']"
1681490397.3448567,62931,1681490397,344432592,,2,/imu_driver,Current time 1681490397 342551231,driver.py,driver,56,"['/imu', '/rosout']"
1681490397.3690314,62932,1681490397,368516206,,2,/imu_driver,Current time 1681490397 367516756,driver.py,driver,56,"['/imu', '/rosout']"
1681490397.3940196,62933,1681490397,393618583,,2,/imu_driver,Current time 1681490397 392647027,driver.py,driver,56,"['/imu', '/rosout']"
1681490397.4193735,62934,1681490397,418902158,,2,/imu_driver,Current time 1681490397 417811870,driver.py,driver,56,"['/imu', '/rosout']"
1681490397.4442503,62935,1681490397,443716287,,2,/imu_driver,Current time 1681490397 442612886,driver.py,driver,56,"['/imu', '/rosout']"
1681490397.4691896,62936,1681490397,468616247,,2,/imu_driver,Current time 1681490397 467498064,driver.py,driver,56,"['/imu', '/rosout']"
1681490397.49473,62937,1681490397,494119644,,2,/imu_driver,Current time 1681490397 492418527,driver.py,driver,56,"['/imu', '/rosout']"
1681490397.5204086,62938,1681490397,519228935,,2,/imu_driver,Current time 1681490397 517685174,driver.py,driver,56,"['/imu', '/rosout']"
1681490397.5446386,62939,1681490397,543611764,,2,/imu_driver,Current time 1681490397 542570829,driver.py,driver,56,"['/imu', '/rosout']"
1681490397.5694292,62940,1681490397,568747520,,2,/imu_driver,Current time 1681490397 567460775,driver.py,driver,56,"['/imu', '/rosout']"
1681490397.5953457,62941,1681490397,594369173,,2,/imu_driver,Current time 1681490397 592601537,driver.py,driver,56,"['/imu', '/rosout']"
1681490397.6190221,62942,1681490397,618506431,,2,/imu_driver,Current time 1681490397 617548942,driver.py,driver,56,"['/imu', '/rosout']"
1681490397.6438935,62943,1681490397,643337011,,2,/imu_driver,Current time 1681490397 642366409,driver.py,driver,56,"['/imu', '/rosout']"
1681490397.6700335,62944,1681490397,669616222,,2,/imu_driver,Current time 1681490397 668406486,driver.py,driver,56,"['/imu', '/rosout']"
1681490397.694596,62945,1681490397,694205522,,2,/imu_driver,Current time 1681490397 692230224,driver.py,driver,56,"['/imu', '/rosout']"
1681490397.7192469,62946,1681490397,718353748,,2,/imu_driver,Current time 1681490397 717256546,driver.py,driver,56,"['/imu', '/rosout']"
1681490397.74511,62947,1681490397,744511842,,2,/imu_driver,Current time 1681490397 743175029,driver.py,driver,56,"['/imu', '/rosout']"
1681490397.7699282,62948,1681490397,769420146,,2,/imu_driver,Current time 1681490397 768407583,driver.py,driver,56,"['/imu', '/rosout']"
1681490397.79381,62949,1681490397,793201446,,2,/imu_driver,Current time 1681490397 792270421,driver.py,driver,56,"['/imu', '/rosout']"
1681490397.8196423,62950,1681490397,819303274,,2,/imu_driver,Current time 1681490397 818240165,driver.py,driver,56,"['/imu', '/rosout']"
1681490397.847875,62951,1681490397,847549676,,2,/imu_driver,Current time 1681490397 846296787,driver.py,driver,56,"['/imu', '/rosout']"
1681490397.8692803,62952,1681490397,869109153,,2,/imu_driver,Current time 1681490397 868141889,driver.py,driver,56,"['/imu', '/rosout']"
1681490397.8935127,62953,1681490397,893260717,,2,/imu_driver,Current time 1681490397 892225265,driver.py,driver,56,"['/imu', '/rosout']"
1681490397.9197724,62954,1681490397,919268846,,2,/imu_driver,Current time 1681490397 918236255,driver.py,driver,56,"['/imu', '/rosout']"
1681490397.9445183,62955,1681490397,943996191,,2,/imu_driver,Current time 1681490397 943090438,driver.py,driver,56,"['/imu', '/rosout']"
1681490397.9695423,62956,1681490397,969012975,,2,/imu_driver,Current time 1681490397 967989206,driver.py,driver,56,"['/imu', '/rosout']"
1681490397.9979775,62957,1681490397,997426271,,2,/imu_driver,Current time 1681490397 994994640,driver.py,driver,56,"['/imu', '/rosout']"
1681490398.019582,62958,1681490398,19146919,,2,/imu_driver,Current time 1681490398 17940282,driver.py,driver,56,"['/imu', '/rosout']"
1681490398.044463,62959,1681490398,44001340,,2,/imu_driver,Current time 1681490398 43000221,driver.py,driver,56,"['/imu', '/rosout']"
1681490398.0693917,62960,1681490398,69157361,,2,/imu_driver,Current time 1681490398 68046331,driver.py,driver,56,"['/imu', '/rosout']"
1681490398.095169,62961,1681490398,94465017,,2,/imu_driver,Current time 1681490398 93048810,driver.py,driver,56,"['/imu', '/rosout']"
1681490398.1198947,62962,1681490398,119409561,,2,/imu_driver,Current time 1681490398 118036031,driver.py,driver,56,"['/imu', '/rosout']"
1681490398.1452804,62963,1681490398,144415378,,2,/imu_driver,Current time 1681490398 143016099,driver.py,driver,56,"['/imu', '/rosout']"
1681490398.1718755,62964,1681490398,169464588,,2,/imu_driver,Current time 1681490398 168009519,driver.py,driver,56,"['/imu', '/rosout']"
1681490398.1949933,62965,1681490398,194222688,,2,/imu_driver,Current time 1681490398 192948818,driver.py,driver,56,"['/imu', '/rosout']"
1681490398.220414,62966,1681490398,219434261,,2,/imu_driver,Current time 1681490398 218042612,driver.py,driver,56,"['/imu', '/rosout']"
1681490398.246209,62967,1681490398,244554996,,2,/imu_driver,Current time 1681490398 242861032,driver.py,driver,56,"['/imu', '/rosout']"
1681490398.2693849,62968,1681490398,269087314,,2,/imu_driver,Current time 1681490398 267833709,driver.py,driver,56,"['/imu', '/rosout']"
1681490398.2942586,62969,1681490398,294028759,,2,/imu_driver,Current time 1681490398 292862176,driver.py,driver,56,"['/imu', '/rosout']"
1681490398.3190634,62970,1681490398,318820238,,2,/imu_driver,Current time 1681490398 317745923,driver.py,driver,56,"['/imu', '/rosout']"
1681490398.3488448,62971,1681490398,348589897,,2,/imu_driver,Current time 1681490398 343380928,driver.py,driver,56,"['/imu', '/rosout']"
1681490398.3689919,62972,1681490398,368764638,,2,/imu_driver,Current time 1681490398 367736577,driver.py,driver,56,"['/imu', '/rosout']"
1681490398.3962162,62973,1681490398,395860433,,2,/imu_driver,Current time 1681490398 393090724,driver.py,driver,56,"['/imu', '/rosout']"
1681490398.419082,62974,1681490398,418807268,,2,/imu_driver,Current time 1681490398 417943000,driver.py,driver,56,"['/imu', '/rosout']"
1681490398.41926,12,1681490398,419152314,,4,/record_1681490238361869733,Less than 5 x 1G of space free on disk with '2023-04-14-12-37-18.bag.active'.,/tmp/binarydeb/ros-noetic-rosbag-1.15.15/src/recorder.cpp,Recorder::checkDisk,771,['/rosout']
1681490398.4442692,62975,1681490398,443981170,,2,/imu_driver,Current time 1681490398 442876100,driver.py,driver,56,"['/imu', '/rosout']"
1681490398.4699676,62976,1681490398,469006776,,2,/imu_driver,Current time 1681490398 467699289,driver.py,driver,56,"['/imu', '/rosout']"
1681490398.4948332,62977,1681490398,494078397,,2,/imu_driver,Current time 1681490398 492618799,driver.py,driver,56,"['/imu', '/rosout']"
1681490398.5194452,62978,1681490398,518887996,,2,/imu_driver,Current time 1681490398 517860651,driver.py,driver,56,"['/imu', '/rosout']"
1681490398.544931,62979,1681490398,544008016,,2,/imu_driver,Current time 1681490398 542809247,driver.py,driver,56,"['/imu', '/rosout']"
1681490398.5698438,62980,1681490398,569287776,,2,/imu_driver,Current time 1681490398 567682981,driver.py,driver,56,"['/imu', '/rosout']"
1681490398.5941372,62981,1681490398,593674182,,2,/imu_driver,Current time 1681490398 592700481,driver.py,driver,56,"['/imu', '/rosout']"
1681490398.6187875,62982,1681490398,618544340,,2,/imu_driver,Current time 1681490398 617556571,driver.py,driver,56,"['/imu', '/rosout']"
1681490398.6445715,62983,1681490398,644051551,,2,/imu_driver,Current time 1681490398 642506599,driver.py,driver,56,"['/imu', '/rosout']"
1681490398.6694484,62984,1681490398,668823003,,2,/imu_driver,Current time 1681490398 667598247,driver.py,driver,56,"['/imu', '/rosout']"
1681490398.694354,62985,1681490398,694152116,,2,/imu_driver,Current time 1681490398 692723274,driver.py,driver,56,"['/imu', '/rosout']"
1681490398.7192543,62986,1681490398,718535423,,2,/imu_driver,Current time 1681490398 717504978,driver.py,driver,56,"['/imu', '/rosout']"
1681490398.7455347,62987,1681490398,744339704,,2,/imu_driver,Current time 1681490398 742534160,driver.py,driver,56,"['/imu', '/rosout']"
1681490398.7696805,62988,1681490398,768888950,,2,/imu_driver,Current time 1681490398 767683506,driver.py,driver,56,"['/imu', '/rosout']"
1681490398.7947986,62989,1681490398,794292211,,2,/imu_driver,Current time 1681490398 792990684,driver.py,driver,56,"['/imu', '/rosout']"
1681490398.8190022,62990,1681490398,818774700,,2,/imu_driver,Current time 1681490398 817607879,driver.py,driver,56,"['/imu', '/rosout']"
1681490398.8442535,62991,1681490398,843594312,,2,/imu_driver,Current time 1681490398 842470645,driver.py,driver,56,"['/imu', '/rosout']"
1681490398.8695364,62992,1681490398,868822336,,2,/imu_driver,Current time 1681490398 867508172,driver.py,driver,56,"['/imu', '/rosout']"
1681490398.8946521,62993,1681490398,893943309,,2,/imu_driver,Current time 1681490398 892386913,driver.py,driver,56,"['/imu', '/rosout']"
1681490398.9189892,62994,1681490398,918571710,,2,/imu_driver,Current time 1681490398 917392015,driver.py,driver,56,"['/imu', '/rosout']"
1681490398.9439197,62995,1681490398,943515300,,2,/imu_driver,Current time 1681490398 942490816,driver.py,driver,56,"['/imu', '/rosout']"
1681490398.9690819,62996,1681490398,968560457,,2,/imu_driver,Current time 1681490398 967429399,driver.py,driver,56,"['/imu', '/rosout']"
1681490398.9958324,62997,1681490398,994675636,,2,/imu_driver,Current time 1681490398 992472410,driver.py,driver,56,"['/imu', '/rosout']"
1681490399.0199785,62998,1681490399,19494295,,2,/imu_driver,Current time 1681490399 18383264,driver.py,driver,56,"['/imu', '/rosout']"
1681490399.0453289,62999,1681490399,44991731,,2,/imu_driver,Current time 1681490399 42374134,driver.py,driver,56,"['/imu', '/rosout']"
1681490399.0697021,63000,1681490399,69403648,,2,/imu_driver,Current time 1681490399 68397283,driver.py,driver,56,"['/imu', '/rosout']"
1681490399.0937586,63001,1681490399,93369007,,2,/imu_driver,Current time 1681490399 92289209,driver.py,driver,56,"['/imu', '/rosout']"
1681490399.1205993,63002,1681490399,120040893,,2,/imu_driver,Current time 1681490399 118832111,driver.py,driver,56,"['/imu', '/rosout']"
1681490399.145066,63003,1681490399,144448995,,2,/imu_driver,Current time 1681490399 143096208,driver.py,driver,56,"['/imu', '/rosout']"
1681490399.1696932,63004,1681490399,169451236,,2,/imu_driver,Current time 1681490399 168254613,driver.py,driver,56,"['/imu', '/rosout']"
1681490399.194767,63005,1681490399,194185972,,2,/imu_driver,Current time 1681490399 193182706,driver.py,driver,56,"['/imu', '/rosout']"
1681490399.2197556,63006,1681490399,219156265,,2,/imu_driver,Current time 1681490399 218170166,driver.py,driver,56,"['/imu', '/rosout']"
1681490399.2471092,63007,1681490399,246829509,,2,/imu_driver,Current time 1681490399 245711088,driver.py,driver,56,"['/imu', '/rosout']"
1681490399.2695813,63008,1681490399,269382476,,2,/imu_driver,Current time 1681490399 268141269,driver.py,driver,56,"['/imu', '/rosout']"
1681490399.29476,63009,1681490399,294374465,,2,/imu_driver,Current time 1681490399 293106794,driver.py,driver,56,"['/imu', '/rosout']"
1681490399.3195488,63010,1681490399,319264650,,2,/imu_driver,Current time 1681490399 317995548,driver.py,driver,56,"['/imu', '/rosout']"
1681490399.3447645,63011,1681490399,344135284,,2,/imu_driver,Current time 1681490399 343060493,driver.py,driver,56,"['/imu', '/rosout']"
1681490399.3700902,63012,1681490399,369295358,,2,/imu_driver,Current time 1681490399 368007183,driver.py,driver,56,"['/imu', '/rosout']"
1681490399.3974094,63013,1681490399,394732475,,2,/imu_driver,Current time 1681490399 393291473,driver.py,driver,56,"['/imu', '/rosout']"
1681490399.4196506,63014,1681490399,419009685,,2,/imu_driver,Current time 1681490399 418012619,driver.py,driver,56,"['/imu', '/rosout']"
1681490399.444907,63015,1681490399,444048881,,2,/imu_driver,Current time 1681490399 443053722,driver.py,driver,56,"['/imu', '/rosout']"
1681490399.470318,63016,1681490399,469505786,,2,/imu_driver,Current time 1681490399 467898845,driver.py,driver,56,"['/imu', '/rosout']"
1681490399.495381,63017,1681490399,494920253,,2,/imu_driver,Current time 1681490399 493001222,driver.py,driver,56,"['/imu', '/rosout']"
1681490399.5218382,63018,1681490399,521374225,,2,/imu_driver,Current time 1681490399 519645452,driver.py,driver,56,"['/imu', '/rosout']"
1681490399.5477595,63019,1681490399,545075416,,2,/imu_driver,Current time 1681490399 542944908,driver.py,driver,56,"['/imu', '/rosout']"
1681490399.5718272,63020,1681490399,570819377,,2,/imu_driver,Current time 1681490399 567892551,driver.py,driver,56,"['/imu', '/rosout']"
1681490399.5946608,63021,1681490399,594306230,,2,/imu_driver,Current time 1681490399 592903614,driver.py,driver,56,"['/imu', '/rosout']"
1681490399.6195788,63022,1681490399,619282960,,2,/imu_driver,Current time 1681490399 617901563,driver.py,driver,56,"['/imu', '/rosout']"
1681490399.6480777,63023,1681490399,646074056,,2,/imu_driver,Current time 1681490399 643927097,driver.py,driver,56,"['/imu', '/rosout']"
1681490399.6697223,63024,1681490399,669380664,,2,/imu_driver,Current time 1681490399 667828321,driver.py,driver,56,"['/imu', '/rosout']"
1681490399.6948686,63025,1681490399,694424629,,2,/imu_driver,Current time 1681490399 692818880,driver.py,driver,56,"['/imu', '/rosout']"
1681490399.7204585,63026,1681490399,719477176,,2,/imu_driver,Current time 1681490399 717800617,driver.py,driver,56,"['/imu', '/rosout']"
1681490399.7460911,63027,1681490399,744821548,,2,/imu_driver,Current time 1681490399 742739439,driver.py,driver,56,"['/imu', '/rosout']"
1681490399.7706518,63028,1681490399,769526720,,2,/imu_driver,Current time 1681490399 767879962,driver.py,driver,56,"['/imu', '/rosout']"
1681490399.7964466,63029,1681490399,794456481,,2,/imu_driver,Current time 1681490399 792886257,driver.py,driver,56,"['/imu', '/rosout']"
1681490399.8195374,63030,1681490399,818853855,,2,/imu_driver,Current time 1681490399 817737102,driver.py,driver,56,"['/imu', '/rosout']"
1681490399.8446016,63031,1681490399,843762636,,2,/imu_driver,Current time 1681490399 842694282,driver.py,driver,56,"['/imu', '/rosout']"
1681490399.8696706,63032,1681490399,868856668,,2,/imu_driver,Current time 1681490399 867635011,driver.py,driver,56,"['/imu', '/rosout']"
1681490399.8954148,63033,1681490399,894876480,,2,/imu_driver,Current time 1681490399 893380165,driver.py,driver,56,"['/imu', '/rosout']"
1681490399.9194248,63034,1681490399,918768882,,2,/imu_driver,Current time 1681490399 917712926,driver.py,driver,56,"['/imu', '/rosout']"
1681490399.9443378,63035,1681490399,943701744,,2,/imu_driver,Current time 1681490399 942716121,driver.py,driver,56,"['/imu', '/rosout']"
1681490399.9693894,63036,1681490399,968977689,,2,/imu_driver,Current time 1681490399 967622995,driver.py,driver,56,"['/imu', '/rosout']"
1681490399.9963312,63037,1681490399,994529485,,2,/imu_driver,Current time 1681490399 993236780,driver.py,driver,56,"['/imu', '/rosout']"
1681490400.0192308,63038,1681490400,18730401,,2,/imu_driver,Current time 1681490400 17521381,driver.py,driver,56,"['/imu', '/rosout']"
1681490400.044304,63039,1681490400,43695688,,2,/imu_driver,Current time 1681490400 42516946,driver.py,driver,56,"['/imu', '/rosout']"
1681490400.0693681,63040,1681490400,68681716,,2,/imu_driver,Current time 1681490400 67647695,driver.py,driver,56,"['/imu', '/rosout']"
1681490400.0943503,63041,1681490400,93641281,,2,/imu_driver,Current time 1681490400 92714548,driver.py,driver,56,"['/imu', '/rosout']"
1681490400.1216884,63042,1681490400,118829250,,2,/imu_driver,Current time 1681490400 117635488,driver.py,driver,56,"['/imu', '/rosout']"
1681490400.1453867,63043,1681490400,144633293,,2,/imu_driver,Current time 1681490400 143312931,driver.py,driver,56,"['/imu', '/rosout']"
1681490400.1694195,63044,1681490400,168749570,,2,/imu_driver,Current time 1681490400 167451858,driver.py,driver,56,"['/imu', '/rosout']"
1681490400.1942816,63045,1681490400,193680286,,2,/imu_driver,Current time 1681490400 192505598,driver.py,driver,56,"['/imu', '/rosout']"
1681490400.2187724,63046,1681490400,218534469,,2,/imu_driver,Current time 1681490400 217450380,driver.py,driver,56,"['/imu', '/rosout']"
1681490400.2449067,63047,1681490400,244269847,,2,/imu_driver,Current time 1681490400 242750167,driver.py,driver,56,"['/imu', '/rosout']"
1681490400.2691274,63048,1681490400,268552303,,2,/imu_driver,Current time 1681490400 267491817,driver.py,driver,56,"['/imu', '/rosout']"
1681490400.2952545,63049,1681490400,294933557,,2,/imu_driver,Current time 1681490400 293520689,driver.py,driver,56,"['/imu', '/rosout']"
1681490400.3189046,63050,1681490400,318273305,,2,/imu_driver,Current time 1681490400 317371368,driver.py,driver,56,"['/imu', '/rosout']"
1681490400.3445907,63051,1681490400,344139099,,2,/imu_driver,Current time 1681490400 343229532,driver.py,driver,56,"['/imu', '/rosout']"
1681490400.3703802,63052,1681490400,369664430,,2,/imu_driver,Current time 1681490400 368293285,driver.py,driver,56,"['/imu', '/rosout']"
1681490400.3946762,63053,1681490400,394068241,,2,/imu_driver,Current time 1681490400 392880201,driver.py,driver,56,"['/imu', '/rosout']"
1681490400.4194376,63054,1681490400,419188499,,2,/imu_driver,Current time 1681490400 418230295,driver.py,driver,56,"['/imu', '/rosout']"
1681490400.4457073,63055,1681490400,444772243,,2,/imu_driver,Current time 1681490400 443281650,driver.py,driver,56,"['/imu', '/rosout']"
1681490400.4705684,63056,1681490400,469777584,,2,/imu_driver,Current time 1681490400 468309164,driver.py,driver,56,"['/imu', '/rosout']"
1681490400.495141,63057,1681490400,494495153,,2,/imu_driver,Current time 1681490400 493288993,driver.py,driver,56,"['/imu', '/rosout']"
1681490400.5204124,63058,1681490400,519879579,,2,/imu_driver,Current time 1681490400 518297672,driver.py,driver,56,"['/imu', '/rosout']"
1681490400.5454965,63059,1681490400,545259237,,2,/imu_driver,Current time 1681490400 543808460,driver.py,driver,56,"['/imu', '/rosout']"
1681490400.569693,63060,1681490400,569425344,,2,/imu_driver,Current time 1681490400 568106174,driver.py,driver,56,"['/imu', '/rosout']"
1681490400.5954528,63061,1681490400,594870090,,2,/imu_driver,Current time 1681490400 593236446,driver.py,driver,56,"['/imu', '/rosout']"
1681490400.61984,63062,1681490400,619226694,,2,/imu_driver,Current time 1681490400 618125915,driver.py,driver,56,"['/imu', '/rosout']"
1681490400.6453943,63063,1681490400,644441127,,2,/imu_driver,Current time 1681490400 643051624,driver.py,driver,56,"['/imu', '/rosout']"
1681490400.6812685,63064,1681490400,680993080,,2,/imu_driver,Current time 1681490400 679775714,driver.py,driver,56,"['/imu', '/rosout']"
1681490400.69732,63065,1681490400,696573495,,2,/imu_driver,Current time 1681490400 695250749,driver.py,driver,56,"['/imu', '/rosout']"
1681490400.7201753,63066,1681490400,719268798,,2,/imu_driver,Current time 1681490400 718067169,driver.py,driver,56,"['/imu', '/rosout']"
1681490400.74473,63067,1681490400,744467020,,2,/imu_driver,Current time 1681490400 743035078,driver.py,driver,56,"['/imu', '/rosout']"
1681490400.7693245,63068,1681490400,769118547,,2,/imu_driver,Current time 1681490400 768061399,driver.py,driver,56,"['/imu', '/rosout']"
1681490400.7943983,63069,1681490400,794164657,,2,/imu_driver,Current time 1681490400 792989015,driver.py,driver,56,"['/imu', '/rosout']"
1681490400.8194504,63070,1681490400,819237470,,2,/imu_driver,Current time 1681490400 818079233,driver.py,driver,56,"['/imu', '/rosout']"
1681490400.8447645,63071,1681490400,843996524,,2,/imu_driver,Current time 1681490400 842834234,driver.py,driver,56,"['/imu', '/rosout']"
1681490400.8698618,63072,1681490400,869137048,,2,/imu_driver,Current time 1681490400 867899179,driver.py,driver,56,"['/imu', '/rosout']"
1681490400.895317,63073,1681490400,894313812,,2,/imu_driver,Current time 1681490400 892967939,driver.py,driver,56,"['/imu', '/rosout']"
1681490400.9195573,63074,1681490400,919023513,,2,/imu_driver,Current time 1681490400 917965888,driver.py,driver,56,"['/imu', '/rosout']"
1681490400.9448392,63075,1681490400,943723678,,2,/imu_driver,Current time 1681490400 942739725,driver.py,driver,56,"['/imu', '/rosout']"
1681490400.9690647,63076,1681490400,968673944,,2,/imu_driver,Current time 1681490400 967693328,driver.py,driver,56,"['/imu', '/rosout']"
1681490400.9973667,63077,1681490400,996778011,,2,/imu_driver,Current time 1681490400 993288755,driver.py,driver,56,"['/imu', '/rosout']"
1681490401.0236087,63078,1681490401,22184610,,2,/imu_driver,Current time 1681490401 18488883,driver.py,driver,56,"['/imu', '/rosout']"
1681490401.0465326,63079,1681490401,45853853,,2,/imu_driver,Current time 1681490401 44281244,driver.py,driver,56,"['/imu', '/rosout']"
1681490401.069832,63080,1681490401,68768739,,2,/imu_driver,Current time 1681490401 67709922,driver.py,driver,56,"['/imu', '/rosout']"
1681490401.0943208,63081,1681490401,93749523,,2,/imu_driver,Current time 1681490401 92792272,driver.py,driver,56,"['/imu', '/rosout']"
1681490401.1192982,63082,1681490401,118865489,,2,/imu_driver,Current time 1681490401 117775678,driver.py,driver,56,"['/imu', '/rosout']"
1681490401.1442418,63083,1681490401,143909692,,2,/imu_driver,Current time 1681490401 142636775,driver.py,driver,56,"['/imu', '/rosout']"
1681490401.171378,63084,1681490401,171134710,,2,/imu_driver,Current time 1681490401 170072793,driver.py,driver,56,"['/imu', '/rosout']"
1681490401.1947172,63085,1681490401,194332838,,2,/imu_driver,Current time 1681490401 193004846,driver.py,driver,56,"['/imu', '/rosout']"
1681490401.219119,63086,1681490401,218855619,,2,/imu_driver,Current time 1681490401 217762231,driver.py,driver,56,"['/imu', '/rosout']"
1681490401.24498,63087,1681490401,244237661,,2,/imu_driver,Current time 1681490401 242828130,driver.py,driver,56,"['/imu', '/rosout']"
1681490401.269407,63088,1681490401,268831253,,2,/imu_driver,Current time 1681490401 267730236,driver.py,driver,56,"['/imu', '/rosout']"
1681490401.2945657,63089,1681490401,294155120,,2,/imu_driver,Current time 1681490401 292771816,driver.py,driver,56,"['/imu', '/rosout']"
1681490401.3189015,63090,1681490401,318513393,,2,/imu_driver,Current time 1681490401 317631244,driver.py,driver,56,"['/imu', '/rosout']"
1681490401.3438842,63091,1681490401,343458414,,2,/imu_driver,Current time 1681490401 342481136,driver.py,driver,56,"['/imu', '/rosout']"
1681490401.3690457,63092,1681490401,368677377,,2,/imu_driver,Current time 1681490401 367561101,driver.py,driver,56,"['/imu', '/rosout']"
1681490401.3942888,63093,1681490401,393929958,,2,/imu_driver,Current time 1681490401 392629146,driver.py,driver,56,"['/imu', '/rosout']"
1681490401.4188597,63094,1681490401,418521881,,2,/imu_driver,Current time 1681490401 417704820,driver.py,driver,56,"['/imu', '/rosout']"
1681490401.44419,63095,1681490401,443789005,,2,/imu_driver,Current time 1681490401 442519664,driver.py,driver,56,"['/imu', '/rosout']"
1681490401.4688334,63096,1681490401,468472242,,2,/imu_driver,Current time 1681490401 467490911,driver.py,driver,56,"['/imu', '/rosout']"
1681490401.493648,63097,1681490401,493372201,,2,/imu_driver,Current time 1681490401 492398262,driver.py,driver,56,"['/imu', '/rosout']"
1681490401.518914,63098,1681490401,518436431,,2,/imu_driver,Current time 1681490401 517483711,driver.py,driver,56,"['/imu', '/rosout']"
1681490401.5448995,63099,1681490401,543924570,,2,/imu_driver,Current time 1681490401 542506694,driver.py,driver,56,"['/imu', '/rosout']"
1681490401.5694852,63100,1681490401,568681240,,2,/imu_driver,Current time 1681490401 567448139,driver.py,driver,56,"['/imu', '/rosout']"
1681490401.5939982,63101,1681490401,593579530,,2,/imu_driver,Current time 1681490401 592370271,driver.py,driver,56,"['/imu', '/rosout']"
1681490401.6203716,63102,1681490401,619644880,,2,/imu_driver,Current time 1681490401 618277549,driver.py,driver,56,"['/imu', '/rosout']"
1681490401.6479933,63103,1681490401,647233247,,2,/imu_driver,Current time 1681490401 645809412,driver.py,driver,56,"['/imu', '/rosout']"
1681490401.6703162,63104,1681490401,669476270,,2,/imu_driver,Current time 1681490401 668309688,driver.py,driver,56,"['/imu', '/rosout']"
1681490401.702483,63105,1681490401,701817274,,2,/imu_driver,Current time 1681490401 694499015,driver.py,driver,56,"['/imu', '/rosout']"
1681490401.7196832,63106,1681490401,719281911,,2,/imu_driver,Current time 1681490401 718296766,driver.py,driver,56,"['/imu', '/rosout']"
1681490401.744804,63107,1681490401,744326591,,2,/imu_driver,Current time 1681490401 743340015,driver.py,driver,56,"['/imu', '/rosout']"
1681490401.7699902,63108,1681490401,769401311,,2,/imu_driver,Current time 1681490401 768049478,driver.py,driver,56,"['/imu', '/rosout']"
1681490401.7948709,63109,1681490401,794488430,,2,/imu_driver,Current time 1681490401 793196439,driver.py,driver,56,"['/imu', '/rosout']"
1681490401.819642,63110,1681490401,819248199,,2,/imu_driver,Current time 1681490401 818162441,driver.py,driver,56,"['/imu', '/rosout']"
1681490401.8443003,63111,1681490401,844013929,,2,/imu_driver,Current time 1681490401 843072414,driver.py,driver,56,"['/imu', '/rosout']"
1681490401.8694808,63112,1681490401,869153738,,2,/imu_driver,Current time 1681490401 868132114,driver.py,driver,56,"['/imu', '/rosout']"
1681490401.8947952,63113,1681490401,894383907,,2,/imu_driver,Current time 1681490401 893141269,driver.py,driver,56,"['/imu', '/rosout']"
1681490401.919404,63114,1681490401,919077634,,2,/imu_driver,Current time 1681490401 918157339,driver.py,driver,56,"['/imu', '/rosout']"
1681490401.9449239,63115,1681490401,944562196,,2,/imu_driver,Current time 1681490401 943273305,driver.py,driver,56,"['/imu', '/rosout']"
1681490401.969594,63116,1681490401,969043731,,2,/imu_driver,Current time 1681490401 968019247,driver.py,driver,56,"['/imu', '/rosout']"
1681490401.9948316,63117,1681490401,994102478,,2,/imu_driver,Current time 1681490401 992925643,driver.py,driver,56,"['/imu', '/rosout']"
1681490402.0199113,63118,1681490402,19299030,,2,/imu_driver,Current time 1681490402 18064498,driver.py,driver,56,"['/imu', '/rosout']"
1681490402.0449803,63119,1681490402,44643640,,2,/imu_driver,Current time 1681490402 43309211,driver.py,driver,56,"['/imu', '/rosout']"
1681490402.0694592,63120,1681490402,69130420,,2,/imu_driver,Current time 1681490402 68022966,driver.py,driver,56,"['/imu', '/rosout']"
1681490402.0941925,63121,1681490402,93892812,,2,/imu_driver,Current time 1681490402 92928886,driver.py,driver,56,"['/imu', '/rosout']"
1681490402.1192267,63122,1681490402,118948459,,2,/imu_driver,Current time 1681490402 117833137,driver.py,driver,56,"['/imu', '/rosout']"
1681490402.148148,63123,1681490402,145061492,,2,/imu_driver,Current time 1681490402 143434762,driver.py,driver,56,"['/imu', '/rosout']"
1681490402.1692955,63124,1681490402,169010639,,2,/imu_driver,Current time 1681490402 167864322,driver.py,driver,56,"['/imu', '/rosout']"
1681490402.1943727,63125,1681490402,194133758,,2,/imu_driver,Current time 1681490402 193021774,driver.py,driver,56,"['/imu', '/rosout']"
1681490402.2202084,63126,1681490402,219717741,,2,/imu_driver,Current time 1681490402 218176364,driver.py,driver,56,"['/imu', '/rosout']"
1681490402.2443042,63127,1681490402,243807792,,2,/imu_driver,Current time 1681490402 242867708,driver.py,driver,56,"['/imu', '/rosout']"
1681490402.2699795,63128,1681490402,269354343,,2,/imu_driver,Current time 1681490402 267881393,driver.py,driver,56,"['/imu', '/rosout']"
1681490402.2951314,63129,1681490402,294482707,,2,/imu_driver,Current time 1681490402 292877912,driver.py,driver,56,"['/imu', '/rosout']"
1681490402.3260875,63130,1681490402,325013875,,2,/imu_driver,Current time 1681490402 320835351,driver.py,driver,56,"['/imu', '/rosout']"
1681490402.3530955,63131,1681490402,352005481,,2,/imu_driver,Current time 1681490402 343548297,driver.py,driver,56,"['/imu', '/rosout']"
1681490402.3698902,63132,1681490402,368993759,,2,/imu_driver,Current time 1681490402 367887258,driver.py,driver,56,"['/imu', '/rosout']"
1681490402.3983266,63133,1681490402,397813558,,2,/imu_driver,Current time 1681490402 396673202,driver.py,driver,56,"['/imu', '/rosout']"
1681490402.419276,63134,1681490402,418719053,,2,/imu_driver,Current time 1681490402 417600154,driver.py,driver,56,"['/imu', '/rosout']"
1681490402.444182,63135,1681490402,443677663,,2,/imu_driver,Current time 1681490402 442594528,driver.py,driver,56,"['/imu', '/rosout']"
1681490402.4700098,63136,1681490402,468793869,,2,/imu_driver,Current time 1681490402 467660188,driver.py,driver,56,"['/imu', '/rosout']"
1681490402.4938614,63137,1681490402,493609428,,2,/imu_driver,Current time 1681490402 492614507,driver.py,driver,56,"['/imu', '/rosout']"
1681490402.519229,63138,1681490402,518843173,,2,/imu_driver,Current time 1681490402 517744302,driver.py,driver,56,"['/imu', '/rosout']"
1681490402.544328,63139,1681490402,543964862,,2,/imu_driver,Current time 1681490402 542704820,driver.py,driver,56,"['/imu', '/rosout']"
1681490402.5692637,63140,1681490402,568611860,,2,/imu_driver,Current time 1681490402 567617893,driver.py,driver,56,"['/imu', '/rosout']"
1681490402.5942757,63141,1681490402,593604326,,2,/imu_driver,Current time 1681490402 592669486,driver.py,driver,56,"['/imu', '/rosout']"
1681490402.6194472,63142,1681490402,618723154,,2,/imu_driver,Current time 1681490402 617596864,driver.py,driver,56,"['/imu', '/rosout']"
1681490402.6456077,63143,1681490402,644542694,,2,/imu_driver,Current time 1681490402 642892122,driver.py,driver,56,"['/imu', '/rosout']"
1681490402.6706662,63144,1681490402,669929027,,2,/imu_driver,Current time 1681490402 668741226,driver.py,driver,56,"['/imu', '/rosout']"
1681490402.694746,63145,1681490402,693534374,,2,/imu_driver,Current time 1681490402 692512273,driver.py,driver,56,"['/imu', '/rosout']"
1681490402.7191312,63146,1681490402,718564271,,2,/imu_driver,Current time 1681490402 717483997,driver.py,driver,56,"['/imu', '/rosout']"
1681490402.7451432,63147,1681490402,744441270,,2,/imu_driver,Current time 1681490402 742965936,driver.py,driver,56,"['/imu', '/rosout']"
1681490402.7699342,63148,1681490402,769556760,,2,/imu_driver,Current time 1681490402 768331289,driver.py,driver,56,"['/imu', '/rosout']"
1681490402.7989337,63149,1681490402,794779539,,2,/imu_driver,Current time 1681490402 792424201,driver.py,driver,56,"['/imu', '/rosout']"
1681490402.82051,63150,1681490402,819565057,,2,/imu_driver,Current time 1681490402 818312168,driver.py,driver,56,"['/imu', '/rosout']"
1681490402.843802,63151,1681490402,843539953,,2,/imu_driver,Current time 1681490402 842339038,driver.py,driver,56,"['/imu', '/rosout']"
1681490402.8694806,63152,1681490402,869303703,,2,/imu_driver,Current time 1681490402 868231773,driver.py,driver,56,"['/imu', '/rosout']"
1681490402.8951669,63153,1681490402,894596338,,2,/imu_driver,Current time 1681490402 893301248,driver.py,driver,56,"['/imu', '/rosout']"
1681490402.9195702,63154,1681490402,919269800,,2,/imu_driver,Current time 1681490402 918369770,driver.py,driver,56,"['/imu', '/rosout']"
1681490402.9447148,63155,1681490402,944158315,,2,/imu_driver,Current time 1681490402 943180084,driver.py,driver,56,"['/imu', '/rosout']"
1681490402.9696267,63156,1681490402,969411611,,2,/imu_driver,Current time 1681490402 968245029,driver.py,driver,56,"['/imu', '/rosout']"
1681490402.9943454,63157,1681490402,994179248,,2,/imu_driver,Current time 1681490402 993247270,driver.py,driver,56,"['/imu', '/rosout']"
1681490403.0198975,63158,1681490403,19291400,,2,/imu_driver,Current time 1681490403 18294811,driver.py,driver,56,"['/imu', '/rosout']"
1681490403.045866,63159,1681490403,45437335,,2,/imu_driver,Current time 1681490403 43778419,driver.py,driver,56,"['/imu', '/rosout']"
1681490403.0694907,63160,1681490403,69232940,,2,/imu_driver,Current time 1681490403 68287134,driver.py,driver,56,"['/imu', '/rosout']"
1681490403.0944254,63161,1681490403,94257593,,2,/imu_driver,Current time 1681490403 93173742,driver.py,driver,56,"['/imu', '/rosout']"
1681490403.1197298,63162,1681490403,119562387,,2,/imu_driver,Current time 1681490403 118231058,driver.py,driver,56,"['/imu', '/rosout']"
1681490403.1468365,63163,1681490403,146624803,,2,/imu_driver,Current time 1681490403 145458459,driver.py,driver,56,"['/imu', '/rosout']"
1681490403.1695974,63164,1681490403,169450759,,2,/imu_driver,Current time 1681490403 168272733,driver.py,driver,56,"['/imu', '/rosout']"
1681490403.1943603,63165,1681490403,194233417,,2,/imu_driver,Current time 1681490403 193232536,driver.py,driver,56,"['/imu', '/rosout']"
1681490403.2198563,63166,1681490403,219328165,,2,/imu_driver,Current time 1681490403 217989921,driver.py,driver,56,"['/imu', '/rosout']"
1681490403.2446227,63167,1681490403,244217634,,2,/imu_driver,Current time 1681490403 243086099,driver.py,driver,56,"['/imu', '/rosout']"
1681490403.2698097,63168,1681490403,269220113,,2,/imu_driver,Current time 1681490403 268054008,driver.py,driver,56,"['/imu', '/rosout']"
1681490403.2950866,63169,1681490403,294518232,,2,/imu_driver,Current time 1681490403 293190956,driver.py,driver,56,"['/imu', '/rosout']"
1681490403.3203857,63170,1681490403,319700241,,2,/imu_driver,Current time 1681490403 318104505,driver.py,driver,56,"['/imu', '/rosout']"
1681490403.3445356,63171,1681490403,344004631,,2,/imu_driver,Current time 1681490403 342939376,driver.py,driver,56,"['/imu', '/rosout']"
1681490403.3698003,63172,1681490403,369264125,,2,/imu_driver,Current time 1681490403 368029832,driver.py,driver,56,"['/imu', '/rosout']"
1681490403.3979728,63173,1681490403,397594690,,2,/imu_driver,Current time 1681490403 396308183,driver.py,driver,56,"['/imu', '/rosout']"
1681490403.4193947,63174,1681490403,418965578,,2,/imu_driver,Current time 1681490403 418002605,driver.py,driver,56,"['/imu', '/rosout']"
1681490403.4450521,63175,1681490403,444502115,,2,/imu_driver,Current time 1681490403 443290710,driver.py,driver,56,"['/imu', '/rosout']"
1681490403.4696805,63176,1681490403,469095468,,2,/imu_driver,Current time 1681490403 468017339,driver.py,driver,56,"['/imu', '/rosout']"
1681490403.5013258,63177,1681490403,498605966,,2,/imu_driver,Current time 1681490403 493626594,driver.py,driver,56,"['/imu', '/rosout']"
1681490403.5245838,63178,1681490403,522491693,,2,/imu_driver,Current time 1681490403 518531560,driver.py,driver,56,"['/imu', '/rosout']"
1681490403.5494707,63179,1681490403,549246788,,2,/imu_driver,Current time 1681490403 548103332,driver.py,driver,56,"['/imu', '/rosout']"
1681490403.5701506,63180,1681490403,569751739,,2,/imu_driver,Current time 1681490403 568149805,driver.py,driver,56,"['/imu', '/rosout']"
1681490403.5943444,63181,1681490403,594106912,,2,/imu_driver,Current time 1681490403 593045234,driver.py,driver,56,"['/imu', '/rosout']"
1681490403.61929,63182,1681490403,619037866,,2,/imu_driver,Current time 1681490403 617919921,driver.py,driver,56,"['/imu', '/rosout']"
1681490403.6451018,63183,1681490403,644837379,,2,/imu_driver,Current time 1681490403 643396377,driver.py,driver,56,"['/imu', '/rosout']"
1681490403.6693485,63184,1681490403,668900489,,2,/imu_driver,Current time 1681490403 667889118,driver.py,driver,56,"['/imu', '/rosout']"
1681490403.6943505,63185,1681490403,694114208,,2,/imu_driver,Current time 1681490403 692998409,driver.py,driver,56,"['/imu', '/rosout']"
1681490403.7190228,63186,1681490403,718715190,,2,/imu_driver,Current time 1681490403 717750072,driver.py,driver,56,"['/imu', '/rosout']"
1681490403.7441394,63187,1681490403,743895292,,2,/imu_driver,Current time 1681490403 742892980,driver.py,driver,56,"['/imu', '/rosout']"
1681490403.7711222,63188,1681490403,770519256,,2,/imu_driver,Current time 1681490403 768501996,driver.py,driver,56,"['/imu', '/rosout']"
1681490403.7942688,63189,1681490403,793977022,,2,/imu_driver,Current time 1681490403 792735815,driver.py,driver,56,"['/imu', '/rosout']"
1681490403.8195994,63190,1681490403,818876743,,2,/imu_driver,Current time 1681490403 817844390,driver.py,driver,56,"['/imu', '/rosout']"
1681490403.8503494,63191,1681490403,847883462,,2,/imu_driver,Current time 1681490403 843165636,driver.py,driver,56,"['/imu', '/rosout']"
1681490403.878147,63192,1681490403,876735210,,2,/imu_driver,Current time 1681490403 868237495,driver.py,driver,56,"['/imu', '/rosout']"
1681490403.8965125,63193,1681490403,895440340,,2,/imu_driver,Current time 1681490403 894037961,driver.py,driver,56,"['/imu', '/rosout']"
1681490403.9191623,63194,1681490403,918826341,,2,/imu_driver,Current time 1681490403 917650461,driver.py,driver,56,"['/imu', '/rosout']"
1681490403.9439087,63195,1681490403,943695545,,2,/imu_driver,Current time 1681490403 942593097,driver.py,driver,56,"['/imu', '/rosout']"
1681490403.9691846,63196,1681490403,968807935,,2,/imu_driver,Current time 1681490403 967646121,driver.py,driver,56,"['/imu', '/rosout']"
1681490403.9942038,63197,1681490403,993842840,,2,/imu_driver,Current time 1681490403 992698431,driver.py,driver,56,"['/imu', '/rosout']"
1681490404.019249,63198,1681490404,18824100,,2,/imu_driver,Current time 1681490404 17666101,driver.py,driver,56,"['/imu', '/rosout']"
1681490404.0448244,63199,1681490404,43694019,,2,/imu_driver,Current time 1681490404 42572498,driver.py,driver,56,"['/imu', '/rosout']"
1681490404.0695803,63200,1681490404,68711757,,2,/imu_driver,Current time 1681490404 67656040,driver.py,driver,56,"['/imu', '/rosout']"
1681490404.093837,63201,1681490404,93489170,,2,/imu_driver,Current time 1681490404 92577695,driver.py,driver,56,"['/imu', '/rosout']"
1681490404.1190395,63202,1681490404,118796348,,2,/imu_driver,Current time 1681490404 117541313,driver.py,driver,56,"['/imu', '/rosout']"
1681490404.1451101,63203,1681490404,144885778,,2,/imu_driver,Current time 1681490404 143077611,driver.py,driver,56,"['/imu', '/rosout']"
1681490404.1690614,63204,1681490404,168792247,,2,/imu_driver,Current time 1681490404 167684316,driver.py,driver,56,"['/imu', '/rosout']"
1681490404.1936257,63205,1681490404,193470239,,2,/imu_driver,Current time 1681490404 192471504,driver.py,driver,56,"['/imu', '/rosout']"
1681490404.220534,63206,1681490404,219345331,,2,/imu_driver,Current time 1681490404 218390464,driver.py,driver,56,"['/imu', '/rosout']"
1681490404.2437797,63207,1681490404,243449926,,2,/imu_driver,Current time 1681490404 242425680,driver.py,driver,56,"['/imu', '/rosout']"
1681490404.270577,63208,1681490404,269566297,,2,/imu_driver,Current time 1681490404 268270492,driver.py,driver,56,"['/imu', '/rosout']"
1681490404.2939568,63209,1681490404,293567895,,2,/imu_driver,Current time 1681490404 292283296,driver.py,driver,56,"['/imu', '/rosout']"
1681490404.320028,63210,1681490404,319364070,,2,/imu_driver,Current time 1681490404 318371057,driver.py,driver,56,"['/imu', '/rosout']"
1681490404.344603,63211,1681490404,344254970,,2,/imu_driver,Current time 1681490404 343243598,driver.py,driver,56,"['/imu', '/rosout']"
1681490404.3764458,63212,1681490404,376032114,,2,/imu_driver,Current time 1681490404 375057697,driver.py,driver,56,"['/imu', '/rosout']"
1681490404.3967335,63213,1681490404,396346807,,2,/imu_driver,Current time 1681490404 393768310,driver.py,driver,56,"['/imu', '/rosout']"
1681490404.4195,63214,1681490404,419271230,,2,/imu_driver,Current time 1681490404 418215274,driver.py,driver,56,"['/imu', '/rosout']"
1681490404.4444113,63215,1681490404,444134235,,2,/imu_driver,Current time 1681490404 443078517,driver.py,driver,56,"['/imu', '/rosout']"
1681490404.4698455,63216,1681490404,469266176,,2,/imu_driver,Current time 1681490404 468207836,driver.py,driver,56,"['/imu', '/rosout']"
1681490404.4942944,63217,1681490404,494071245,,2,/imu_driver,Current time 1681490404 493086099,driver.py,driver,56,"['/imu', '/rosout']"
1681490404.5200195,63218,1681490404,519232988,,2,/imu_driver,Current time 1681490404 518134593,driver.py,driver,56,"['/imu', '/rosout']"
1681490404.5477748,63219,1681490404,544502019,,2,/imu_driver,Current time 1681490404 543031692,driver.py,driver,56,"['/imu', '/rosout']"
1681490404.569987,63220,1681490404,569194078,,2,/imu_driver,Current time 1681490404 568247079,driver.py,driver,56,"['/imu', '/rosout']"
1681490404.5944185,63221,1681490404,594038248,,2,/imu_driver,Current time 1681490404 592961549,driver.py,driver,56,"['/imu', '/rosout']"
1681490404.6197143,63222,1681490404,619200229,,2,/imu_driver,Current time 1681490404 618182659,driver.py,driver,56,"['/imu', '/rosout']"
1681490404.6477191,63223,1681490404,647346019,,2,/imu_driver,Current time 1681490404 643139600,driver.py,driver,56,"['/imu', '/rosout']"
1681490404.6698225,63224,1681490404,669238090,,2,/imu_driver,Current time 1681490404 667984485,driver.py,driver,56,"['/imu', '/rosout']"
1681490404.6942494,63225,1681490404,693983793,,2,/imu_driver,Current time 1681490404 693025112,driver.py,driver,56,"['/imu', '/rosout']"
1681490404.7193673,63226,1681490404,719121932,,2,/imu_driver,Current time 1681490404 718048095,driver.py,driver,56,"['/imu', '/rosout']"
1681490404.7446408,63227,1681490404,744037151,,2,/imu_driver,Current time 1681490404 743030071,driver.py,driver,56,"['/imu', '/rosout']"
1681490404.769456,63228,1681490404,769096374,,2,/imu_driver,Current time 1681490404 767906188,driver.py,driver,56,"['/imu', '/rosout']"
1681490404.7970665,63229,1681490404,796440362,,2,/imu_driver,Current time 1681490404 795032978,driver.py,driver,56,"['/imu', '/rosout']"
1681490404.8194175,63230,1681490404,818778038,,2,/imu_driver,Current time 1681490404 817832946,driver.py,driver,56,"['/imu', '/rosout']"
1681490404.8443434,63231,1681490404,843733072,,2,/imu_driver,Current time 1681490404 842809677,driver.py,driver,56,"['/imu', '/rosout']"
1681490404.869834,63232,1681490404,869043827,,2,/imu_driver,Current time 1681490404 867948532,driver.py,driver,56,"['/imu', '/rosout']"
1681490404.8948402,63233,1681490404,894203901,,2,/imu_driver,Current time 1681490404 892957925,driver.py,driver,56,"['/imu', '/rosout']"
1681490404.919369,63234,1681490404,918935298,,2,/imu_driver,Current time 1681490404 917902708,driver.py,driver,56,"['/imu', '/rosout']"
1681490404.9445403,63235,1681490404,944115877,,2,/imu_driver,Current time 1681490404 942972898,driver.py,driver,56,"['/imu', '/rosout']"
1681490404.969774,63236,1681490404,969103097,,2,/imu_driver,Current time 1681490404 967890501,driver.py,driver,56,"['/imu', '/rosout']"
1681490404.9945931,63237,1681490404,993980169,,2,/imu_driver,Current time 1681490404 992934703,driver.py,driver,56,"['/imu', '/rosout']"
1681490405.0196564,63238,1681490405,19043684,,2,/imu_driver,Current time 1681490405 17899036,driver.py,driver,56,"['/imu', '/rosout']"
1681490405.0495002,63239,1681490405,46493530,,2,/imu_driver,Current time 1681490405 45078754,driver.py,driver,56,"['/imu', '/rosout']"
1681490405.0697596,63240,1681490405,69117546,,2,/imu_driver,Current time 1681490405 67860126,driver.py,driver,56,"['/imu', '/rosout']"
1681490405.0943997,63241,1681490405,94120740,,2,/imu_driver,Current time 1681490405 92875242,driver.py,driver,56,"['/imu', '/rosout']"
1681490405.1197677,63242,1681490405,119123697,,2,/imu_driver,Current time 1681490405 117847919,driver.py,driver,56,"['/imu', '/rosout']"
1681490405.146565,63243,1681490405,145753860,,2,/imu_driver,Current time 1681490405 143544673,driver.py,driver,56,"['/imu', '/rosout']"
1681490405.1696918,63244,1681490405,169185638,,2,/imu_driver,Current time 1681490405 168071508,driver.py,driver,56,"['/imu', '/rosout']"
1681490405.1938698,63245,1681490405,193637132,,2,/imu_driver,Current time 1681490405 192710876,driver.py,driver,56,"['/imu', '/rosout']"
1681490405.2189379,63246,1681490405,218453168,,2,/imu_driver,Current time 1681490405 217492341,driver.py,driver,56,"['/imu', '/rosout']"
1681490405.2442486,63247,1681490405,243688821,,2,/imu_driver,Current time 1681490405 242610931,driver.py,driver,56,"['/imu', '/rosout']"
1681490405.2811122,63248,1681490405,280468702,,2,/imu_driver,Current time 1681490405 277451753,driver.py,driver,56,"['/imu', '/rosout']"
1681490405.2946734,63249,1681490405,294047117,,2,/imu_driver,Current time 1681490405 292496204,driver.py,driver,56,"['/imu', '/rosout']"
1681490405.3192337,63250,1681490405,318651914,,2,/imu_driver,Current time 1681490405 317705869,driver.py,driver,56,"['/imu', '/rosout']"
1681490405.3453739,63251,1681490405,344613552,,2,/imu_driver,Current time 1681490405 343001365,driver.py,driver,56,"['/imu', '/rosout']"
1681490405.3708992,63252,1681490405,370363712,,2,/imu_driver,Current time 1681490405 368326902,driver.py,driver,56,"['/imu', '/rosout']"
1681490405.3983228,63253,1681490405,394355773,,2,/imu_driver,Current time 1681490405 392816066,driver.py,driver,56,"['/imu', '/rosout']"
1681490405.4199557,63254,1681490405,419406175,,2,/imu_driver,Current time 1681490405 418437480,driver.py,driver,56,"['/imu', '/rosout']"
1681490405.4437184,63255,1681490405,443313121,,2,/imu_driver,Current time 1681490405 442354679,driver.py,driver,56,"['/imu', '/rosout']"
1681490405.4695807,63256,1681490405,469418525,,2,/imu_driver,Current time 1681490405 468299627,driver.py,driver,56,"['/imu', '/rosout']"
1681490405.4944382,63257,1681490405,494280099,,2,/imu_driver,Current time 1681490405 493274211,driver.py,driver,56,"['/imu', '/rosout']"
1681490405.519799,63258,1681490405,519475221,,2,/imu_driver,Current time 1681490405 518399238,driver.py,driver,56,"['/imu', '/rosout']"
1681490405.5465813,63259,1681490405,546391963,,2,/imu_driver,Current time 1681490405 545211315,driver.py,driver,56,"['/imu', '/rosout']"
1681490405.569435,63260,1681490405,569243192,,2,/imu_driver,Current time 1681490405 568311214,driver.py,driver,56,"['/imu', '/rosout']"
1681490405.5945659,63261,1681490405,594383716,,2,/imu_driver,Current time 1681490405 593422412,driver.py,driver,56,"['/imu', '/rosout']"
1681490405.619345,63262,1681490405,619184970,,2,/imu_driver,Current time 1681490405 618114471,driver.py,driver,56,"['/imu', '/rosout']"
1681490405.646679,63263,1681490405,645705461,,2,/imu_driver,Current time 1681490405 644223451,driver.py,driver,56,"['/imu', '/rosout']"
1681490405.6699393,63264,1681490405,669301748,,2,/imu_driver,Current time 1681490405 668259143,driver.py,driver,56,"['/imu', '/rosout']"
1681490405.6948335,63265,1681490405,694211483,,2,/imu_driver,Current time 1681490405 693140506,driver.py,driver,56,"['/imu', '/rosout']"
1681490405.7201054,63266,1681490405,719428539,,2,/imu_driver,Current time 1681490405 718158245,driver.py,driver,56,"['/imu', '/rosout']"
1681490405.7451046,63267,1681490405,744381904,,2,/imu_driver,Current time 1681490405 743358612,driver.py,driver,56,"['/imu', '/rosout']"
1681490405.769813,63268,1681490405,769222259,,2,/imu_driver,Current time 1681490405 768113374,driver.py,driver,56,"['/imu', '/rosout']"
1681490405.795305,63269,1681490405,794588565,,2,/imu_driver,Current time 1681490405 793164491,driver.py,driver,56,"['/imu', '/rosout']"
1681490405.8205478,63270,1681490405,819576740,,2,/imu_driver,Current time 1681490405 818338871,driver.py,driver,56,"['/imu', '/rosout']"
1681490405.8448768,63271,1681490405,844215631,,2,/imu_driver,Current time 1681490405 843212127,driver.py,driver,56,"['/imu', '/rosout']"
1681490405.869845,63272,1681490405,869210004,,2,/imu_driver,Current time 1681490405 868174552,driver.py,driver,56,"['/imu', '/rosout']"
1681490405.8977878,63273,1681490405,897414922,,2,/imu_driver,Current time 1681490405 895133256,driver.py,driver,56,"['/imu', '/rosout']"
1681490405.9197638,63274,1681490405,919168233,,2,/imu_driver,Current time 1681490405 918026447,driver.py,driver,56,"['/imu', '/rosout']"
1681490405.9450345,63275,1681490405,944240093,,2,/imu_driver,Current time 1681490405 943108320,driver.py,driver,56,"['/imu', '/rosout']"
1681490405.9697216,63276,1681490405,969169616,,2,/imu_driver,Current time 1681490405 968161344,driver.py,driver,56,"['/imu', '/rosout']"
1681490405.9947855,63277,1681490405,994144678,,2,/imu_driver,Current time 1681490405 993131637,driver.py,driver,56,"['/imu', '/rosout']"
1681490406.0192685,63278,1681490406,18932819,,2,/imu_driver,Current time 1681490406 17948865,driver.py,driver,56,"['/imu', '/rosout']"
1681490406.04487,63279,1681490406,44339895,,2,/imu_driver,Current time 1681490406 42973518,driver.py,driver,56,"['/imu', '/rosout']"
1681490406.0705736,63280,1681490406,69543123,,2,/imu_driver,Current time 1681490406 68402528,driver.py,driver,56,"['/imu', '/rosout']"
1681490406.0942535,63281,1681490406,93885421,,2,/imu_driver,Current time 1681490406 92896938,driver.py,driver,56,"['/imu', '/rosout']"
1681490406.1194427,63282,1681490406,119130134,,2,/imu_driver,Current time 1681490406 117918729,driver.py,driver,56,"['/imu', '/rosout']"
1681490406.1450312,63283,1681490406,144275665,,2,/imu_driver,Current time 1681490406 142842292,driver.py,driver,56,"['/imu', '/rosout']"
1681490406.169664,63284,1681490406,169163942,,2,/imu_driver,Current time 1681490406 168033838,driver.py,driver,56,"['/imu', '/rosout']"
1681490406.204523,63285,1681490406,197561025,,2,/imu_driver,Current time 1681490406 193567752,driver.py,driver,56,"['/imu', '/rosout']"
1681490406.2307878,63286,1681490406,227499246,,2,/imu_driver,Current time 1681490406 220555067,driver.py,driver,56,"['/imu', '/rosout']"
1681490406.2444594,63287,1681490406,244172811,,2,/imu_driver,Current time 1681490406 242780447,driver.py,driver,56,"['/imu', '/rosout']"
1681490406.2691023,63288,1681490406,268929481,,2,/imu_driver,Current time 1681490406 267836093,driver.py,driver,56,"['/imu', '/rosout']"
1681490406.2940795,63289,1681490406,293874025,,2,/imu_driver,Current time 1681490406 292752265,driver.py,driver,56,"['/imu', '/rosout']"
1681490406.3190932,63290,1681490406,318849086,,2,/imu_driver,Current time 1681490406 317756175,driver.py,driver,56,"['/imu', '/rosout']"
1681490406.3450563,63291,1681490406,343901395,,2,/imu_driver,Current time 1681490406 342760562,driver.py,driver,56,"['/imu', '/rosout']"
1681490406.3693852,63292,1681490406,368778228,,2,/imu_driver,Current time 1681490406 367833614,driver.py,driver,56,"['/imu', '/rosout']"
1681490406.39412,63293,1681490406,393730640,,2,/imu_driver,Current time 1681490406 392690896,driver.py,driver,56,"['/imu', '/rosout']"
1681490406.4189024,63294,1681490406,418680906,,2,/imu_driver,Current time 1681490406 417712450,driver.py,driver,56,"['/imu', '/rosout']"
1681490406.444006,63295,1681490406,443809747,,2,/imu_driver,Current time 1681490406 442765235,driver.py,driver,56,"['/imu', '/rosout']"
1681490406.4692516,63296,1681490406,468983411,,2,/imu_driver,Current time 1681490406 467773437,driver.py,driver,56,"['/imu', '/rosout']"
1681490406.4944258,63297,1681490406,494050979,,2,/imu_driver,Current time 1681490406 492700576,driver.py,driver,56,"['/imu', '/rosout']"
1681490406.5187664,63298,1681490406,518524408,,2,/imu_driver,Current time 1681490406 517488241,driver.py,driver,56,"['/imu', '/rosout']"
1681490406.544068,63299,1681490406,543563365,,2,/imu_driver,Current time 1681490406 542569637,driver.py,driver,56,"['/imu', '/rosout']"
1681490406.5695832,63300,1681490406,568688154,,2,/imu_driver,Current time 1681490406 567550182,driver.py,driver,56,"['/imu', '/rosout']"
1681490406.5951712,63301,1681490406,594769477,,2,/imu_driver,Current time 1681490406 593335390,driver.py,driver,56,"['/imu', '/rosout']"
1681490406.6211607,63302,1681490406,620759487,,2,/imu_driver,Current time 1681490406 619386911,driver.py,driver,56,"['/imu', '/rosout']"
1681490406.6443183,63303,1681490406,643640995,,2,/imu_driver,Current time 1681490406 642514467,driver.py,driver,56,"['/imu', '/rosout']"
1681490406.6695,63304,1681490406,668678283,,2,/imu_driver,Current time 1681490406 667637348,driver.py,driver,56,"['/imu', '/rosout']"
1681490406.6943145,63305,1681490406,693518161,,2,/imu_driver,Current time 1681490406 692598819,driver.py,driver,56,"['/imu', '/rosout']"
1681490406.7199128,63306,1681490406,719704151,,2,/imu_driver,Current time 1681490406 718551158,driver.py,driver,56,"['/imu', '/rosout']"
1681490406.7451718,63307,1681490406,744852066,,2,/imu_driver,Current time 1681490406 743332386,driver.py,driver,56,"['/imu', '/rosout']"
1681490406.770397,63308,1681490406,769695997,,2,/imu_driver,Current time 1681490406 768423080,driver.py,driver,56,"['/imu', '/rosout']"
1681490406.7945466,63309,1681490406,794311761,,2,/imu_driver,Current time 1681490406 793364048,driver.py,driver,56,"['/imu', '/rosout']"
1681490406.8198621,63310,1681490406,819340705,,2,/imu_driver,Current time 1681490406 818266868,driver.py,driver,56,"['/imu', '/rosout']"
1681490406.8449633,63311,1681490406,844393968,,2,/imu_driver,Current time 1681490406 843348026,driver.py,driver,56,"['/imu', '/rosout']"
1681490406.8696609,63312,1681490406,869363546,,2,/imu_driver,Current time 1681490406 868183135,driver.py,driver,56,"['/imu', '/rosout']"
1681490406.896077,63313,1681490406,894389152,,2,/imu_driver,Current time 1681490406 893178939,driver.py,driver,56,"['/imu', '/rosout']"
1681490406.9194252,63314,1681490406,919262647,,2,/imu_driver,Current time 1681490406 918229341,driver.py,driver,56,"['/imu', '/rosout']"
1681490406.9445145,63315,1681490406,944271564,,2,/imu_driver,Current time 1681490406 943155765,driver.py,driver,56,"['/imu', '/rosout']"
1681490406.9695525,63316,1681490406,969349384,,2,/imu_driver,Current time 1681490406 968231678,driver.py,driver,56,"['/imu', '/rosout']"
1681490406.998249,63317,1681490406,997312545,,2,/imu_driver,Current time 1681490406 996101617,driver.py,driver,56,"['/imu', '/rosout']"
1681490407.0200593,63318,1681490407,19400596,,2,/imu_driver,Current time 1681490407 18182754,driver.py,driver,56,"['/imu', '/rosout']"
1681490407.0445971,63319,1681490407,44196367,,2,/imu_driver,Current time 1681490407 43227195,driver.py,driver,56,"['/imu', '/rosout']"
1681490407.069591,63320,1681490407,69200754,,2,/imu_driver,Current time 1681490407 68232774,driver.py,driver,56,"['/imu', '/rosout']"
1681490407.0978785,63321,1681490407,97325325,,2,/imu_driver,Current time 1681490407 96023321,driver.py,driver,56,"['/imu', '/rosout']"
1681490407.1203525,63322,1681490407,119715929,,2,/imu_driver,Current time 1681490407 118183851,driver.py,driver,56,"['/imu', '/rosout']"
1681490407.145619,63323,1681490407,144538402,,2,/imu_driver,Current time 1681490407 143136262,driver.py,driver,56,"['/imu', '/rosout']"
1681490407.169532,63324,1681490407,168970823,,2,/imu_driver,Current time 1681490407 167917966,driver.py,driver,56,"['/imu', '/rosout']"
1681490407.1945324,63325,1681490407,194194793,,2,/imu_driver,Current time 1681490407 193091154,driver.py,driver,56,"['/imu', '/rosout']"
1681490407.219686,63326,1681490407,219165325,,2,/imu_driver,Current time 1681490407 218160867,driver.py,driver,56,"['/imu', '/rosout']"
1681490407.244675,63327,1681490407,244351387,,2,/imu_driver,Current time 1681490407 243055105,driver.py,driver,56,"['/imu', '/rosout']"
1681490407.2693875,63328,1681490407,269201517,,2,/imu_driver,Current time 1681490407 268045663,driver.py,driver,56,"['/imu', '/rosout']"
1681490407.2942169,63329,1681490407,293974637,,2,/imu_driver,Current time 1681490407 292966365,driver.py,driver,56,"['/imu', '/rosout']"
1681490407.319156,63330,1681490407,318916559,,2,/imu_driver,Current time 1681490407 317907571,driver.py,driver,56,"['/imu', '/rosout']"
1681490407.3441858,63331,1681490407,343957901,,2,/imu_driver,Current time 1681490407 342953205,driver.py,driver,56,"['/imu', '/rosout']"
1681490407.3699656,63332,1681490407,369237899,,2,/imu_driver,Current time 1681490407 367832422,driver.py,driver,56,"['/imu', '/rosout']"
1681490407.3967445,63333,1681490407,396279573,,2,/imu_driver,Current time 1681490407 392879724,driver.py,driver,56,"['/imu', '/rosout']"
1681490407.4195602,63334,1681490407,419054746,,2,/imu_driver,Current time 1681490407 417963027,driver.py,driver,56,"['/imu', '/rosout']"
1681490407.4449236,63335,1681490407,444310188,,2,/imu_driver,Current time 1681490407 442856073,driver.py,driver,56,"['/imu', '/rosout']"
1681490407.4696496,63336,1681490407,469110727,,2,/imu_driver,Current time 1681490407 467888593,driver.py,driver,56,"['/imu', '/rosout']"
1681490407.4947643,63337,1681490407,494522094,,2,/imu_driver,Current time 1681490407 493193864,driver.py,driver,56,"['/imu', '/rosout']"
1681490407.53184,63338,1681490407,531540155,,2,/imu_driver,Current time 1681490407 530529975,driver.py,driver,56,"['/imu', '/rosout']"
1681490407.544624,63339,1681490407,544306755,,2,/imu_driver,Current time 1681490407 542848110,driver.py,driver,56,"['/imu', '/rosout']"
1681490407.5695493,63340,1681490407,568985462,,2,/imu_driver,Current time 1681490407 567805528,driver.py,driver,56,"['/imu', '/rosout']"
1681490407.5949767,63341,1681490407,594061374,,2,/imu_driver,Current time 1681490407 592795372,driver.py,driver,56,"['/imu', '/rosout']"
1681490407.6192884,63342,1681490407,618873357,,2,/imu_driver,Current time 1681490407 617774486,driver.py,driver,56,"['/imu', '/rosout']"
1681490407.6460767,63343,1681490407,645684719,,2,/imu_driver,Current time 1681490407 643922090,driver.py,driver,56,"['/imu', '/rosout']"
1681490407.6695578,63344,1681490407,668815851,,2,/imu_driver,Current time 1681490407 667792320,driver.py,driver,56,"['/imu', '/rosout']"
1681490407.6941886,63345,1681490407,693814039,,2,/imu_driver,Current time 1681490407 692755937,driver.py,driver,56,"['/imu', '/rosout']"
1681490407.7191968,63346,1681490407,718691825,,2,/imu_driver,Current time 1681490407 717693328,driver.py,driver,56,"['/imu', '/rosout']"
1681490407.7447586,63347,1681490407,744050979,,2,/imu_driver,Current time 1681490407 742723226,driver.py,driver,56,"['/imu', '/rosout']"
1681490407.7690167,63348,1681490407,768792152,,2,/imu_driver,Current time 1681490407 767760753,driver.py,driver,56,"['/imu', '/rosout']"
1681490407.7945073,63349,1681490407,793560266,,2,/imu_driver,Current time 1681490407 792622327,driver.py,driver,56,"['/imu', '/rosout']"
1681490407.8192623,63350,1681490407,818539619,,2,/imu_driver,Current time 1681490407 817654848,driver.py,driver,56,"['/imu', '/rosout']"
1681490407.8442492,63351,1681490407,843616247,,2,/imu_driver,Current time 1681490407 842585325,driver.py,driver,56,"['/imu', '/rosout']"
1681490407.869613,63352,1681490407,868993282,,2,/imu_driver,Current time 1681490407 867636203,driver.py,driver,56,"['/imu', '/rosout']"
1681490407.8967848,63353,1681490407,896461009,,2,/imu_driver,Current time 1681490407 895104408,driver.py,driver,56,"['/imu', '/rosout']"
1681490407.9188952,63354,1681490407,918358087,,2,/imu_driver,Current time 1681490407 917451381,driver.py,driver,56,"['/imu', '/rosout']"
1681490407.9438083,63355,1681490407,943521976,,2,/imu_driver,Current time 1681490407 942553520,driver.py,driver,56,"['/imu', '/rosout']"
1681490407.9690902,63356,1681490407,968764066,,2,/imu_driver,Current time 1681490407 967688083,driver.py,driver,56,"['/imu', '/rosout']"
1681490407.9940033,63357,1681490407,993685722,,2,/imu_driver,Current time 1681490407 992462396,driver.py,driver,56,"['/imu', '/rosout']"
1681490408.019754,63358,1681490408,19464492,,2,/imu_driver,Current time 1681490408 18548250,driver.py,driver,56,"['/imu', '/rosout']"
1681490408.0448768,63359,1681490408,44595241,,2,/imu_driver,Current time 1681490408 43371200,driver.py,driver,56,"['/imu', '/rosout']"
1681490408.0700684,63360,1681490408,69487571,,2,/imu_driver,Current time 1681490408 68433761,driver.py,driver,56,"['/imu', '/rosout']"
1681490408.0951853,63361,1681490408,94584226,,2,/imu_driver,Current time 1681490408 93551158,driver.py,driver,56,"['/imu', '/rosout']"
1681490408.1195226,63362,1681490408,119271993,,2,/imu_driver,Current time 1681490408 118275880,driver.py,driver,56,"['/imu', '/rosout']"
1681490408.1476493,63363,1681490408,147406578,,2,/imu_driver,Current time 1681490408 145681381,driver.py,driver,56,"['/imu', '/rosout']"
1681490408.1696856,63364,1681490408,169460535,,2,/imu_driver,Current time 1681490408 168312788,driver.py,driver,56,"['/imu', '/rosout']"
1681490408.1945598,63365,1681490408,194371700,,2,/imu_driver,Current time 1681490408 193368911,driver.py,driver,56,"['/imu', '/rosout']"
1681490408.2196298,63366,1681490408,219429731,,2,/imu_driver,Current time 1681490408 218347787,driver.py,driver,56,"['/imu', '/rosout']"
1681490408.2455912,63367,1681490408,244785308,,2,/imu_driver,Current time 1681490408 243337154,driver.py,driver,56,"['/imu', '/rosout']"
1681490408.2702863,63368,1681490408,269626379,,2,/imu_driver,Current time 1681490408 268264532,driver.py,driver,56,"['/imu', '/rosout']"
1681490408.2951741,63369,1681490408,294353008,,2,/imu_driver,Current time 1681490408 293380498,driver.py,driver,56,"['/imu', '/rosout']"
1681490408.3193626,63370,1681490408,319182872,,2,/imu_driver,Current time 1681490408 318172454,driver.py,driver,56,"['/imu', '/rosout']"
1681490408.3444643,63371,1681490408,344241142,,2,/imu_driver,Current time 1681490408 343203306,driver.py,driver,56,"['/imu', '/rosout']"
1681490408.3696504,63372,1681490408,369372367,,2,/imu_driver,Current time 1681490408 368187665,driver.py,driver,56,"['/imu', '/rosout']"
1681490408.3967383,63373,1681490408,396017313,,2,/imu_driver,Current time 1681490408 393137693,driver.py,driver,56,"['/imu', '/rosout']"
1681490408.4194036,63374,1681490408,418963670,,2,/imu_driver,Current time 1681490408 418119907,driver.py,driver,56,"['/imu', '/rosout']"
1681490408.4449747,63375,1681490408,444413661,,2,/imu_driver,Current time 1681490408 443254947,driver.py,driver,56,"['/imu', '/rosout']"
1681490408.4695592,63376,1681490408,469074964,,2,/imu_driver,Current time 1681490408 468059539,driver.py,driver,56,"['/imu', '/rosout']"
1681490408.494772,63377,1681490408,494354724,,2,/imu_driver,Current time 1681490408 493111610,driver.py,driver,56,"['/imu', '/rosout']"
1681490408.5198467,63378,1681490408,519252777,,2,/imu_driver,Current time 1681490408 518084287,driver.py,driver,56,"['/imu', '/rosout']"
1681490408.5447743,63379,1681490408,544175863,,2,/imu_driver,Current time 1681490408 543077707,driver.py,driver,56,"['/imu', '/rosout']"
1681490408.5700955,63380,1681490408,569316148,,2,/imu_driver,Current time 1681490408 568075656,driver.py,driver,56,"['/imu', '/rosout']"
1681490408.5945656,63381,1681490408,594062089,,2,/imu_driver,Current time 1681490408 592982769,driver.py,driver,56,"['/imu', '/rosout']"
1681490408.6195128,63382,1681490408,619231700,,2,/imu_driver,Current time 1681490408 617983579,driver.py,driver,56,"['/imu', '/rosout']"
1681490408.6460063,63383,1681490408,644758462,,2,/imu_driver,Current time 1681490408 643317937,driver.py,driver,56,"['/imu', '/rosout']"
1681490408.6704075,63384,1681490408,669486284,,2,/imu_driver,Current time 1681490408 667979478,driver.py,driver,56,"['/imu', '/rosout']"
1681490408.694298,63385,1681490408,694033622,,2,/imu_driver,Current time 1681490408 692947387,driver.py,driver,56,"['/imu', '/rosout']"
1681490408.7195125,63386,1681490408,718962430,,2,/imu_driver,Current time 1681490408 717813014,driver.py,driver,56,"['/imu', '/rosout']"
1681490408.745822,63387,1681490408,745111227,,2,/imu_driver,Current time 1681490408 743458032,driver.py,driver,56,"['/imu', '/rosout']"
1681490408.7692559,63388,1681490408,769044876,,2,/imu_driver,Current time 1681490408 767905712,driver.py,driver,56,"['/imu', '/rosout']"
1681490408.794529,63389,1681490408,794317722,,2,/imu_driver,Current time 1681490408 792958021,driver.py,driver,56,"['/imu', '/rosout']"
1681490408.8196142,63390,1681490408,819313526,,2,/imu_driver,Current time 1681490408 818171977,driver.py,driver,56,"['/imu', '/rosout']"
1681490408.8441458,63391,1681490408,843901872,,2,/imu_driver,Current time 1681490408 842891931,driver.py,driver,56,"['/imu', '/rosout']"
1681490408.8691952,63392,1681490408,868988513,,2,/imu_driver,Current time 1681490408 867684125,driver.py,driver,56,"['/imu', '/rosout']"
1681490408.8942523,63393,1681490408,893927335,,2,/imu_driver,Current time 1681490408 892601013,driver.py,driver,56,"['/imu', '/rosout']"
1681490408.9196327,63394,1681490408,918810606,,2,/imu_driver,Current time 1681490408 917724132,driver.py,driver,56,"['/imu', '/rosout']"
1681490408.944284,63395,1681490408,943621635,,2,/imu_driver,Current time 1681490408 942619323,driver.py,driver,56,"['/imu', '/rosout']"
1681490408.9691453,63396,1681490408,968565702,,2,/imu_driver,Current time 1681490408 967611789,driver.py,driver,56,"['/imu', '/rosout']"
1681490408.9945354,63397,1681490408,994259357,,2,/imu_driver,Current time 1681490408 992680311,driver.py,driver,56,"['/imu', '/rosout']"
1681490409.0195084,63398,1681490409,18869161,,2,/imu_driver,Current time 1681490409 17778873,driver.py,driver,56,"['/imu', '/rosout']"
1681490409.0451996,63399,1681490409,43758392,,2,/imu_driver,Current time 1681490409 42597532,driver.py,driver,56,"['/imu', '/rosout']"
1681490409.0699239,63400,1681490409,68636655,,2,/imu_driver,Current time 1681490409 67698240,driver.py,driver,56,"['/imu', '/rosout']"
1681490409.0940297,63401,1681490409,93496799,,2,/imu_driver,Current time 1681490409 92531442,driver.py,driver,56,"['/imu', '/rosout']"
1681490409.119082,63402,1681490409,118758201,,2,/imu_driver,Current time 1681490409 117629528,driver.py,driver,56,"['/imu', '/rosout']"
1681490409.1441422,63403,1681490409,143827676,,2,/imu_driver,Current time 1681490409 142494916,driver.py,driver,56,"['/imu', '/rosout']"
1681490409.1689894,63404,1681490409,168793439,,2,/imu_driver,Current time 1681490409 167679548,driver.py,driver,56,"['/imu', '/rosout']"
1681490409.1938286,63405,1681490409,193622350,,2,/imu_driver,Current time 1681490409 192529439,driver.py,driver,56,"['/imu', '/rosout']"
1681490409.2196727,63406,1681490409,219478607,,2,/imu_driver,Current time 1681490409 218390464,driver.py,driver,56,"['/imu', '/rosout']"
1681490409.2441895,63407,1681490409,243912458,,2,/imu_driver,Current time 1681490409 242575645,driver.py,driver,56,"['/imu', '/rosout']"
1681490409.270257,63408,1681490409,269472599,,2,/imu_driver,Current time 1681490409 268381595,driver.py,driver,56,"['/imu', '/rosout']"
1681490409.2947752,63409,1681490409,293787956,,2,/imu_driver,Current time 1681490409 292445898,driver.py,driver,56,"['/imu', '/rosout']"
1681490409.3195512,63410,1681490409,319332838,,2,/imu_driver,Current time 1681490409 318363904,driver.py,driver,56,"['/imu', '/rosout']"
1681490409.3447933,63411,1681490409,344457626,,2,/imu_driver,Current time 1681490409 343500852,driver.py,driver,56,"['/imu', '/rosout']"
1681490409.369681,63412,1681490409,369423627,,2,/imu_driver,Current time 1681490409 368294239,driver.py,driver,56,"['/imu', '/rosout']"
1681490409.3953433,63413,1681490409,394876956,,2,/imu_driver,Current time 1681490409 393377542,driver.py,driver,56,"['/imu', '/rosout']"
1681490409.4196608,63414,1681490409,419345855,,2,/imu_driver,Current time 1681490409 418432712,driver.py,driver,56,"['/imu', '/rosout']"
1681490409.4446764,63415,1681490409,444386482,,2,/imu_driver,Current time 1681490409 443386077,driver.py,driver,56,"['/imu', '/rosout']"
1681490409.469546,63416,1681490409,469261169,,2,/imu_driver,Current time 1681490409 468090772,driver.py,driver,56,"['/imu', '/rosout']"
1681490409.494587,63417,1681490409,494279384,,2,/imu_driver,Current time 1681490409 493285179,driver.py,driver,56,"['/imu', '/rosout']"
1681490409.5199592,63418,1681490409,519344329,,2,/imu_driver,Current time 1681490409 518345117,driver.py,driver,56,"['/imu', '/rosout']"
1681490409.5471396,63419,1681490409,546773433,,2,/imu_driver,Current time 1681490409 545456171,driver.py,driver,56,"['/imu', '/rosout']"
1681490409.570885,63420,1681490409,570281982,,2,/imu_driver,Current time 1681490409 568280458,driver.py,driver,56,"['/imu', '/rosout']"
1681490409.5949838,63421,1681490409,594762802,,2,/imu_driver,Current time 1681490409 593513011,driver.py,driver,56,"['/imu', '/rosout']"
1681490409.6201382,63422,1681490409,619258403,,2,/imu_driver,Current time 1681490409 618301153,driver.py,driver,56,"['/imu', '/rosout']"
1681490409.6485794,63423,1681490409,647786140,,2,/imu_driver,Current time 1681490409 646504402,driver.py,driver,56,"['/imu', '/rosout']"
1681490409.6818032,63424,1681490409,681277990,,2,/imu_driver,Current time 1681490409 679946422,driver.py,driver,56,"['/imu', '/rosout']"
1681490409.6961105,63425,1681490409,695307254,,2,/imu_driver,Current time 1681490409 693321704,driver.py,driver,56,"['/imu', '/rosout']"
1681490409.7198622,63426,1681490409,719575405,,2,/imu_driver,Current time 1681490409 718415260,driver.py,driver,56,"['/imu', '/rosout']"
1681490409.7453697,63427,1681490409,744306087,,2,/imu_driver,Current time 1681490409 743151187,driver.py,driver,56,"['/imu', '/rosout']"
1681490409.772393,63428,1681490409,771776676,,2,/imu_driver,Current time 1681490409 768287420,driver.py,driver,56,"['/imu', '/rosout']"
1681490409.794976,63429,1681490409,794690370,,2,/imu_driver,Current time 1681490409 793151378,driver.py,driver,56,"['/imu', '/rosout']"
1681490409.8194149,63430,1681490409,819153308,,2,/imu_driver,Current time 1681490409 818139076,driver.py,driver,56,"['/imu', '/rosout']"
1681490409.8442798,63431,1681490409,844043731,,2,/imu_driver,Current time 1681490409 843013525,driver.py,driver,56,"['/imu', '/rosout']"
1681490409.8693304,63432,1681490409,869030714,,2,/imu_driver,Current time 1681490409 867907762,driver.py,driver,56,"['/imu', '/rosout']"
1681490409.8949876,63433,1681490409,894730567,,2,/imu_driver,Current time 1681490409 893509626,driver.py,driver,56,"['/imu', '/rosout']"
1681490409.9190946,63434,1681490409,918939352,,2,/imu_driver,Current time 1681490409 917963027,driver.py,driver,56,"['/imu', '/rosout']"
1681490409.9441442,63435,1681490409,943862676,,2,/imu_driver,Current time 1681490409 942879438,driver.py,driver,56,"['/imu', '/rosout']"
1681490409.969462,63436,1681490409,968950748,,2,/imu_driver,Current time 1681490409 967876911,driver.py,driver,56,"['/imu', '/rosout']"
1681490409.9944317,63437,1681490409,993939638,,2,/imu_driver,Current time 1681490409 992816209,driver.py,driver,56,"['/imu', '/rosout']"
1681490410.0195866,63438,1681490410,18974065,,2,/imu_driver,Current time 1681490410 17894983,driver.py,driver,56,"['/imu', '/rosout']"
1681490410.0458589,63439,1681490410,45194149,,2,/imu_driver,Current time 1681490410 43772459,driver.py,driver,56,"['/imu', '/rosout']"
1681490410.0698102,63440,1681490410,69108724,,2,/imu_driver,Current time 1681490410 67953824,driver.py,driver,56,"['/imu', '/rosout']"
1681490410.0944045,63441,1681490410,93899726,,2,/imu_driver,Current time 1681490410 92847585,driver.py,driver,56,"['/imu', '/rosout']"
1681490410.1209998,63442,1681490410,120333671,,2,/imu_driver,Current time 1681490410 119138002,driver.py,driver,56,"['/imu', '/rosout']"
1681490410.1480198,63443,1681490410,146683454,,2,/imu_driver,Current time 1681490410 142790079,driver.py,driver,56,"['/imu', '/rosout']"
1681490410.1692348,63444,1681490410,168796300,,2,/imu_driver,Current time 1681490410 167760372,driver.py,driver,56,"['/imu', '/rosout']"
1681490410.1943872,63445,1681490410,193804264,,2,/imu_driver,Current time 1681490410 192794322,driver.py,driver,56,"['/imu', '/rosout']"
1681490410.2193627,63446,1681490410,218826055,,2,/imu_driver,Current time 1681490410 217808723,driver.py,driver,56,"['/imu', '/rosout']"
1681490410.2443626,63447,1681490410,243860483,,2,/imu_driver,Current time 1681490410 242750644,driver.py,driver,56,"['/imu', '/rosout']"
1681490410.2692502,63448,1681490410,268786430,,2,/imu_driver,Current time 1681490410 267672777,driver.py,driver,56,"['/imu', '/rosout']"
1681490410.2979157,63449,1681490410,297384023,,2,/imu_driver,Current time 1681490410 292958498,driver.py,driver,56,"['/imu', '/rosout']"
1681490410.3188403,63450,1681490410,318693399,,2,/imu_driver,Current time 1681490410 317640304,driver.py,driver,56,"['/imu', '/rosout']"
1681490410.3441823,63451,1681490410,343853473,,2,/imu_driver,Current time 1681490410 342746973,driver.py,driver,56,"['/imu', '/rosout']"
1681490410.3687577,63452,1681490410,368579864,,2,/imu_driver,Current time 1681490410 367591619,driver.py,driver,56,"['/imu', '/rosout']"
1681490410.394608,63453,1681490410,394303083,,2,/imu_driver,Current time 1681490410 392744541,driver.py,driver,56,"['/imu', '/rosout']"
1681490410.4197354,63454,1681490410,419543743,,2,/imu_driver,Current time 1681490410 418683290,driver.py,driver,56,"['/imu', '/rosout']"
1681490410.4437616,63455,1681490410,443505048,,2,/imu_driver,Current time 1681490410 442522048,driver.py,driver,56,"['/imu', '/rosout']"
1681490410.4698324,63456,1681490410,469511747,,2,/imu_driver,Current time 1681490410 468551874,driver.py,driver,56,"['/imu', '/rosout']"
1681490410.4938173,63457,1681490410,493575572,,2,/imu_driver,Current time 1681490410 492605209,driver.py,driver,56,"['/imu', '/rosout']"
1681490410.5193233,63458,1681490410,519038438,,2,/imu_driver,Current time 1681490410 517958879,driver.py,driver,56,"['/imu', '/rosout']"
1681490410.545308,63459,1681490410,545127391,,2,/imu_driver,Current time 1681490410 543465137,driver.py,driver,56,"['/imu', '/rosout']"
1681490410.5697434,63460,1681490410,569564580,,2,/imu_driver,Current time 1681490410 568559885,driver.py,driver,56,"['/imu', '/rosout']"
1681490410.5946598,63461,1681490410,594485044,,2,/imu_driver,Current time 1681490410 593411684,driver.py,driver,56,"['/imu', '/rosout']"
1681490410.6198618,63462,1681490410,619573831,,2,/imu_driver,Current time 1681490410 618432760,driver.py,driver,56,"['/imu', '/rosout']"
1681490410.6449187,63463,1681490410,644397735,,2,/imu_driver,Current time 1681490410 643302917,driver.py,driver,56,"['/imu', '/rosout']"
1681490410.6698456,63464,1681490410,669310092,,2,/imu_driver,Current time 1681490410 668331623,driver.py,driver,56,"['/imu', '/rosout']"
1681490410.6947143,63465,1681490410,694235324,,2,/imu_driver,Current time 1681490410 693259477,driver.py,driver,56,"['/imu', '/rosout']"
1681490410.720039,63466,1681490410,719461917,,2,/imu_driver,Current time 1681490410 718379497,driver.py,driver,56,"['/imu', '/rosout']"
1681490410.7453864,63467,1681490410,744508504,,2,/imu_driver,Current time 1681490410 743464708,driver.py,driver,56,"['/imu', '/rosout']"
1681490410.7704644,63468,1681490410,769539833,,2,/imu_driver,Current time 1681490410 768445253,driver.py,driver,56,"['/imu', '/rosout']"
1681490410.7953234,63469,1681490410,794925928,,2,/imu_driver,Current time 1681490410 793527841,driver.py,driver,56,"['/imu', '/rosout']"
1681490410.8208795,63470,1681490410,819866180,,2,/imu_driver,Current time 1681490410 818488597,driver.py,driver,56,"['/imu', '/rosout']"
1681490410.8457553,63471,1681490410,844785928,,2,/imu_driver,Current time 1681490410 843225717,driver.py,driver,56,"['/imu', '/rosout']"
1681490410.8700078,63472,1681490410,869398355,,2,/imu_driver,Current time 1681490410 868208408,driver.py,driver,56,"['/imu', '/rosout']"
1681490410.8954427,63473,1681490410,894879579,,2,/imu_driver,Current time 1681490410 893214702,driver.py,driver,56,"['/imu', '/rosout']"
1681490410.920236,63474,1681490410,919451951,,2,/imu_driver,Current time 1681490410 918230056,driver.py,driver,56,"['/imu', '/rosout']"
1681490410.9450943,63475,1681490410,944510459,,2,/imu_driver,Current time 1681490410 943330287,driver.py,driver,56,"['/imu', '/rosout']"
1681490410.9697843,63476,1681490410,969297885,,2,/imu_driver,Current time 1681490410 968142509,driver.py,driver,56,"['/imu', '/rosout']"
1681490410.9946327,63477,1681490410,994169950,,2,/imu_driver,Current time 1681490410 993238687,driver.py,driver,56,"['/imu', '/rosout']"
1681490411.0194552,63478,1681490411,19025564,,2,/imu_driver,Current time 1681490411 18002510,driver.py,driver,56,"['/imu', '/rosout']"
1681490411.0453038,63479,1681490411,44722795,,2,/imu_driver,Current time 1681490411 43091058,driver.py,driver,56,"['/imu', '/rosout']"
1681490411.069674,63480,1681490411,69101333,,2,/imu_driver,Current time 1681490411 67972898,driver.py,driver,56,"['/imu', '/rosout']"
1681490411.0942888,63481,1681490411,93897104,,2,/imu_driver,Current time 1681490411 92949867,driver.py,driver,56,"['/imu', '/rosout']"
1681490411.1218653,63482,1681490411,120994806,,2,/imu_driver,Current time 1681490411 118087530,driver.py,driver,56,"['/imu', '/rosout']"
1681490411.1448796,63483,1681490411,144570112,,2,/imu_driver,Current time 1681490411 143167972,driver.py,driver,56,"['/imu', '/rosout']"
1681490411.1695914,63484,1681490411,169372081,,2,/imu_driver,Current time 1681490411 168163061,driver.py,driver,56,"['/imu', '/rosout']"
1681490411.1958437,63485,1681490411,195122718,,2,/imu_driver,Current time 1681490411 193814039,driver.py,driver,56,"['/imu', '/rosout']"
1681490411.2197018,63486,1681490411,219022035,,2,/imu_driver,Current time 1681490411 217996835,driver.py,driver,56,"['/imu', '/rosout']"
1681490411.2442093,63487,1681490411,243769168,,2,/imu_driver,Current time 1681490411 242830991,driver.py,driver,56,"['/imu', '/rosout']"
1681490411.2695966,63488,1681490411,269254684,,2,/imu_driver,Current time 1681490411 268085956,driver.py,driver,56,"['/imu', '/rosout']"
1681490411.295533,63489,1681490411,294789075,,2,/imu_driver,Current time 1681490411 293236494,driver.py,driver,56,"['/imu', '/rosout']"
1681490411.3191495,63490,1681490411,318932294,,2,/imu_driver,Current time 1681490411 317864656,driver.py,driver,56,"['/imu', '/rosout']"
1681490411.3445332,63491,1681490411,344054937,,2,/imu_driver,Current time 1681490411 342998743,driver.py,driver,56,"['/imu', '/rosout']"
1681490411.3698823,63492,1681490411,369204998,,2,/imu_driver,Current time 1681490411 367966651,driver.py,driver,56,"['/imu', '/rosout']"
1681490411.395505,63493,1681490411,395128250,,2,/imu_driver,Current time 1681490411 393489599,driver.py,driver,56,"['/imu', '/rosout']"
1681490411.4196308,63494,1681490411,418976783,,2,/imu_driver,Current time 1681490411 418046951,driver.py,driver,56,"['/imu', '/rosout']"
1681490411.4444423,63495,1681490411,443978309,,2,/imu_driver,Current time 1681490411 442736864,driver.py,driver,56,"['/imu', '/rosout']"
1681490411.4691296,63496,1681490411,468749284,,2,/imu_driver,Current time 1681490411 467770099,driver.py,driver,56,"['/imu', '/rosout']"
1681490411.4939463,63497,1681490411,493739843,,2,/imu_driver,Current time 1681490411 492702960,driver.py,driver,56,"['/imu', '/rosout']"
1681490411.5196452,63498,1681490411,518967628,,2,/imu_driver,Current time 1681490411 517715930,driver.py,driver,56,"['/imu', '/rosout']"
1681490411.5447347,63499,1681490411,544012308,,2,/imu_driver,Current time 1681490411 542620658,driver.py,driver,56,"['/imu', '/rosout']"
1681490411.569458,63500,1681490411,568864583,,2,/imu_driver,Current time 1681490411 567737102,driver.py,driver,56,"['/imu', '/rosout']"
1681490411.594584,63501,1681490411,594096183,,2,/imu_driver,Current time 1681490411 592936754,driver.py,driver,56,"['/imu', '/rosout']"
1681490411.6199825,63502,1681490411,619743347,,2,/imu_driver,Current time 1681490411 618667364,driver.py,driver,56,"['/imu', '/rosout']"
1681490411.643761,63503,1681490411,643525600,,2,/imu_driver,Current time 1681490411 642574071,driver.py,driver,56,"['/imu', '/rosout']"
1681490411.6703463,63504,1681490411,669779062,,2,/imu_driver,Current time 1681490411 668572902,driver.py,driver,56,"['/imu', '/rosout']"
1681490411.6943667,63505,1681490411,694051980,,2,/imu_driver,Current time 1681490411 692582130,driver.py,driver,56,"['/imu', '/rosout']"
1681490411.7198281,63506,1681490411,719303369,,2,/imu_driver,Current time 1681490411 717829704,driver.py,driver,56,"['/imu', '/rosout']"
1681490411.7449117,63507,1681490411,744440793,,2,/imu_driver,Current time 1681490411 743420124,driver.py,driver,56,"['/imu', '/rosout']"
1681490411.7692084,63508,1681490411,768662214,,2,/imu_driver,Current time 1681490411 767529010,driver.py,driver,56,"['/imu', '/rosout']"
1681490411.7950609,63509,1681490411,794757366,,2,/imu_driver,Current time 1681490411 793223857,driver.py,driver,56,"['/imu', '/rosout']"
1681490411.8200533,63510,1681490411,819564342,,2,/imu_driver,Current time 1681490411 818534612,driver.py,driver,56,"['/imu', '/rosout']"
1681490411.8468206,63511,1681490411,845868825,,2,/imu_driver,Current time 1681490411 843459129,driver.py,driver,56,"['/imu', '/rosout']"
1681490411.8699234,63512,1681490411,869396448,,2,/imu_driver,Current time 1681490411 868351221,driver.py,driver,56,"['/imu', '/rosout']"
1681490411.894984,63513,1681490411,894386529,,2,/imu_driver,Current time 1681490411 893408536,driver.py,driver,56,"['/imu', '/rosout']"
1681490411.9199772,63514,1681490411,919649124,,2,/imu_driver,Current time 1681490411 918514490,driver.py,driver,56,"['/imu', '/rosout']"
1681490411.9452446,63515,1681490411,944886445,,2,/imu_driver,Current time 1681490411 943494081,driver.py,driver,56,"['/imu', '/rosout']"
1681490411.970123,63516,1681490411,969474077,,2,/imu_driver,Current time 1681490411 968319892,driver.py,driver,56,"['/imu', '/rosout']"
1681490411.9948006,63517,1681490411,994545698,,2,/imu_driver,Current time 1681490411 993372917,driver.py,driver,56,"['/imu', '/rosout']"
1681490412.0197988,63518,1681490412,19547700,,2,/imu_driver,Current time 1681490412 18328666,driver.py,driver,56,"['/imu', '/rosout']"
1681490412.0493896,63519,1681490412,49224853,,2,/imu_driver,Current time 1681490412 43311119,driver.py,driver,56,"['/imu', '/rosout']"
1681490412.06957,63520,1681490412,69334745,,2,/imu_driver,Current time 1681490412 68273067,driver.py,driver,56,"['/imu', '/rosout']"
1681490412.0967493,63521,1681490412,95305204,,2,/imu_driver,Current time 1681490412 93864679,driver.py,driver,56,"['/imu', '/rosout']"
1681490412.119594,63522,1681490412,119134187,,2,/imu_driver,Current time 1681490412 118150711,driver.py,driver,56,"['/imu', '/rosout']"
1681490412.144583,63523,1681490412,144323348,,2,/imu_driver,Current time 1681490412 143298625,driver.py,driver,56,"['/imu', '/rosout']"
1681490412.16937,63524,1681490412,169169425,,2,/imu_driver,Current time 1681490412 168131828,driver.py,driver,56,"['/imu', '/rosout']"
1681490412.1950812,63525,1681490412,194777965,,2,/imu_driver,Current time 1681490412 193332910,driver.py,driver,56,"['/imu', '/rosout']"
1681490412.2201772,63526,1681490412,219295263,,2,/imu_driver,Current time 1681490412 218201637,driver.py,driver,56,"['/imu', '/rosout']"
1681490412.244923,63527,1681490412,244656324,,2,/imu_driver,Current time 1681490412 243339061,driver.py,driver,56,"['/imu', '/rosout']"
1681490412.26938,63528,1681490412,269178390,,2,/imu_driver,Current time 1681490412 268060922,driver.py,driver,56,"['/imu', '/rosout']"
1681490412.2946641,63529,1681490412,294164180,,2,/imu_driver,Current time 1681490412 293161153,driver.py,driver,56,"['/imu', '/rosout']"
1681490412.3193605,63530,1681490412,319111108,,2,/imu_driver,Current time 1681490412 318035125,driver.py,driver,56,"['/imu', '/rosout']"
1681490412.3454144,63531,1681490412,344790220,,2,/imu_driver,Current time 1681490412 342977046,driver.py,driver,56,"['/imu', '/rosout']"
1681490412.3692694,63532,1681490412,369061708,,2,/imu_driver,Current time 1681490412 367989301,driver.py,driver,56,"['/imu', '/rosout']"
1681490412.3942142,63533,1681490412,393983602,,2,/imu_driver,Current time 1681490412 392943620,driver.py,driver,56,"['/imu', '/rosout']"
1681490412.4192436,63534,1681490412,418984413,,2,/imu_driver,Current time 1681490412 417979478,driver.py,driver,56,"['/imu', '/rosout']"
1681490412.4453025,63535,1681490412,444655418,,2,/imu_driver,Current time 1681490412 443085908,driver.py,driver,56,"['/imu', '/rosout']"
1681490412.4702015,63536,1681490412,469953060,,2,/imu_driver,Current time 1681490412 468841791,driver.py,driver,56,"['/imu', '/rosout']"
1681490412.494532,63537,1681490412,494041919,,2,/imu_driver,Current time 1681490412 492946863,driver.py,driver,56,"['/imu', '/rosout']"
1681490412.5190797,63538,1681490412,518923044,,2,/imu_driver,Current time 1681490412 517874002,driver.py,driver,56,"['/imu', '/rosout']"
1681490412.544134,63539,1681490412,543879747,,2,/imu_driver,Current time 1681490412 542795181,driver.py,driver,56,"['/imu', '/rosout']"
1681490412.569189,63540,1681490412,569042205,,2,/imu_driver,Current time 1681490412 567952394,driver.py,driver,56,"['/imu', '/rosout']"
1681490412.5943518,63541,1681490412,594185113,,2,/imu_driver,Current time 1681490412 592893838,driver.py,driver,56,"['/imu', '/rosout']"
1681490412.618941,63542,1681490412,618735313,,2,/imu_driver,Current time 1681490412 617684841,driver.py,driver,56,"['/imu', '/rosout']"
1681490412.6445127,63543,1681490412,644364356,,2,/imu_driver,Current time 1681490412 643114328,driver.py,driver,56,"['/imu', '/rosout']"
1681490412.6689785,63544,1681490412,668827533,,2,/imu_driver,Current time 1681490412 667822837,driver.py,driver,56,"['/imu', '/rosout']"
1681490412.6949449,63545,1681490412,694772481,,2,/imu_driver,Current time 1681490412 693370580,driver.py,driver,56,"['/imu', '/rosout']"
1681490412.7188892,63546,1681490412,718718051,,2,/imu_driver,Current time 1681490412 717715024,driver.py,driver,56,"['/imu', '/rosout']"
1681490412.744234,63547,1681490412,743938446,,2,/imu_driver,Current time 1681490412 742710351,driver.py,driver,56,"['/imu', '/rosout']"
1681490412.7697861,63548,1681490412,768977403,,2,/imu_driver,Current time 1681490412 767903089,driver.py,driver,56,"['/imu', '/rosout']"
1681490412.7940962,63549,1681490412,793906688,,2,/imu_driver,Current time 1681490412 792741298,driver.py,driver,56,"['/imu', '/rosout']"
1681490412.819556,63550,1681490412,818820953,,2,/imu_driver,Current time 1681490412 817746877,driver.py,driver,56,"['/imu', '/rosout']"
1681490412.8442457,63551,1681490412,843855381,,2,/imu_driver,Current time 1681490412 842570543,driver.py,driver,56,"['/imu', '/rosout']"
1681490412.8700366,63552,1681490412,869454860,,2,/imu_driver,Current time 1681490412 868505954,driver.py,driver,56,"['/imu', '/rosout']"
1681490412.8945787,63553,1681490412,893682479,,2,/imu_driver,Current time 1681490412 892613410,driver.py,driver,56,"['/imu', '/rosout']"
1681490412.919982,63554,1681490412,919469594,,2,/imu_driver,Current time 1681490412 918448448,driver.py,driver,56,"['/imu', '/rosout']"
1681490412.9450629,63555,1681490412,944833040,,2,/imu_driver,Current time 1681490412 943467855,driver.py,driver,56,"['/imu', '/rosout']"
1681490412.9699354,63556,1681490412,969619750,,2,/imu_driver,Current time 1681490412 968607902,driver.py,driver,56,"['/imu', '/rosout']"
1681490412.9939785,63557,1681490412,993763923,,2,/imu_driver,Current time 1681490412 992772817,driver.py,driver,56,"['/imu', '/rosout']"
1681490413.019687,63558,1681490413,19480228,,2,/imu_driver,Current time 1681490413 18537044,driver.py,driver,56,"['/imu', '/rosout']"
1681490413.0438375,63559,1681490413,43552875,,2,/imu_driver,Current time 1681490413 42584419,driver.py,driver,56,"['/imu', '/rosout']"
1681490413.0696688,63560,1681490413,69524765,,2,/imu_driver,Current time 1681490413 68552255,driver.py,driver,56,"['/imu', '/rosout']"
1681490413.0959916,63561,1681490413,95595359,,2,/imu_driver,Current time 1681490413 93703985,driver.py,driver,56,"['/imu', '/rosout']"
1681490413.1384108,63562,1681490413,138132572,,2,/imu_driver,Current time 1681490413 118327140,driver.py,driver,56,"['/imu', '/rosout']"
1681490413.1455834,63563,1681490413,145067691,,2,/imu_driver,Current time 1681490413 143685340,driver.py,driver,56,"['/imu', '/rosout']"
1681490413.1701357,63564,1681490413,169822216,,2,/imu_driver,Current time 1681490413 168521165,driver.py,driver,56,"['/imu', '/rosout']"
1681490413.198506,63565,1681490413,197808027,,2,/imu_driver,Current time 1681490413 193418264,driver.py,driver,56,"['/imu', '/rosout']"
1681490413.2198586,63566,1681490413,219343662,,2,/imu_driver,Current time 1681490413 218248605,driver.py,driver,56,"['/imu', '/rosout']"
1681490413.2459555,63567,1681490413,245202541,,2,/imu_driver,Current time 1681490413 243726730,driver.py,driver,56,"['/imu', '/rosout']"
1681490413.269964,63568,1681490413,269319534,,2,/imu_driver,Current time 1681490413 268288850,driver.py,driver,56,"['/imu', '/rosout']"
1681490413.294797,63569,1681490413,294316291,,2,/imu_driver,Current time 1681490413 293238878,driver.py,driver,56,"['/imu', '/rosout']"
1681490413.3201416,63570,1681490413,319500684,,2,/imu_driver,Current time 1681490413 318272590,driver.py,driver,56,"['/imu', '/rosout']"
1681490413.3453069,63571,1681490413,344553470,,2,/imu_driver,Current time 1681490413 343228340,driver.py,driver,56,"['/imu', '/rosout']"
1681490413.3701642,63572,1681490413,369452953,,2,/imu_driver,Current time 1681490413 368214607,driver.py,driver,56,"['/imu', '/rosout']"
1681490413.3947747,63573,1681490413,394350528,,2,/imu_driver,Current time 1681490413 393339633,driver.py,driver,56,"['/imu', '/rosout']"
1681490413.4203281,63574,1681490413,419370651,,2,/imu_driver,Current time 1681490413 418333530,driver.py,driver,56,"['/imu', '/rosout']"
1681490413.4471524,63575,1681490413,446737051,,2,/imu_driver,Current time 1681490413 445559978,driver.py,driver,56,"['/imu', '/rosout']"
1681490413.4693987,63576,1681490413,469167709,,2,/imu_driver,Current time 1681490413 468141078,driver.py,driver,56,"['/imu', '/rosout']"
1681490413.4952238,63577,1681490413,494421720,,2,/imu_driver,Current time 1681490413 493161439,driver.py,driver,56,"['/imu', '/rosout']"
1681490413.5198994,63578,1681490413,519109010,,2,/imu_driver,Current time 1681490413 518239736,driver.py,driver,56,"['/imu', '/rosout']"
1681490413.5443718,63579,1681490413,544083118,,2,/imu_driver,Current time 1681490413 543078422,driver.py,driver,56,"['/imu', '/rosout']"
1681490413.5695505,63580,1681490413,569092035,,2,/imu_driver,Current time 1681490413 568103075,driver.py,driver,56,"['/imu', '/rosout']"
1681490413.595019,63581,1681490413,594368457,,2,/imu_driver,Current time 1681490413 593112468,driver.py,driver,56,"['/imu', '/rosout']"
1681490413.6197197,63582,1681490413,619019031,,2,/imu_driver,Current time 1681490413 618004560,driver.py,driver,56,"['/imu', '/rosout']"
1681490413.6445916,63583,1681490413,644097089,,2,/imu_driver,Current time 1681490413 643064975,driver.py,driver,56,"['/imu', '/rosout']"
1681490413.6702154,63584,1681490413,669301271,,2,/imu_driver,Current time 1681490413 668176174,driver.py,driver,56,"['/imu', '/rosout']"
1681490413.695751,63585,1681490413,695030927,,2,/imu_driver,Current time 1681490413 693787097,driver.py,driver,56,"['/imu', '/rosout']"
1681490413.7199874,63586,1681490413,719090700,,2,/imu_driver,Current time 1681490413 718063831,driver.py,driver,56,"['/imu', '/rosout']"
1681490413.7449827,63587,1681490413,744269132,,2,/imu_driver,Current time 1681490413 742978811,driver.py,driver,56,"['/imu', '/rosout']"
1681490413.7705822,63588,1681490413,770107507,,2,/imu_driver,Current time 1681490413 768350124,driver.py,driver,56,"['/imu', '/rosout']"
1681490413.7944908,63589,1681490413,793985605,,2,/imu_driver,Current time 1681490413 793016910,driver.py,driver,56,"['/imu', '/rosout']"
1681490413.8195271,63590,1681490413,818871259,,2,/imu_driver,Current time 1681490413 817827701,driver.py,driver,56,"['/imu', '/rosout']"
1681490413.8467553,63591,1681490413,844610452,,2,/imu_driver,Current time 1681490413 843199491,driver.py,driver,56,"['/imu', '/rosout']"
1681490413.8702264,63592,1681490413,869610071,,2,/imu_driver,Current time 1681490413 868214845,driver.py,driver,56,"['/imu', '/rosout']"
1681490413.8940911,63593,1681490413,893826484,,2,/imu_driver,Current time 1681490413 892936944,driver.py,driver,56,"['/imu', '/rosout']"
1681490413.9193578,63594,1681490413,918956756,,2,/imu_driver,Current time 1681490413 917913436,driver.py,driver,56,"['/imu', '/rosout']"
1681490413.9464407,63595,1681490413,946103572,,2,/imu_driver,Current time 1681490413 944879055,driver.py,driver,56,"['/imu', '/rosout']"
1681490413.9693232,63596,1681490413,968928098,,2,/imu_driver,Current time 1681490413 967873334,driver.py,driver,56,"['/imu', '/rosout']"
1681490413.99574,63597,1681490413,994968175,,2,/imu_driver,Current time 1681490413 993041753,driver.py,driver,56,"['/imu', '/rosout']"
1681490414.0192094,63598,1681490414,18683671,,2,/imu_driver,Current time 1681490414 17725944,driver.py,driver,56,"['/imu', '/rosout']"
1681490414.04457,63599,1681490414,44047832,,2,/imu_driver,Current time 1681490414 42961597,driver.py,driver,56,"['/imu', '/rosout']"
1681490414.069502,63600,1681490414,69087743,,2,/imu_driver,Current time 1681490414 67895889,driver.py,driver,56,"['/imu', '/rosout']"
1681490414.0962858,63601,1681490414,94243049,,2,/imu_driver,Current time 1681490414 92922687,driver.py,driver,56,"['/imu', '/rosout']"
1681490414.119698,63602,1681490414,119033098,,2,/imu_driver,Current time 1681490414 117743253,driver.py,driver,56,"['/imu', '/rosout']"
1681490414.1444094,63603,1681490414,143856287,,2,/imu_driver,Current time 1681490414 142786026,driver.py,driver,56,"['/imu', '/rosout']"
1681490414.1694438,63604,1681490414,168853998,,2,/imu_driver,Current time 1681490414 167773723,driver.py,driver,56,"['/imu', '/rosout']"
1681490414.196067,63605,1681490414,195826292,,2,/imu_driver,Current time 1681490414 194581985,driver.py,driver,56,"['/imu', '/rosout']"
1681490414.219881,63606,1681490414,219735860,,2,/imu_driver,Current time 1681490414 218683481,driver.py,driver,56,"['/imu', '/rosout']"
1681490414.2462037,63607,1681490414,245282888,,2,/imu_driver,Current time 1681490414 244246959,driver.py,driver,56,"['/imu', '/rosout']"
1681490414.2703388,63608,1681490414,269682645,,2,/imu_driver,Current time 1681490414 268563270,driver.py,driver,56,"['/imu', '/rosout']"
1681490414.2947297,63609,1681490414,293885469,,2,/imu_driver,Current time 1681490414 292750835,driver.py,driver,56,"['/imu', '/rosout']"
1681490414.320225,63610,1681490414,319818258,,2,/imu_driver,Current time 1681490414 318369388,driver.py,driver,56,"['/imu', '/rosout']"
1681490414.3463109,63611,1681490414,345545053,,2,/imu_driver,Current time 1681490414 343872308,driver.py,driver,56,"['/imu', '/rosout']"
1681490414.3707552,63612,1681490414,369995594,,2,/imu_driver,Current time 1681490414 368475675,driver.py,driver,56,"['/imu', '/rosout']"
1681490414.3944826,63613,1681490414,393804311,,2,/imu_driver,Current time 1681490414 392677068,driver.py,driver,56,"['/imu', '/rosout']"
1681490414.4216254,63614,1681490414,420181274,,2,/imu_driver,Current time 1681490414 419112920,driver.py,driver,56,"['/imu', '/rosout']"
1681490414.4449825,63615,1681490414,444219589,,2,/imu_driver,Current time 1681490414 442617893,driver.py,driver,56,"['/imu', '/rosout']"
1681490414.4698288,63616,1681490414,469432115,,2,/imu_driver,Current time 1681490414 468542814,driver.py,driver,56,"['/imu', '/rosout']"
1681490414.4949787,63617,1681490414,494517326,,2,/imu_driver,Current time 1681490414 493538856,driver.py,driver,56,"['/imu', '/rosout']"
1681490414.5200992,63618,1681490414,519468784,,2,/imu_driver,Current time 1681490414 518496036,driver.py,driver,56,"['/imu', '/rosout']"
1681490414.5448282,63619,1681490414,544394493,,2,/imu_driver,Current time 1681490414 543385744,driver.py,driver,56,"['/imu', '/rosout']"
1681490414.569742,63620,1681490414,569482088,,2,/imu_driver,Current time 1681490414 568446636,driver.py,driver,56,"['/imu', '/rosout']"
1681490414.5977387,63621,1681490414,597458839,,2,/imu_driver,Current time 1681490414 596103906,driver.py,driver,56,"['/imu', '/rosout']"
1681490414.620162,63622,1681490414,619480371,,2,/imu_driver,Current time 1681490414 618432998,driver.py,driver,56,"['/imu', '/rosout']"
1681490414.6456988,63623,1681490414,645207881,,2,/imu_driver,Current time 1681490414 643640041,driver.py,driver,56,"['/imu', '/rosout']"
1681490414.6697419,63624,1681490414,669283390,,2,/imu_driver,Current time 1681490414 668240070,driver.py,driver,56,"['/imu', '/rosout']"
1681490414.6961107,63625,1681490414,695446491,,2,/imu_driver,Current time 1681490414 693774938,driver.py,driver,56,"['/imu', '/rosout']"
1681490414.7195415,63626,1681490414,719333648,,2,/imu_driver,Current time 1681490414 718345403,driver.py,driver,56,"['/imu', '/rosout']"
1681490414.7460766,63627,1681490414,745329618,,2,/imu_driver,Current time 1681490414 743845224,driver.py,driver,56,"['/imu', '/rosout']"
1681490414.7697632,63628,1681490414,769218206,,2,/imu_driver,Current time 1681490414 768207311,driver.py,driver,56,"['/imu', '/rosout']"
1681490414.7948318,63629,1681490414,794375896,,2,/imu_driver,Current time 1681490414 793294906,driver.py,driver,56,"['/imu', '/rosout']"
1681490414.819512,63630,1681490414,819278478,,2,/imu_driver,Current time 1681490414 818216562,driver.py,driver,56,"['/imu', '/rosout']"
1681490414.844594,63631,1681490414,844333648,,2,/imu_driver,Current time 1681490414 843063831,driver.py,driver,56,"['/imu', '/rosout']"
1681490414.8694284,63632,1681490414,869220495,,2,/imu_driver,Current time 1681490414 868280410,driver.py,driver,56,"['/imu', '/rosout']"
1681490414.894355,63633,1681490414,894160032,,2,/imu_driver,Current time 1681490414 893156051,driver.py,driver,56,"['/imu', '/rosout']"
1681490414.9194102,63634,1681490414,919103860,,2,/imu_driver,Current time 1681490414 918036460,driver.py,driver,56,"['/imu', '/rosout']"
1681490414.9452074,63635,1681490414,944597959,,2,/imu_driver,Current time 1681490414 943202733,driver.py,driver,56,"['/imu', '/rosout']"
1681490414.9696546,63636,1681490414,969091415,,2,/imu_driver,Current time 1681490414 968058109,driver.py,driver,56,"['/imu', '/rosout']"
1681490414.9947016,63637,1681490414,994236469,,2,/imu_driver,Current time 1681490414 993210077,driver.py,driver,56,"['/imu', '/rosout']"
1681490415.0197027,63638,1681490415,19233703,,2,/imu_driver,Current time 1681490415 18091678,driver.py,driver,56,"['/imu', '/rosout']"
1681490415.044514,63639,1681490415,44002771,,2,/imu_driver,Current time 1681490415 42996168,driver.py,driver,56,"['/imu', '/rosout']"
1681490415.0695596,63640,1681490415,69099187,,2,/imu_driver,Current time 1681490415 68070650,driver.py,driver,56,"['/imu', '/rosout']"
1681490415.095105,63641,1681490415,94464540,,2,/imu_driver,Current time 1681490415 93126773,driver.py,driver,56,"['/imu', '/rosout']"
1681490415.1215467,63642,1681490415,119276285,,2,/imu_driver,Current time 1681490415 117891788,driver.py,driver,56,"['/imu', '/rosout']"
1681490415.1447415,63643,1681490415,144052743,,2,/imu_driver,Current time 1681490415 142945289,driver.py,driver,56,"['/imu', '/rosout']"
1681490415.1696079,63644,1681490415,168904304,,2,/imu_driver,Current time 1681490415 167907476,driver.py,driver,56,"['/imu', '/rosout']"
1681490415.1958067,63645,1681490415,194855213,,2,/imu_driver,Current time 1681490415 193348407,driver.py,driver,56,"['/imu', '/rosout']"
1681490415.219331,63646,1681490415,218910694,,2,/imu_driver,Current time 1681490415 217951536,driver.py,driver,56,"['/imu', '/rosout']"
1681490415.2446816,63647,1681490415,243954896,,2,/imu_driver,Current time 1681490415 242868423,driver.py,driver,56,"['/imu', '/rosout']"
1681490415.2693982,63648,1681490415,269088745,,2,/imu_driver,Current time 1681490415 267847776,driver.py,driver,56,"['/imu', '/rosout']"
1681490415.2944314,63649,1681490415,293872356,,2,/imu_driver,Current time 1681490415 292835950,driver.py,driver,56,"['/imu', '/rosout']"
1681490415.3198383,63650,1681490415,319263935,,2,/imu_driver,Current time 1681490415 318018913,driver.py,driver,56,"['/imu', '/rosout']"
1681490415.3481586,63651,1681490415,347651243,,2,/imu_driver,Current time 1681490415 343747854,driver.py,driver,56,"['/imu', '/rosout']"
1681490415.3697758,63652,1681490415,369254350,,2,/imu_driver,Current time 1681490415 368027925,driver.py,driver,56,"['/imu', '/rosout']"
1681490415.3945553,63653,1681490415,393779039,,2,/imu_driver,Current time 1681490415 392730712,driver.py,driver,56,"['/imu', '/rosout']"
1681490415.4219651,63654,1681490415,421634912,,2,/imu_driver,Current time 1681490415 420432806,driver.py,driver,56,"['/imu', '/rosout']"
1681490415.4453917,63655,1681490415,444542169,,2,/imu_driver,Current time 1681490415 442694425,driver.py,driver,56,"['/imu', '/rosout']"
1681490415.4706464,63656,1681490415,469325542,,2,/imu_driver,Current time 1681490415 467996358,driver.py,driver,56,"['/imu', '/rosout']"
1681490415.4947414,63657,1681490415,494213342,,2,/imu_driver,Current time 1681490415 492693662,driver.py,driver,56,"['/imu', '/rosout']"
1681490415.5200431,63658,1681490415,519376039,,2,/imu_driver,Current time 1681490415 517937898,driver.py,driver,56,"['/imu', '/rosout']"
1681490415.5462644,63659,1681490415,545460939,,2,/imu_driver,Current time 1681490415 543899536,driver.py,driver,56,"['/imu', '/rosout']"
1681490415.5703292,63660,1681490415,569723129,,2,/imu_driver,Current time 1681490415 568614721,driver.py,driver,56,"['/imu', '/rosout']"
1681490415.5948877,63661,1681490415,594050645,,2,/imu_driver,Current time 1681490415 592600345,driver.py,driver,56,"['/imu', '/rosout']"
1681490415.6203043,63662,1681490415,619606733,,2,/imu_driver,Current time 1681490415 618433713,driver.py,driver,56,"['/imu', '/rosout']"
1681490415.6443007,63663,1681490415,643760919,,2,/imu_driver,Current time 1681490415 642724752,driver.py,driver,56,"['/imu', '/rosout']"
1681490415.6702294,63664,1681490415,669691324,,2,/imu_driver,Current time 1681490415 668642997,driver.py,driver,56,"['/imu', '/rosout']"
1681490415.69708,63665,1681490415,696710348,,2,/imu_driver,Current time 1681490415 694364309,driver.py,driver,56,"['/imu', '/rosout']"
1681490415.7202272,63666,1681490415,719562292,,2,/imu_driver,Current time 1681490415 718593358,driver.py,driver,56,"['/imu', '/rosout']"
1681490415.7448246,63667,1681490415,744522571,,2,/imu_driver,Current time 1681490415 743344068,driver.py,driver,56,"['/imu', '/rosout']"
1681490415.769751,63668,1681490415,769418954,,2,/imu_driver,Current time 1681490415 768436193,driver.py,driver,56,"['/imu', '/rosout']"
1681490415.7948358,63669,1681490415,794405937,,2,/imu_driver,Current time 1681490415 793470382,driver.py,driver,56,"['/imu', '/rosout']"
1681490415.8195777,63670,1681490415,819354057,,2,/imu_driver,Current time 1681490415 818286180,driver.py,driver,56,"['/imu', '/rosout']"
1681490415.8480613,63671,1681490415,847800493,,2,/imu_driver,Current time 1681490415 846452474,driver.py,driver,56,"['/imu', '/rosout']"
1681490415.869516,63672,1681490415,869310140,,2,/imu_driver,Current time 1681490415 868312120,driver.py,driver,56,"['/imu', '/rosout']"
1681490415.8946352,63673,1681490415,894371509,,2,/imu_driver,Current time 1681490415 893323183,driver.py,driver,56,"['/imu', '/rosout']"
1681490415.9193985,63674,1681490415,919207334,,2,/imu_driver,Current time 1681490415 918240547,driver.py,driver,56,"['/imu', '/rosout']"
1681490415.9453537,63675,1681490415,945065736,,2,/imu_driver,Current time 1681490415 943399190,driver.py,driver,56,"['/imu', '/rosout']"
1681490415.9695432,63676,1681490415,969370365,,2,/imu_driver,Current time 1681490415 968414783,driver.py,driver,56,"['/imu', '/rosout']"
1681490415.9944627,63677,1681490415,994276523,,2,/imu_driver,Current time 1681490415 993307352,driver.py,driver,56,"['/imu', '/rosout']"
1681490416.020098,63678,1681490416,19466161,,2,/imu_driver,Current time 1681490416 18383979,driver.py,driver,56,"['/imu', '/rosout']"
1681490416.0449634,63679,1681490416,44357299,,2,/imu_driver,Current time 1681490416 43342113,driver.py,driver,56,"['/imu', '/rosout']"
1681490416.0703905,63680,1681490416,69539070,,2,/imu_driver,Current time 1681490416 68367004,driver.py,driver,56,"['/imu', '/rosout']"
1681490416.0952213,63681,1681490416,94680309,,2,/imu_driver,Current time 1681490416 93326091,driver.py,driver,56,"['/imu', '/rosout']"
1681490416.1193902,63682,1681490416,119209766,,2,/imu_driver,Current time 1681490416 118286609,driver.py,driver,56,"['/imu', '/rosout']"
1681490416.1448433,63683,1681490416,144251585,,2,/imu_driver,Current time 1681490416 143268823,driver.py,driver,56,"['/imu', '/rosout']"
1681490416.169473,63684,1681490416,169264554,,2,/imu_driver,Current time 1681490416 168176889,driver.py,driver,56,"['/imu', '/rosout']"
1681490416.1948495,63685,1681490416,194597721,,2,/imu_driver,Current time 1681490416 193242549,driver.py,driver,56,"['/imu', '/rosout']"
1681490416.219271,63686,1681490416,219072341,,2,/imu_driver,Current time 1681490416 218101739,driver.py,driver,56,"['/imu', '/rosout']"
1681490416.2443907,63687,1681490416,244060993,,2,/imu_driver,Current time 1681490416 243030071,driver.py,driver,56,"['/imu', '/rosout']"
1681490416.2694526,63688,1681490416,269069910,,2,/imu_driver,Current time 1681490416 268028497,driver.py,driver,56,"['/imu', '/rosout']"
1681490416.2994845,63689,1681490416,297163724,,2,/imu_driver,Current time 1681490416 293769359,driver.py,driver,56,"['/imu', '/rosout']"
1681490416.3234131,63690,1681490416,322618722,,2,/imu_driver,Current time 1681490416 318691492,driver.py,driver,56,"['/imu', '/rosout']"
1681490416.348319,63691,1681490416,345471858,,2,/imu_driver,Current time 1681490416 344224214,driver.py,driver,56,"['/imu', '/rosout']"
1681490416.3701503,63692,1681490416,369361162,,2,/imu_driver,Current time 1681490416 368164777,driver.py,driver,56,"['/imu', '/rosout']"
1681490416.394745,63693,1681490416,394129991,,2,/imu_driver,Current time 1681490416 393025875,driver.py,driver,56,"['/imu', '/rosout']"
1681490416.419285,63694,1681490416,419085502,,2,/imu_driver,Current time 1681490416 418089389,driver.py,driver,56,"['/imu', '/rosout']"
1681490416.444834,63695,1681490416,444283246,,2,/imu_driver,Current time 1681490416 443065166,driver.py,driver,56,"['/imu', '/rosout']"
1681490416.469553,63696,1681490416,468998670,,2,/imu_driver,Current time 1681490416 467944860,driver.py,driver,56,"['/imu', '/rosout']"
1681490416.4944334,63697,1681490416,493970394,,2,/imu_driver,Current time 1681490416 492915153,driver.py,driver,56,"['/imu', '/rosout']"
1681490416.5194068,63698,1681490416,519042968,,2,/imu_driver,Current time 1681490416 517919778,driver.py,driver,56,"['/imu', '/rosout']"
1681490416.5444903,63699,1681490416,543957948,,2,/imu_driver,Current time 1681490416 542966365,driver.py,driver,56,"['/imu', '/rosout']"
1681490416.5705345,63700,1681490416,569165706,,2,/imu_driver,Current time 1681490416 567896127,driver.py,driver,56,"['/imu', '/rosout']"
1681490416.5961666,63701,1681490416,595308303,,2,/imu_driver,Current time 1681490416 593639373,driver.py,driver,56,"['/imu', '/rosout']"
1681490416.6196153,63702,1681490416,619322776,,2,/imu_driver,Current time 1681490416 617880344,driver.py,driver,56,"['/imu', '/rosout']"
1681490416.6447144,63703,1681490416,644397020,,2,/imu_driver,Current time 1681490416 643074035,driver.py,driver,56,"['/imu', '/rosout']"
1681490416.669358,63704,1681490416,669047594,,2,/imu_driver,Current time 1681490416 667860269,driver.py,driver,56,"['/imu', '/rosout']"
1681490416.6954734,63705,1681490416,695155620,,2,/imu_driver,Current time 1681490416 693858861,driver.py,driver,56,"['/imu', '/rosout']"
1681490416.71921,63706,1681490416,718809843,,2,/imu_driver,Current time 1681490416 717734098,driver.py,driver,56,"['/imu', '/rosout']"
1681490416.7449362,63707,1681490416,743913173,,2,/imu_driver,Current time 1681490416 742722749,driver.py,driver,56,"['/imu', '/rosout']"
1681490416.769163,63708,1681490416,768826961,,2,/imu_driver,Current time 1681490416 767801046,driver.py,driver,56,"['/imu', '/rosout']"
1681490416.7940736,63709,1681490416,793556213,,2,/imu_driver,Current time 1681490416 792629957,driver.py,driver,56,"['/imu', '/rosout']"
1681490416.8200915,63710,1681490416,819575786,,2,/imu_driver,Current time 1681490416 818548440,driver.py,driver,56,"['/imu', '/rosout']"
1681490416.8457544,63711,1681490416,845230340,,2,/imu_driver,Current time 1681490416 842617273,driver.py,driver,56,"['/imu', '/rosout']"
1681490416.86992,63712,1681490416,869559526,,2,/imu_driver,Current time 1681490416 868609428,driver.py,driver,56,"['/imu', '/rosout']"
1681490416.8951364,63713,1681490416,894656181,,2,/imu_driver,Current time 1681490416 893648624,driver.py,driver,56,"['/imu', '/rosout']"
1681490416.9199033,63714,1681490416,919406175,,2,/imu_driver,Current time 1681490416 918449163,driver.py,driver,56,"['/imu', '/rosout']"
1681490416.9450457,63715,1681490416,944737195,,2,/imu_driver,Current time 1681490416 943618297,driver.py,driver,56,"['/imu', '/rosout']"
1681490416.970221,63716,1681490416,969635248,,2,/imu_driver,Current time 1681490416 968532323,driver.py,driver,56,"['/imu', '/rosout']"
1681490416.997195,63717,1681490416,996646881,,2,/imu_driver,Current time 1681490416 995426893,driver.py,driver,56,"['/imu', '/rosout']"
1681490417.0203073,63718,1681490417,19752740,,2,/imu_driver,Current time 1681490417 18595218,driver.py,driver,56,"['/imu', '/rosout']"
1681490417.044809,63719,1681490417,44389009,,2,/imu_driver,Current time 1681490417 43429136,driver.py,driver,56,"['/imu', '/rosout']"
1681490417.0699859,63720,1681490417,69522857,,2,/imu_driver,Current time 1681490417 68454742,driver.py,driver,56,"['/imu', '/rosout']"
1681490417.0959818,63721,1681490417,95456838,,2,/imu_driver,Current time 1681490417 93865156,driver.py,driver,56,"['/imu', '/rosout']"
1681490417.1199875,63722,1681490417,119444847,,2,/imu_driver,Current time 1681490417 118412733,driver.py,driver,56,"['/imu', '/rosout']"
1681490417.1450627,63723,1681490417,144521951,,2,/imu_driver,Current time 1681490417 143499374,driver.py,driver,56,"['/imu', '/rosout']"
1681490417.1695716,63724,1681490417,169347286,,2,/imu_driver,Current time 1681490417 168405532,driver.py,driver,56,"['/imu', '/rosout']"
1681490417.194482,63725,1681490417,194210052,,2,/imu_driver,Current time 1681490417 193318128,driver.py,driver,56,"['/imu', '/rosout']"
1681490417.219718,63726,1681490417,219428777,,2,/imu_driver,Current time 1681490417 218320846,driver.py,driver,56,"['/imu', '/rosout']"
1681490417.245423,63727,1681490417,244999647,,2,/imu_driver,Current time 1681490417 243702173,driver.py,driver,56,"['/imu', '/rosout']"
1681490417.269356,63728,1681490417,269242763,,2,/imu_driver,Current time 1681490417 268344163,driver.py,driver,56,"['/imu', '/rosout']"
1681490417.294453,63729,1681490417,294307470,,2,/imu_driver,Current time 1681490417 293315172,driver.py,driver,56,"['/imu', '/rosout']"
1681490417.3196225,63730,1681490417,319411993,,2,/imu_driver,Current time 1681490417 318434715,driver.py,driver,56,"['/imu', '/rosout']"
1681490417.3451374,63731,1681490417,344954967,,2,/imu_driver,Current time 1681490417 343300819,driver.py,driver,56,"['/imu', '/rosout']"
1681490417.3693979,63732,1681490417,369263172,,2,/imu_driver,Current time 1681490417 368244409,driver.py,driver,56,"['/imu', '/rosout']"
1681490417.39441,63733,1681490417,394262313,,2,/imu_driver,Current time 1681490417 393299102,driver.py,driver,56,"['/imu', '/rosout']"
1681490417.4194703,63734,1681490417,419313907,,2,/imu_driver,Current time 1681490417 418226480,driver.py,driver,56,"['/imu', '/rosout']"
1681490417.444306,63735,1681490417,444115638,,2,/imu_driver,Current time 1681490417 443178176,driver.py,driver,56,"['/imu', '/rosout']"
1681490417.469456,63736,1681490417,469143629,,2,/imu_driver,Current time 1681490417 468119382,driver.py,driver,56,"['/imu', '/rosout']"
1681490417.4971569,63737,1681490417,494421720,,2,/imu_driver,Current time 1681490417 493135213,driver.py,driver,56,"['/imu', '/rosout']"
1681490417.5194483,63738,1681490417,519226312,,2,/imu_driver,Current time 1681490417 518205404,driver.py,driver,56,"['/imu', '/rosout']"
1681490417.5445497,63739,1681490417,544071674,,2,/imu_driver,Current time 1681490417 543061733,driver.py,driver,56,"['/imu', '/rosout']"
1681490417.569684,63740,1681490417,569203853,,2,/imu_driver,Current time 1681490417 567974328,driver.py,driver,56,"['/imu', '/rosout']"
1681490417.5948267,63741,1681490417,594554185,,2,/imu_driver,Current time 1681490417 593083381,driver.py,driver,56,"['/imu', '/rosout']"
1681490417.6195133,63742,1681490417,619110345,,2,/imu_driver,Current time 1681490417 618139743,driver.py,driver,56,"['/imu', '/rosout']"
1681490417.644858,63743,1681490417,644361972,,2,/imu_driver,Current time 1681490417 642966270,driver.py,driver,56,"['/imu', '/rosout']"
1681490417.669547,63744,1681490417,669332265,,2,/imu_driver,Current time 1681490417 667926788,driver.py,driver,56,"['/imu', '/rosout']"
1681490417.6949754,63745,1681490417,694684505,,2,/imu_driver,Current time 1681490417 692997932,driver.py,driver,56,"['/imu', '/rosout']"
1681490417.719374,63746,1681490417,719088554,,2,/imu_driver,Current time 1681490417 717862129,driver.py,driver,56,"['/imu', '/rosout']"
1681490417.7464273,63747,1681490417,745431661,,2,/imu_driver,Current time 1681490417 743455648,driver.py,driver,56,"['/imu', '/rosout']"
1681490417.7710345,63748,1681490417,769826650,,2,/imu_driver,Current time 1681490417 768223047,driver.py,driver,56,"['/imu', '/rosout']"
1681490417.795577,63749,1681490417,794764518,,2,/imu_driver,Current time 1681490417 793329954,driver.py,driver,56,"['/imu', '/rosout']"
1681490417.820031,63750,1681490417,819198369,,2,/imu_driver,Current time 1681490417 817913293,driver.py,driver,56,"['/imu', '/rosout']"
1681490417.8460157,63751,1681490417,844433546,,2,/imu_driver,Current time 1681490417 842832565,driver.py,driver,56,"['/imu', '/rosout']"
1681490417.8712673,63752,1681490417,870743274,,2,/imu_driver,Current time 1681490417 869456529,driver.py,driver,56,"['/imu', '/rosout']"
1681490417.895158,63753,1681490417,894696474,,2,/imu_driver,Current time 1681490417 893422365,driver.py,driver,56,"['/imu', '/rosout']"
1681490417.9195116,63754,1681490417,919157266,,2,/imu_driver,Current time 1681490417 917799949,driver.py,driver,56,"['/imu', '/rosout']"
1681490417.944819,63755,1681490417,944061517,,2,/imu_driver,Current time 1681490417 942861795,driver.py,driver,56,"['/imu', '/rosout']"
1681490417.969355,63756,1681490417,968999624,,2,/imu_driver,Current time 1681490417 967769861,driver.py,driver,56,"['/imu', '/rosout']"
1681490417.9981444,63757,1681490417,997097730,,2,/imu_driver,Current time 1681490417 992719888,driver.py,driver,56,"['/imu', '/rosout']"
1681490418.019945,63758,1681490418,19239664,,2,/imu_driver,Current time 1681490418 17727136,driver.py,driver,56,"['/imu', '/rosout']"
1681490418.0445783,63759,1681490418,43668031,,2,/imu_driver,Current time 1681490418 42572975,driver.py,driver,56,"['/imu', '/rosout']"
1681490418.0705323,63760,1681490418,69815158,,2,/imu_driver,Current time 1681490418 68603754,driver.py,driver,56,"['/imu', '/rosout']"
1681490418.098678,63761,1681490418,97656726,,2,/imu_driver,Current time 1681490418 93519210,driver.py,driver,56,"['/imu', '/rosout']"
1681490418.1207361,63762,1681490418,120169878,,2,/imu_driver,Current time 1681490418 118674993,driver.py,driver,56,"['/imu', '/rosout']"
1681490418.1456585,63763,1681490418,145081043,,2,/imu_driver,Current time 1681490418 143630504,driver.py,driver,56,"['/imu', '/rosout']"
1681490418.1700578,63764,1681490418,169831991,,2,/imu_driver,Current time 1681490418 168592691,driver.py,driver,56,"['/imu', '/rosout']"
1681490418.1951225,63765,1681490418,194912672,,2,/imu_driver,Current time 1681490418 193606376,driver.py,driver,56,"['/imu', '/rosout']"
1681490418.2201238,63766,1681490418,219895601,,2,/imu_driver,Current time 1681490418 218626976,driver.py,driver,56,"['/imu', '/rosout']"
1681490418.2458308,63767,1681490418,245047092,,2,/imu_driver,Current time 1681490418 243360280,driver.py,driver,56,"['/imu', '/rosout']"
1681490418.270788,63768,1681490418,269854307,,2,/imu_driver,Current time 1681490418 268472909,driver.py,driver,56,"['/imu', '/rosout']"
1681490418.294891,63769,1681490418,294655561,,2,/imu_driver,Current time 1681490418 293385267,driver.py,driver,56,"['/imu', '/rosout']"
1681490418.320363,63770,1681490418,319627761,,2,/imu_driver,Current time 1681490418 318367719,driver.py,driver,56,"['/imu', '/rosout']"
1681490418.3454359,63771,1681490418,344880342,,2,/imu_driver,Current time 1681490418 343299865,driver.py,driver,56,"['/imu', '/rosout']"
1681490418.370636,63772,1681490418,369888067,,2,/imu_driver,Current time 1681490418 368361711,driver.py,driver,56,"['/imu', '/rosout']"
1681490418.3955503,63773,1681490418,394881010,,2,/imu_driver,Current time 1681490418 393311262,driver.py,driver,56,"['/imu', '/rosout']"
1681490418.4206078,13,1681490418,420496077,,4,/record_1681490238361869733,Less than 5 x 1G of space free on disk with '2023-04-14-12-37-18.bag.active'.,/tmp/binarydeb/ros-noetic-rosbag-1.15.15/src/recorder.cpp,Recorder::checkDisk,771,['/rosout']
1681490418.4207838,63774,1681490418,419860363,,2,/imu_driver,Current time 1681490418 418299198,driver.py,driver,56,"['/imu', '/rosout']"
1681490418.4446607,63775,1681490418,444442272,,2,/imu_driver,Current time 1681490418 443271160,driver.py,driver,56,"['/imu', '/rosout']"
1681490418.470369,63776,1681490418,470162630,,2,/imu_driver,Current time 1681490418 468583345,driver.py,driver,56,"['/imu', '/rosout']"
1681490418.4951935,63777,1681490418,494924306,,2,/imu_driver,Current time 1681490418 493372917,driver.py,driver,56,"['/imu', '/rosout']"
1681490418.5197835,63778,1681490418,519611835,,2,/imu_driver,Current time 1681490418 518393278,driver.py,driver,56,"['/imu', '/rosout']"
1681490418.5448132,63779,1681490418,544580698,,2,/imu_driver,Current time 1681490418 543264865,driver.py,driver,56,"['/imu', '/rosout']"
1681490418.5699344,63780,1681490418,569405555,,2,/imu_driver,Current time 1681490418 568236112,driver.py,driver,56,"['/imu', '/rosout']"
1681490418.5953727,63781,1681490418,594981193,,2,/imu_driver,Current time 1681490418 593397140,driver.py,driver,56,"['/imu', '/rosout']"
1681490418.6196666,63782,1681490418,619443178,,2,/imu_driver,Current time 1681490418 618159770,driver.py,driver,56,"['/imu', '/rosout']"
1681490418.6448205,63783,1681490418,644593000,,2,/imu_driver,Current time 1681490418 643246412,driver.py,driver,56,"['/imu', '/rosout']"
1681490418.6698117,63784,1681490418,669480800,,2,/imu_driver,Current time 1681490418 668203830,driver.py,driver,56,"['/imu', '/rosout']"
1681490418.6945403,63785,1681490418,694309949,,2,/imu_driver,Current time 1681490418 693154096,driver.py,driver,56,"['/imu', '/rosout']"
1681490418.7198956,63786,1681490418,719559431,,2,/imu_driver,Current time 1681490418 718090295,driver.py,driver,56,"['/imu', '/rosout']"
1681490418.745289,63787,1681490418,744987487,,2,/imu_driver,Current time 1681490418 743103504,driver.py,driver,56,"['/imu', '/rosout']"
1681490418.7696304,63788,1681490418,769378185,,2,/imu_driver,Current time 1681490418 768102884,driver.py,driver,56,"['/imu', '/rosout']"
1681490418.7944102,63789,1681490418,794171333,,2,/imu_driver,Current time 1681490418 792949676,driver.py,driver,56,"['/imu', '/rosout']"
1681490418.819657,63790,1681490418,819107055,,2,/imu_driver,Current time 1681490418 817911148,driver.py,driver,56,"['/imu', '/rosout']"
1681490418.845739,63791,1681490418,845085382,,2,/imu_driver,Current time 1681490418 843411207,driver.py,driver,56,"['/imu', '/rosout']"
1681490418.8697371,63792,1681490418,869359016,,2,/imu_driver,Current time 1681490418 867888927,driver.py,driver,56,"['/imu', '/rosout']"
1681490418.8959455,63793,1681490418,894775390,,2,/imu_driver,Current time 1681490418 893012285,driver.py,driver,56,"['/imu', '/rosout']"
1681490418.9199948,63794,1681490418,919375181,,2,/imu_driver,Current time 1681490418 917970418,driver.py,driver,56,"['/imu', '/rosout']"
1681490418.944837,63795,1681490418,944241762,,2,/imu_driver,Current time 1681490418 942929506,driver.py,driver,56,"['/imu', '/rosout']"
1681490418.970092,63796,1681490418,969573736,,2,/imu_driver,Current time 1681490418 967974662,driver.py,driver,56,"['/imu', '/rosout']"
1681490418.99646,63797,1681490418,995986461,,2,/imu_driver,Current time 1681490418 994072437,driver.py,driver,56,"['/imu', '/rosout']"
1681490419.0212464,63798,1681490419,20854711,,2,/imu_driver,Current time 1681490419 17853736,driver.py,driver,56,"['/imu', '/rosout']"
1681490419.0448759,63799,1681490419,44055461,,2,/imu_driver,Current time 1681490419 42768478,driver.py,driver,56,"['/imu', '/rosout']"
1681490419.0698547,63800,1681490419,69114923,,2,/imu_driver,Current time 1681490419 67777633,driver.py,driver,56,"['/imu', '/rosout']"
1681490419.0943851,63801,1681490419,93907594,,2,/imu_driver,Current time 1681490419 92754840,driver.py,driver,56,"['/imu', '/rosout']"
1681490419.1198008,63802,1681490419,119216203,,2,/imu_driver,Current time 1681490419 117805719,driver.py,driver,56,"['/imu', '/rosout']"
1681490419.1458557,63803,1681490419,145489454,,2,/imu_driver,Current time 1681490419 143866062,driver.py,driver,56,"['/imu', '/rosout']"
1681490419.1702845,63804,1681490419,169964551,,2,/imu_driver,Current time 1681490419 168575048,driver.py,driver,56,"['/imu', '/rosout']"
1681490419.1949122,63805,1681490419,194622516,,2,/imu_driver,Current time 1681490419 193548202,driver.py,driver,56,"['/imu', '/rosout']"
1681490419.220248,63806,1681490419,219886302,,2,/imu_driver,Current time 1681490419 218630075,driver.py,driver,56,"['/imu', '/rosout']"
1681490419.2458935,63807,1681490419,245717525,,2,/imu_driver,Current time 1681490419 244069814,driver.py,driver,56,"['/imu', '/rosout']"
1681490419.2702584,63808,1681490419,269923210,,2,/imu_driver,Current time 1681490419 268577337,driver.py,driver,56,"['/imu', '/rosout']"
1681490419.295876,63809,1681490419,295028686,,2,/imu_driver,Current time 1681490419 293695449,driver.py,driver,56,"['/imu', '/rosout']"
1681490419.320604,63810,1681490419,319720983,,2,/imu_driver,Current time 1681490419 318634033,driver.py,driver,56,"['/imu', '/rosout']"
1681490419.3453681,63811,1681490419,344718933,,2,/imu_driver,Current time 1681490419 343528509,driver.py,driver,56,"['/imu', '/rosout']"
1681490419.3703759,63812,1681490419,369691133,,2,/imu_driver,Current time 1681490419 368469715,driver.py,driver,56,"['/imu', '/rosout']"
1681490419.3988912,63813,1681490419,395636320,,2,/imu_driver,Current time 1681490419 394111156,driver.py,driver,56,"['/imu', '/rosout']"
1681490419.4202483,63814,1681490419,419924020,,2,/imu_driver,Current time 1681490419 418474674,driver.py,driver,56,"['/imu', '/rosout']"
1681490419.4448214,63815,1681490419,444655418,,2,/imu_driver,Current time 1681490419 443499326,driver.py,driver,56,"['/imu', '/rosout']"
1681490419.4701524,63816,1681490419,469808340,,2,/imu_driver,Current time 1681490419 468397617,driver.py,driver,56,"['/imu', '/rosout']"
1681490419.4953187,63817,1681490419,494909524,,2,/imu_driver,Current time 1681490419 493440866,driver.py,driver,56,"['/imu', '/rosout']"
1681490419.5212932,63818,1681490419,520660638,,2,/imu_driver,Current time 1681490419 519174575,driver.py,driver,56,"['/imu', '/rosout']"
1681490419.5458999,63819,1681490419,545051574,,2,/imu_driver,Current time 1681490419 543467760,driver.py,driver,56,"['/imu', '/rosout']"
1681490419.570348,63820,1681490419,569435358,,2,/imu_driver,Current time 1681490419 568337678,driver.py,driver,56,"['/imu', '/rosout']"
1681490419.5945735,63821,1681490419,594361782,,2,/imu_driver,Current time 1681490419 593267202,driver.py,driver,56,"['/imu', '/rosout']"
1681490419.620365,63822,1681490419,619713544,,2,/imu_driver,Current time 1681490419 618396759,driver.py,driver,56,"['/imu', '/rosout']"
1681490419.646326,63823,1681490419,645351171,,2,/imu_driver,Current time 1681490419 643670320,driver.py,driver,56,"['/imu', '/rosout']"
1681490419.6703005,63824,1681490419,669646739,,2,/imu_driver,Current time 1681490419 668346166,driver.py,driver,56,"['/imu', '/rosout']"
1681490419.6945817,63825,1681490419,694368362,,2,/imu_driver,Current time 1681490419 693242311,driver.py,driver,56,"['/imu', '/rosout']"
1681490419.719825,63826,1681490419,719414472,,2,/imu_driver,Current time 1681490419 718256711,driver.py,driver,56,"['/imu', '/rosout']"
1681490419.7454894,63827,1681490419,745157718,,2,/imu_driver,Current time 1681490419 743635416,driver.py,driver,56,"['/imu', '/rosout']"
1681490419.7701335,63828,1681490419,769566535,,2,/imu_driver,Current time 1681490419 768285036,driver.py,driver,56,"['/imu', '/rosout']"
1681490419.7959425,63829,1681490419,794571161,,2,/imu_driver,Current time 1681490419 793128490,driver.py,driver,56,"['/imu', '/rosout']"
1681490419.8211787,63830,1681490419,819604158,,2,/imu_driver,Current time 1681490419 818201541,driver.py,driver,56,"['/imu', '/rosout']"
1681490419.8447094,63831,1681490419,844355583,,2,/imu_driver,Current time 1681490419 843164920,driver.py,driver,56,"['/imu', '/rosout']"
1681490419.8696961,63832,1681490419,869445562,,2,/imu_driver,Current time 1681490419 868248939,driver.py,driver,56,"['/imu', '/rosout']"
1681490419.8957028,63833,1681490419,894756793,,2,/imu_driver,Current time 1681490419 893151998,driver.py,driver,56,"['/imu', '/rosout']"
1681490419.9199955,63834,1681490419,919335842,,2,/imu_driver,Current time 1681490419 918151378,driver.py,driver,56,"['/imu', '/rosout']"
1681490419.9466872,63835,1681490419,945875167,,2,/imu_driver,Current time 1681490419 943187236,driver.py,driver,56,"['/imu', '/rosout']"
1681490419.970358,63836,1681490419,969582557,,2,/imu_driver,Current time 1681490419 968165636,driver.py,driver,56,"['/imu', '/rosout']"
1681490419.9949343,63837,1681490419,994186162,,2,/imu_driver,Current time 1681490419 993034601,driver.py,driver,56,"['/imu', '/rosout']"
1681490420.0199716,63838,1681490420,19302845,,2,/imu_driver,Current time 1681490420 18083810,driver.py,driver,56,"['/imu', '/rosout']"
1681490420.0520234,63839,1681490420,50265789,,2,/imu_driver,Current time 1681490420 43678998,driver.py,driver,56,"['/imu', '/rosout']"
1681490420.0699117,63840,1681490420,69345951,,2,/imu_driver,Current time 1681490420 68055868,driver.py,driver,56,"['/imu', '/rosout']"
1681490420.0949652,63841,1681490420,94192028,,2,/imu_driver,Current time 1681490420 93016147,driver.py,driver,56,"['/imu', '/rosout']"
1681490420.1199923,63842,1681490420,119232654,,2,/imu_driver,Current time 1681490420 118009090,driver.py,driver,56,"['/imu', '/rosout']"
1681490420.1466823,63843,1681490420,145999670,,2,/imu_driver,Current time 1681490420 144093513,driver.py,driver,56,"['/imu', '/rosout']"
1681490420.1696022,63844,1681490420,169216394,,2,/imu_driver,Current time 1681490420 167982816,driver.py,driver,56,"['/imu', '/rosout']"
1681490420.1946235,63845,1681490420,194117546,,2,/imu_driver,Current time 1681490420 192956686,driver.py,driver,56,"['/imu', '/rosout']"
1681490420.2192843,63846,1681490420,219071149,,2,/imu_driver,Current time 1681490420 217969417,driver.py,driver,56,"['/imu', '/rosout']"
1681490420.2443855,63847,1681490420,244023323,,2,/imu_driver,Current time 1681490420 242863178,driver.py,driver,56,"['/imu', '/rosout']"
1681490420.2697818,63848,1681490420,269199848,,2,/imu_driver,Current time 1681490420 267919063,driver.py,driver,56,"['/imu', '/rosout']"
1681490420.295131,63849,1681490420,294489383,,2,/imu_driver,Current time 1681490420 292996644,driver.py,driver,56,"['/imu', '/rosout']"
1681490420.3200154,63850,1681490420,319424867,,2,/imu_driver,Current time 1681490420 318162918,driver.py,driver,56,"['/imu', '/rosout']"
1681490420.3442998,63851,1681490420,343925476,,2,/imu_driver,Current time 1681490420 342766284,driver.py,driver,56,"['/imu', '/rosout']"
1681490420.369814,63852,1681490420,369130134,,2,/imu_driver,Current time 1681490420 367835760,driver.py,driver,56,"['/imu', '/rosout']"
1681490420.3969035,63853,1681490420,396070241,,2,/imu_driver,Current time 1681490420 392832279,driver.py,driver,56,"['/imu', '/rosout']"
1681490420.4207244,63854,1681490420,420063018,,2,/imu_driver,Current time 1681490420 418855667,driver.py,driver,56,"['/imu', '/rosout']"
1681490420.4448946,63855,1681490420,444004058,,2,/imu_driver,Current time 1681490420 442816972,driver.py,driver,56,"['/imu', '/rosout']"
1681490420.4704144,63856,1681490420,469780683,,2,/imu_driver,Current time 1681490420 468637943,driver.py,driver,56,"['/imu', '/rosout']"
1681490420.494642,63857,1681490420,494044780,,2,/imu_driver,Current time 1681490420 492847442,driver.py,driver,56,"['/imu', '/rosout']"
1681490420.520559,63858,1681490420,519925832,,2,/imu_driver,Current time 1681490420 518690347,driver.py,driver,56,"['/imu', '/rosout']"
1681490420.545988,63859,1681490420,545380830,,2,/imu_driver,Current time 1681490420 543609619,driver.py,driver,56,"['/imu', '/rosout']"
1681490420.5705316,63860,1681490420,569848299,,2,/imu_driver,Current time 1681490420 568531274,driver.py,driver,56,"['/imu', '/rosout']"
1681490420.5955002,63861,1681490420,594744682,,2,/imu_driver,Current time 1681490420 593582630,driver.py,driver,56,"['/imu', '/rosout']"
1681490420.6209753,63862,1681490420,619985342,,2,/imu_driver,Current time 1681490420 618671894,driver.py,driver,56,"['/imu', '/rosout']"
1681490420.6483011,63863,1681490420,645658016,,2,/imu_driver,Current time 1681490420 643850326,driver.py,driver,56,"['/imu', '/rosout']"
1681490420.6708724,63864,1681490420,669834136,,2,/imu_driver,Current time 1681490420 668563127,driver.py,driver,56,"['/imu', '/rosout']"
1681490420.6954048,63865,1681490420,694737911,,2,/imu_driver,Current time 1681490420 693554162,driver.py,driver,56,"['/imu', '/rosout']"
1681490420.7201555,63866,1681490420,719502925,,2,/imu_driver,Current time 1681490420 718458414,driver.py,driver,56,"['/imu', '/rosout']"
1681490420.745293,63867,1681490420,744723081,,2,/imu_driver,Current time 1681490420 743499755,driver.py,driver,56,"['/imu', '/rosout']"
1681490420.7703056,63868,1681490420,769667387,,2,/imu_driver,Current time 1681490420 768522977,driver.py,driver,56,"['/imu', '/rosout']"
1681490420.7957215,63869,1681490420,795029163,,2,/imu_driver,Current time 1681490420 793486833,driver.py,driver,56,"['/imu', '/rosout']"
1681490420.8205945,63870,1681490420,819904804,,2,/imu_driver,Current time 1681490420 818491458,driver.py,driver,56,"['/imu', '/rosout']"
1681490420.8449721,63871,1681490420,844456434,,2,/imu_driver,Current time 1681490420 843306779,driver.py,driver,56,"['/imu', '/rosout']"
1681490420.870324,63872,1681490420,869928359,,2,/imu_driver,Current time 1681490420 868496656,driver.py,driver,56,"['/imu', '/rosout']"
1681490420.8951585,63873,1681490420,894890308,,2,/imu_driver,Current time 1681490420 893410921,driver.py,driver,56,"['/imu', '/rosout']"
1681490420.9202118,63874,1681490420,919829130,,2,/imu_driver,Current time 1681490420 918481826,driver.py,driver,56,"['/imu', '/rosout']"
1681490420.9463844,63875,1681490420,946041107,,2,/imu_driver,Current time 1681490420 943344116,driver.py,driver,56,"['/imu', '/rosout']"
1681490420.9696665,63876,1681490420,969449043,,2,/imu_driver,Current time 1681490420 968313932,driver.py,driver,56,"['/imu', '/rosout']"
1681490420.9946098,63877,1681490420,994449377,,2,/imu_driver,Current time 1681490420 993268966,driver.py,driver,56,"['/imu', '/rosout']"
1681490421.020209,63878,1681490421,19435882,,2,/imu_driver,Current time 1681490421 18299818,driver.py,driver,56,"['/imu', '/rosout']"
1681490421.0463023,63879,1681490421,44907808,,2,/imu_driver,Current time 1681490421 43242454,driver.py,driver,56,"['/imu', '/rosout']"
1681490421.069907,63880,1681490421,69550275,,2,/imu_driver,Current time 1681490421 68313598,driver.py,driver,56,"['/imu', '/rosout']"
1681490421.0945592,63881,1681490421,94349622,,2,/imu_driver,Current time 1681490421 93243598,driver.py,driver,56,"['/imu', '/rosout']"
1681490421.1199758,63882,1681490421,119542360,,2,/imu_driver,Current time 1681490421 118265628,driver.py,driver,56,"['/imu', '/rosout']"
1681490421.1446707,63883,1681490421,144389629,,2,/imu_driver,Current time 1681490421 143240213,driver.py,driver,56,"['/imu', '/rosout']"
1681490421.1698053,63884,1681490421,169336795,,2,/imu_driver,Current time 1681490421 168139219,driver.py,driver,56,"['/imu', '/rosout']"
1681490421.1953125,63885,1681490421,194694995,,2,/imu_driver,Current time 1681490421 193202257,driver.py,driver,56,"['/imu', '/rosout']"
1681490421.2214546,63886,1681490421,220428228,,2,/imu_driver,Current time 1681490421 218940734,driver.py,driver,56,"['/imu', '/rosout']"
1681490421.2451231,63887,1681490421,244422435,,2,/imu_driver,Current time 1681490421 243115663,driver.py,driver,56,"['/imu', '/rosout']"
1681490421.270624,63888,1681490421,269686460,,2,/imu_driver,Current time 1681490421 268379449,driver.py,driver,56,"['/imu', '/rosout']"
1681490421.2950065,63889,1681490421,294543027,,2,/imu_driver,Current time 1681490421 293119430,driver.py,driver,56,"['/imu', '/rosout']"
1681490421.3196452,63890,1681490421,319381713,,2,/imu_driver,Current time 1681490421 318177700,driver.py,driver,56,"['/imu', '/rosout']"
1681490421.3447053,63891,1681490421,344229459,,2,/imu_driver,Current time 1681490421 343024492,driver.py,driver,56,"['/imu', '/rosout']"
1681490421.369424,63892,1681490421,369225978,,2,/imu_driver,Current time 1681490421 368031978,driver.py,driver,56,"['/imu', '/rosout']"
1681490421.3948336,63893,1681490421,394243955,,2,/imu_driver,Current time 1681490421 392967462,driver.py,driver,56,"['/imu', '/rosout']"
1681490421.420084,63894,1681490421,419453382,,2,/imu_driver,Current time 1681490421 418170928,driver.py,driver,56,"['/imu', '/rosout']"
1681490421.4463773,63895,1681490421,444771528,,2,/imu_driver,Current time 1681490421 443211078,driver.py,driver,56,"['/imu', '/rosout']"
1681490421.4701445,63896,1681490421,469334363,,2,/imu_driver,Current time 1681490421 468024492,driver.py,driver,56,"['/imu', '/rosout']"
1681490421.4952264,63897,1681490421,494198799,,2,/imu_driver,Current time 1681490421 493033885,driver.py,driver,56,"['/imu', '/rosout']"
1681490421.51969,63898,1681490421,519060850,,2,/imu_driver,Current time 1681490421 517900705,driver.py,driver,56,"['/imu', '/rosout']"
1681490421.545542,63899,1681490421,545172929,,2,/imu_driver,Current time 1681490421 543550968,driver.py,driver,56,"['/imu', '/rosout']"
1681490421.570158,63900,1681490421,569160938,,2,/imu_driver,Current time 1681490421 567899465,driver.py,driver,56,"['/imu', '/rosout']"
1681490421.5965226,63901,1681490421,594377994,,2,/imu_driver,Current time 1681490421 593018531,driver.py,driver,56,"['/imu', '/rosout']"
1681490421.6195588,63902,1681490421,619113922,,2,/imu_driver,Current time 1681490421 617978334,driver.py,driver,56,"['/imu', '/rosout']"
1681490421.6445076,63903,1681490421,644043445,,2,/imu_driver,Current time 1681490421 642839670,driver.py,driver,56,"['/imu', '/rosout']"
1681490421.6694717,63904,1681490421,669157266,,2,/imu_driver,Current time 1681490421 667930126,driver.py,driver,56,"['/imu', '/rosout']"
1681490421.6956577,63905,1681490421,695199251,,2,/imu_driver,Current time 1681490421 693875789,driver.py,driver,56,"['/imu', '/rosout']"
1681490421.7195337,63906,1681490421,719213008,,2,/imu_driver,Current time 1681490421 717880249,driver.py,driver,56,"['/imu', '/rosout']"
1681490421.7443779,63907,1681490421,744064092,,2,/imu_driver,Current time 1681490421 742903232,driver.py,driver,56,"['/imu', '/rosout']"
1681490421.7696135,63908,1681490421,769332647,,2,/imu_driver,Current time 1681490421 767809867,driver.py,driver,56,"['/imu', '/rosout']"
1681490421.795554,63909,1681490421,795142412,,2,/imu_driver,Current time 1681490421 793393135,driver.py,driver,56,"['/imu', '/rosout']"
1681490421.820303,63910,1681490421,820021152,,2,/imu_driver,Current time 1681490421 818767786,driver.py,driver,56,"['/imu', '/rosout']"
1681490421.845426,63911,1681490421,843865394,,2,/imu_driver,Current time 1681490421 842744827,driver.py,driver,56,"['/imu', '/rosout']"
1681490421.8702433,63912,1681490421,869929075,,2,/imu_driver,Current time 1681490421 868631362,driver.py,driver,56,"['/imu', '/rosout']"
1681490421.8957372,63913,1681490421,894844770,,2,/imu_driver,Current time 1681490421 893515586,driver.py,driver,56,"['/imu', '/rosout']"
1681490421.9207904,63914,1681490421,919997930,,2,/imu_driver,Current time 1681490421 918709516,driver.py,driver,56,"['/imu', '/rosout']"
1681490421.9456432,63915,1681490421,945294141,,2,/imu_driver,Current time 1681490421 943687200,driver.py,driver,56,"['/imu', '/rosout']"
1681490421.9706552,63916,1681490421,970070362,,2,/imu_driver,Current time 1681490421 968643426,driver.py,driver,56,"['/imu', '/rosout']"
1681490421.9949784,63917,1681490421,994665145,,2,/imu_driver,Current time 1681490421 993513584,driver.py,driver,56,"['/imu', '/rosout']"
1681490422.0205235,63918,1681490422,19908905,,2,/imu_driver,Current time 1681490422 18615007,driver.py,driver,56,"['/imu', '/rosout']"
1681490422.0459507,63919,1681490422,45208692,,2,/imu_driver,Current time 1681490422 43590068,driver.py,driver,56,"['/imu', '/rosout']"
1681490422.0703504,63920,1681490422,69717168,,2,/imu_driver,Current time 1681490422 68493843,driver.py,driver,56,"['/imu', '/rosout']"
1681490422.0956821,63921,1681490422,94815731,,2,/imu_driver,Current time 1681490422 93430757,driver.py,driver,56,"['/imu', '/rosout']"
1681490422.1200733,63922,1681490422,119788646,,2,/imu_driver,Current time 1681490422 118555307,driver.py,driver,56,"['/imu', '/rosout']"
1681490422.1465423,63923,1681490422,145926475,,2,/imu_driver,Current time 1681490422 144249439,driver.py,driver,56,"['/imu', '/rosout']"
1681490422.1702049,63924,1681490422,169600963,,2,/imu_driver,Current time 1681490422 168453693,driver.py,driver,56,"['/imu', '/rosout']"
1681490422.1953564,63925,1681490422,194698095,,2,/imu_driver,Current time 1681490422 193403482,driver.py,driver,56,"['/imu', '/rosout']"
1681490422.2198355,63926,1681490422,219625473,,2,/imu_driver,Current time 1681490422 218476533,driver.py,driver,56,"['/imu', '/rosout']"
1681490422.2449725,63927,1681490422,244592428,,2,/imu_driver,Current time 1681490422 243415355,driver.py,driver,56,"['/imu', '/rosout']"
1681490422.2702522,63928,1681490422,269517421,,2,/imu_driver,Current time 1681490422 268265008,driver.py,driver,56,"['/imu', '/rosout']"
1681490422.2952795,63929,1681490422,294780015,,2,/imu_driver,Current time 1681490422 293228149,driver.py,driver,56,"['/imu', '/rosout']"
1681490422.320077,63930,1681490422,319453239,,2,/imu_driver,Current time 1681490422 318277835,driver.py,driver,56,"['/imu', '/rosout']"
1681490422.3487914,63931,1681490422,344444990,,2,/imu_driver,Current time 1681490422 343295574,driver.py,driver,56,"['/imu', '/rosout']"
1681490422.3708258,63932,1681490422,369944095,,2,/imu_driver,Current time 1681490422 368643045,driver.py,driver,56,"['/imu', '/rosout']"
1681490422.3963978,63933,1681490422,395519018,,2,/imu_driver,Current time 1681490422 393712997,driver.py,driver,56,"['/imu', '/rosout']"
1681490422.4202724,63934,1681490422,419843673,,2,/imu_driver,Current time 1681490422 418588638,driver.py,driver,56,"['/imu', '/rosout']"
1681490422.4452639,63935,1681490422,444692373,,2,/imu_driver,Current time 1681490422 443355321,driver.py,driver,56,"['/imu', '/rosout']"
1681490422.4712348,63936,1681490422,469975233,,2,/imu_driver,Current time 1681490422 468329191,driver.py,driver,56,"['/imu', '/rosout']"
1681490422.4946487,63937,1681490422,494296789,,2,/imu_driver,Current time 1681490422 493081092,driver.py,driver,56,"['/imu', '/rosout']"
1681490422.51979,63938,1681490422,519227743,,2,/imu_driver,Current time 1681490422 518097877,driver.py,driver,56,"['/imu', '/rosout']"
1681490422.5458841,63939,1681490422,545138359,,2,/imu_driver,Current time 1681490422 543457508,driver.py,driver,56,"['/imu', '/rosout']"
1681490422.5700238,63940,1681490422,569436311,,2,/imu_driver,Current time 1681490422 568208932,driver.py,driver,56,"['/imu', '/rosout']"
1681490422.59467,63941,1681490422,594218254,,2,/imu_driver,Current time 1681490422 593111753,driver.py,driver,56,"['/imu', '/rosout']"
1681490422.619425,63942,1681490422,619231462,,2,/imu_driver,Current time 1681490422 618085861,driver.py,driver,56,"['/imu', '/rosout']"
1681490422.645464,63943,1681490422,645189046,,2,/imu_driver,Current time 1681490422 643546104,driver.py,driver,56,"['/imu', '/rosout']"
1681490422.669435,63944,1681490422,669218778,,2,/imu_driver,Current time 1681490422 668079853,driver.py,driver,56,"['/imu', '/rosout']"
1681490422.6945474,63945,1681490422,694349050,,2,/imu_driver,Current time 1681490422 693127393,driver.py,driver,56,"['/imu', '/rosout']"
1681490422.7194533,63946,1681490422,719160795,,2,/imu_driver,Current time 1681490422 718018293,driver.py,driver,56,"['/imu', '/rosout']"
1681490422.7444098,63947,1681490422,744163036,,2,/imu_driver,Current time 1681490422 743031740,driver.py,driver,56,"['/imu', '/rosout']"
1681490422.76947,63948,1681490422,769243240,,2,/imu_driver,Current time 1681490422 768034934,driver.py,driver,56,"['/imu', '/rosout']"
1681490422.7953944,63949,1681490422,795117139,,2,/imu_driver,Current time 1681490422 793505430,driver.py,driver,56,"['/imu', '/rosout']"
1681490422.8195186,63950,1681490422,819306612,,2,/imu_driver,Current time 1681490422 818049907,driver.py,driver,56,"['/imu', '/rosout']"
1681490422.844299,63951,1681490422,844047069,,2,/imu_driver,Current time 1681490422 842906713,driver.py,driver,56,"['/imu', '/rosout']"
1681490422.8810625,63952,1681490422,880747079,,2,/imu_driver,Current time 1681490422 879175424,driver.py,driver,56,"['/imu', '/rosout']"
1681490422.8953855,63953,1681490422,895145177,,2,/imu_driver,Current time 1681490422 893462896,driver.py,driver,56,"['/imu', '/rosout']"
1681490422.9200795,63954,1681490422,919342994,,2,/imu_driver,Current time 1681490422 917894124,driver.py,driver,56,"['/imu', '/rosout']"
1681490422.9470544,63955,1681490422,944341659,,2,/imu_driver,Current time 1681490422 942975997,driver.py,driver,56,"['/imu', '/rosout']"
1681490422.9693444,63956,1681490422,969095706,,2,/imu_driver,Current time 1681490422 967912197,driver.py,driver,56,"['/imu', '/rosout']"
1681490422.9949832,63957,1681490422,994046688,,2,/imu_driver,Current time 1681490422 992845773,driver.py,driver,56,"['/imu', '/rosout']"
1681490423.021463,63958,1681490423,20348787,,2,/imu_driver,Current time 1681490423 18971204,driver.py,driver,56,"['/imu', '/rosout']"
1681490423.0452442,63959,1681490423,44525861,,2,/imu_driver,Current time 1681490423 42873144,driver.py,driver,56,"['/imu', '/rosout']"
1681490423.0704925,63960,1681490423,70079803,,2,/imu_driver,Current time 1681490423 68812370,driver.py,driver,56,"['/imu', '/rosout']"
1681490423.09498,63961,1681490423,93870162,,2,/imu_driver,Current time 1681490423 92700958,driver.py,driver,56,"['/imu', '/rosout']"
1681490423.120105,63962,1681490423,119845867,,2,/imu_driver,Current time 1681490423 118686676,driver.py,driver,56,"['/imu', '/rosout']"
1681490423.147021,63963,1681490423,145327568,,2,/imu_driver,Current time 1681490423 143701076,driver.py,driver,56,"['/imu', '/rosout']"
1681490423.1698568,63964,1681490423,169624567,,2,/imu_driver,Current time 1681490423 168549060,driver.py,driver,56,"['/imu', '/rosout']"
1681490423.196136,63965,1681490423,195933103,,2,/imu_driver,Current time 1681490423 193638324,driver.py,driver,56,"['/imu', '/rosout']"
1681490423.2199485,63966,1681490423,219753980,,2,/imu_driver,Current time 1681490423 218538999,driver.py,driver,56,"['/imu', '/rosout']"
1681490423.244936,63967,1681490423,244746208,,2,/imu_driver,Current time 1681490423 243571043,driver.py,driver,56,"['/imu', '/rosout']"
1681490423.2707736,63968,1681490423,269931554,,2,/imu_driver,Current time 1681490423 268606185,driver.py,driver,56,"['/imu', '/rosout']"
1681490423.2969258,63969,1681490423,296715497,,2,/imu_driver,Current time 1681490423 295316934,driver.py,driver,56,"['/imu', '/rosout']"
1681490423.3198926,63970,1681490423,319748878,,2,/imu_driver,Current time 1681490423 318565845,driver.py,driver,56,"['/imu', '/rosout']"
1681490423.3447933,63971,1681490423,344634771,,2,/imu_driver,Current time 1681490423 343396902,driver.py,driver,56,"['/imu', '/rosout']"
1681490423.3703961,63972,1681490423,369877576,,2,/imu_driver,Current time 1681490423 368625402,driver.py,driver,56,"['/imu', '/rosout']"
1681490423.395537,63973,1681490423,394817590,,2,/imu_driver,Current time 1681490423 393592834,driver.py,driver,56,"['/imu', '/rosout']"
1681490423.4217443,63974,1681490423,421062946,,2,/imu_driver,Current time 1681490423 419270038,driver.py,driver,56,"['/imu', '/rosout']"
1681490423.4450307,63975,1681490423,444641590,,2,/imu_driver,Current time 1681490423 443317174,driver.py,driver,56,"['/imu', '/rosout']"
1681490423.4704165,63976,1681490423,469499349,,2,/imu_driver,Current time 1681490423 468342542,driver.py,driver,56,"['/imu', '/rosout']"
1681490423.4951377,63977,1681490423,494529247,,2,/imu_driver,Current time 1681490423 493405580,driver.py,driver,56,"['/imu', '/rosout']"
1681490423.5247667,63978,1681490423,522285938,,2,/imu_driver,Current time 1681490423 520853281,driver.py,driver,56,"['/imu', '/rosout']"
1681490423.5460851,63979,1681490423,545644283,,2,/imu_driver,Current time 1681490423 543457746,driver.py,driver,56,"['/imu', '/rosout']"
1681490423.5698252,63980,1681490423,569549322,,2,/imu_driver,Current time 1681490423 568417787,driver.py,driver,56,"['/imu', '/rosout']"
1681490423.5955257,63981,1681490423,594719648,,2,/imu_driver,Current time 1681490423 593337059,driver.py,driver,56,"['/imu', '/rosout']"
1681490423.6204226,63982,1681490423,619694232,,2,/imu_driver,Current time 1681490423 618461847,driver.py,driver,56,"['/imu', '/rosout']"
1681490423.6449533,63983,1681490423,644491672,,2,/imu_driver,Current time 1681490423 643236875,driver.py,driver,56,"['/imu', '/rosout']"
1681490423.6702971,63984,1681490423,669630289,,2,/imu_driver,Current time 1681490423 668369293,driver.py,driver,56,"['/imu', '/rosout']"
1681490423.6952918,63985,1681490423,695004463,,2,/imu_driver,Current time 1681490423 693358182,driver.py,driver,56,"['/imu', '/rosout']"
1681490423.720419,63986,1681490423,720183610,,2,/imu_driver,Current time 1681490423 718775272,driver.py,driver,56,"['/imu', '/rosout']"
1681490423.744682,63987,1681490423,744461774,,2,/imu_driver,Current time 1681490423 743208408,driver.py,driver,56,"['/imu', '/rosout']"
1681490423.76967,63988,1681490423,769351482,,2,/imu_driver,Current time 1681490423 768071889,driver.py,driver,56,"['/imu', '/rosout']"
1681490423.7992847,63989,1681490423,798923254,,2,/imu_driver,Current time 1681490423 793260335,driver.py,driver,56,"['/imu', '/rosout']"
1681490423.819943,63990,1681490423,819358110,,2,/imu_driver,Current time 1681490423 818114280,driver.py,driver,56,"['/imu', '/rosout']"
1681490423.845555,63991,1681490423,844522953,,2,/imu_driver,Current time 1681490423 843080043,driver.py,driver,56,"['/imu', '/rosout']"
1681490423.870175,63992,1681490423,869364738,,2,/imu_driver,Current time 1681490423 868066072,driver.py,driver,56,"['/imu', '/rosout']"
1681490423.8947794,63993,1681490423,894211530,,2,/imu_driver,Current time 1681490423 893012285,driver.py,driver,56,"['/imu', '/rosout']"
1681490423.919886,63994,1681490423,919360876,,2,/imu_driver,Current time 1681490423 918023109,driver.py,driver,56,"['/imu', '/rosout']"
1681490423.9447606,63995,1681490423,944531202,,2,/imu_driver,Current time 1681490423 943029642,driver.py,driver,56,"['/imu', '/rosout']"
1681490423.970269,63996,1681490423,969561100,,2,/imu_driver,Current time 1681490423 968055725,driver.py,driver,56,"['/imu', '/rosout']"
1681490423.9946957,63997,1681490423,994130373,,2,/imu_driver,Current time 1681490423 992918252,driver.py,driver,56,"['/imu', '/rosout']"
1681490424.0202472,63998,1681490424,19486904,,2,/imu_driver,Current time 1681490424 18011808,driver.py,driver,56,"['/imu', '/rosout']"
1681490424.0462112,63999,1681490424,45545816,,2,/imu_driver,Current time 1681490424 43544530,driver.py,driver,56,"['/imu', '/rosout']"
1681490424.069753,64000,1681490424,69468259,,2,/imu_driver,Current time 1681490424 68023920,driver.py,driver,56,"['/imu', '/rosout']"
1681490424.0945714,64001,1681490424,94272851,,2,/imu_driver,Current time 1681490424 92869043,driver.py,driver,56,"['/imu', '/rosout']"
1681490424.1193762,64002,1681490424,119228363,,2,/imu_driver,Current time 1681490424 117947340,driver.py,driver,56,"['/imu', '/rosout']"
1681490424.144322,64003,1681490424,144101381,,2,/imu_driver,Current time 1681490424 142832994,driver.py,driver,56,"['/imu', '/rosout']"
1681490424.169481,64004,1681490424,169243335,,2,/imu_driver,Current time 1681490424 167836189,driver.py,driver,56,"['/imu', '/rosout']"
1681490424.1948817,64005,1681490424,194466114,,2,/imu_driver,Current time 1681490424 192945718,driver.py,driver,56,"['/imu', '/rosout']"
1681490424.2203777,64006,1681490424,220225811,,2,/imu_driver,Current time 1681490424 218897819,driver.py,driver,56,"['/imu', '/rosout']"
1681490424.2450716,64007,1681490424,244779825,,2,/imu_driver,Current time 1681490424 242924690,driver.py,driver,56,"['/imu', '/rosout']"
1681490424.2709577,64008,1681490424,270243883,,2,/imu_driver,Current time 1681490424 268771409,driver.py,driver,56,"['/imu', '/rosout']"
1681490424.3016896,64009,1681490424,301139354,,2,/imu_driver,Current time 1681490424 299492359,driver.py,driver,56,"['/imu', '/rosout']"
1681490424.320409,64010,1681490424,320048093,,2,/imu_driver,Current time 1681490424 318709850,driver.py,driver,56,"['/imu', '/rosout']"
1681490424.346274,64011,1681490424,345231533,,2,/imu_driver,Current time 1681490424 343609809,driver.py,driver,56,"['/imu', '/rosout']"
1681490424.3710814,64012,1681490424,370201110,,2,/imu_driver,Current time 1681490424 368669271,driver.py,driver,56,"['/imu', '/rosout']"
1681490424.3954742,64013,1681490424,394891738,,2,/imu_driver,Current time 1681490424 393581390,driver.py,driver,56,"['/imu', '/rosout']"
1681490424.4198987,64014,1681490424,419631242,,2,/imu_driver,Current time 1681490424 418534994,driver.py,driver,56,"['/imu', '/rosout']"
1681490424.44588,64015,1681490424,445020914,,2,/imu_driver,Current time 1681490424 443602323,driver.py,driver,56,"['/imu', '/rosout']"
1681490424.4714563,64016,1681490424,470429182,,2,/imu_driver,Current time 1681490424 468736886,driver.py,driver,56,"['/imu', '/rosout']"
1681490424.4971595,64017,1681490424,496460437,,2,/imu_driver,Current time 1681490424 493639707,driver.py,driver,56,"['/imu', '/rosout']"
1681490424.520572,64018,1681490424,519931554,,2,/imu_driver,Current time 1681490424 518549919,driver.py,driver,56,"['/imu', '/rosout']"
1681490424.5454812,64019,1681490424,544915676,,2,/imu_driver,Current time 1681490424 543574571,driver.py,driver,56,"['/imu', '/rosout']"
1681490424.570727,64020,1681490424,570046186,,2,/imu_driver,Current time 1681490424 568726301,driver.py,driver,56,"['/imu', '/rosout']"
1681490424.5959947,64021,1681490424,595117330,,2,/imu_driver,Current time 1681490424 593447685,driver.py,driver,56,"['/imu', '/rosout']"
1681490424.6199143,64022,1681490424,619674682,,2,/imu_driver,Current time 1681490424 618473052,driver.py,driver,56,"['/imu', '/rosout']"
1681490424.6448977,64023,1681490424,644709825,,2,/imu_driver,Current time 1681490424 643474340,driver.py,driver,56,"['/imu', '/rosout']"
1681490424.670163,64024,1681490424,669910669,,2,/imu_driver,Current time 1681490424 668536424,driver.py,driver,56,"['/imu', '/rosout']"
1681490424.696318,64025,1681490424,695177555,,2,/imu_driver,Current time 1681490424 693481206,driver.py,driver,56,"['/imu', '/rosout']"
1681490424.7210422,64026,1681490424,720093488,,2,/imu_driver,Current time 1681490424 718642473,driver.py,driver,56,"['/imu', '/rosout']"
1681490424.7461987,64027,1681490424,745241880,,2,/imu_driver,Current time 1681490424 743656396,driver.py,driver,56,"['/imu', '/rosout']"
1681490424.7707083,64028,1681490424,769883394,,2,/imu_driver,Current time 1681490424 768465995,driver.py,driver,56,"['/imu', '/rosout']"
1681490424.795261,64029,1681490424,794549226,,2,/imu_driver,Current time 1681490424 793326854,driver.py,driver,56,"['/imu', '/rosout']"
1681490424.8202124,64030,1681490424,819539785,,2,/imu_driver,Current time 1681490424 818389177,driver.py,driver,56,"['/imu', '/rosout']"
1681490424.8461905,64031,1681490424,845263957,,2,/imu_driver,Current time 1681490424 843296051,driver.py,driver,56,"['/imu', '/rosout']"
1681490424.8699772,64032,1681490424,869535684,,2,/imu_driver,Current time 1681490424 868337631,driver.py,driver,56,"['/imu', '/rosout']"
1681490424.8951573,64033,1681490424,894366025,,2,/imu_driver,Current time 1681490424 893249273,driver.py,driver,56,"['/imu', '/rosout']"
1681490424.920724,64034,1681490424,919512748,,2,/imu_driver,Current time 1681490424 918243169,driver.py,driver,56,"['/imu', '/rosout']"
1681490424.9455059,64035,1681490424,945222139,,2,/imu_driver,Current time 1681490424 943371772,driver.py,driver,56,"['/imu', '/rosout']"
1681490424.9699764,64036,1681490424,969370841,,2,/imu_driver,Current time 1681490424 968240499,driver.py,driver,56,"['/imu', '/rosout']"
1681490424.994957,64037,1681490424,994547605,,2,/imu_driver,Current time 1681490424 993260622,driver.py,driver,56,"['/imu', '/rosout']"
1681490425.020229,64038,1681490425,19453525,,2,/imu_driver,Current time 1681490425 18258571,driver.py,driver,56,"['/imu', '/rosout']"
1681490425.045023,64039,1681490425,44394016,,2,/imu_driver,Current time 1681490425 43139934,driver.py,driver,56,"['/imu', '/rosout']"
1681490425.0698211,64040,1681490425,69396495,,2,/imu_driver,Current time 1681490425 68201541,driver.py,driver,56,"['/imu', '/rosout']"
1681490425.095229,64041,1681490425,94828605,,2,/imu_driver,Current time 1681490425 93211174,driver.py,driver,56,"['/imu', '/rosout']"
1681490425.119956,64042,1681490425,119709968,,2,/imu_driver,Current time 1681490425 118241071,driver.py,driver,56,"['/imu', '/rosout']"
1681490425.1445453,64043,1681490425,144340991,,2,/imu_driver,Current time 1681490425 143257617,driver.py,driver,56,"['/imu', '/rosout']"
1681490425.1697621,64044,1681490425,169474124,,2,/imu_driver,Current time 1681490425 168205261,driver.py,driver,56,"['/imu', '/rosout']"
1681490425.1951694,64045,1681490425,194875478,,2,/imu_driver,Current time 1681490425 193403959,driver.py,driver,56,"['/imu', '/rosout']"
1681490425.2201505,64046,1681490425,219672918,,2,/imu_driver,Current time 1681490425 218234062,driver.py,driver,56,"['/imu', '/rosout']"
1681490425.245262,64047,1681490425,244396209,,2,/imu_driver,Current time 1681490425 243110656,driver.py,driver,56,"['/imu', '/rosout']"
1681490425.2697814,64048,1681490425,269154787,,2,/imu_driver,Current time 1681490425 267971515,driver.py,driver,56,"['/imu', '/rosout']"
1681490425.2951927,64049,1681490425,294339895,,2,/imu_driver,Current time 1681490425 293111085,driver.py,driver,56,"['/imu', '/rosout']"
1681490425.3194706,64050,1681490425,319196462,,2,/imu_driver,Current time 1681490425 318033933,driver.py,driver,56,"['/imu', '/rosout']"
1681490425.345069,64051,1681490425,344848632,,2,/imu_driver,Current time 1681490425 343191862,driver.py,driver,56,"['/imu', '/rosout']"
1681490425.3705812,64052,1681490425,370013236,,2,/imu_driver,Current time 1681490425 368646144,driver.py,driver,56,"['/imu', '/rosout']"
1681490425.3945837,64053,1681490425,394052028,,2,/imu_driver,Current time 1681490425 392877101,driver.py,driver,56,"['/imu', '/rosout']"
1681490425.4202323,64054,1681490425,419122695,,2,/imu_driver,Current time 1681490425 417973995,driver.py,driver,56,"['/imu', '/rosout']"
1681490425.4492939,64055,1681490425,448520421,,2,/imu_driver,Current time 1681490425 444009065,driver.py,driver,56,"['/imu', '/rosout']"
1681490425.4697375,64056,1681490425,469172000,,2,/imu_driver,Current time 1681490425 467924833,driver.py,driver,56,"['/imu', '/rosout']"
1681490425.4944615,64057,1681490425,494193077,,2,/imu_driver,Current time 1681490425 492931365,driver.py,driver,56,"['/imu', '/rosout']"
1681490425.519384,64058,1681490425,518993377,,2,/imu_driver,Current time 1681490425 517858028,driver.py,driver,56,"['/imu', '/rosout']"
1681490425.5445461,64059,1681490425,544027805,,2,/imu_driver,Current time 1681490425 542961120,driver.py,driver,56,"['/imu', '/rosout']"
1681490425.569169,64060,1681490425,568962097,,2,/imu_driver,Current time 1681490425 567748069,driver.py,driver,56,"['/imu', '/rosout']"
1681490425.5951827,64061,1681490425,594923973,,2,/imu_driver,Current time 1681490425 592752933,driver.py,driver,56,"['/imu', '/rosout']"
1681490425.620947,64062,1681490425,620161771,,2,/imu_driver,Current time 1681490425 618749380,driver.py,driver,56,"['/imu', '/rosout']"
1681490425.6446922,64063,1681490425,643952608,,2,/imu_driver,Current time 1681490425 642727375,driver.py,driver,56,"['/imu', '/rosout']"
1681490425.6702757,64064,1681490425,669944286,,2,/imu_driver,Current time 1681490425 668638229,driver.py,driver,56,"['/imu', '/rosout']"
1681490425.695917,64065,1681490425,695276021,,2,/imu_driver,Current time 1681490425 693655729,driver.py,driver,56,"['/imu', '/rosout']"
1681490425.7199376,64066,1681490425,719612360,,2,/imu_driver,Current time 1681490425 718531608,driver.py,driver,56,"['/imu', '/rosout']"
1681490425.7475622,64067,1681490425,745519876,,2,/imu_driver,Current time 1681490425 743626832,driver.py,driver,56,"['/imu', '/rosout']"
1681490425.769986,64068,1681490425,769544124,,2,/imu_driver,Current time 1681490425 768511533,driver.py,driver,56,"['/imu', '/rosout']"
1681490425.795358,64069,1681490425,794786214,,2,/imu_driver,Current time 1681490425 793563604,driver.py,driver,56,"['/imu', '/rosout']"
1681490425.8203137,64070,1681490425,820007562,,2,/imu_driver,Current time 1681490425 818578004,driver.py,driver,56,"['/imu', '/rosout']"
1681490425.8500278,64071,1681490425,845172405,,2,/imu_driver,Current time 1681490425 843464851,driver.py,driver,56,"['/imu', '/rosout']"
1681490425.8709118,64072,1681490425,870141744,,2,/imu_driver,Current time 1681490425 868525743,driver.py,driver,56,"['/imu', '/rosout']"
1681490425.8954067,64073,1681490425,895140171,,2,/imu_driver,Current time 1681490425 893705844,driver.py,driver,56,"['/imu', '/rosout']"
1681490425.9208586,64074,1681490425,920562028,,2,/imu_driver,Current time 1681490425 918511629,driver.py,driver,56,"['/imu', '/rosout']"
1681490425.948319,64075,1681490425,945464611,,2,/imu_driver,Current time 1681490425 943462848,driver.py,driver,56,"['/imu', '/rosout']"
1681490425.9709325,64076,1681490425,969997167,,2,/imu_driver,Current time 1681490425 968649148,driver.py,driver,56,"['/imu', '/rosout']"
1681490425.9951532,64077,1681490425,994807243,,2,/imu_driver,Current time 1681490425 993443489,driver.py,driver,56,"['/imu', '/rosout']"
1681490426.0202134,64078,1681490426,19624233,,2,/imu_driver,Current time 1681490426 18456220,driver.py,driver,56,"['/imu', '/rosout']"
1681490426.0451345,64079,1681490426,44696092,,2,/imu_driver,Current time 1681490426 43409585,driver.py,driver,56,"['/imu', '/rosout']"
1681490426.069964,64080,1681490426,69756507,,2,/imu_driver,Current time 1681490426 68419694,driver.py,driver,56,"['/imu', '/rosout']"
1681490426.0949388,64081,1681490426,94579219,,2,/imu_driver,Current time 1681490426 93382835,driver.py,driver,56,"['/imu', '/rosout']"
1681490426.119888,64082,1681490426,119672060,,2,/imu_driver,Current time 1681490426 118287563,driver.py,driver,56,"['/imu', '/rosout']"
1681490426.144548,64083,1681490426,144383192,,2,/imu_driver,Current time 1681490426 143303871,driver.py,driver,56,"['/imu', '/rosout']"
1681490426.1699784,64084,1681490426,169717550,,2,/imu_driver,Current time 1681490426 168457269,driver.py,driver,56,"['/imu', '/rosout']"
1681490426.1969693,64085,1681490426,195766925,,2,/imu_driver,Current time 1681490426 193916082,driver.py,driver,56,"['/imu', '/rosout']"
1681490426.2208586,64086,1681490426,219491004,,2,/imu_driver,Current time 1681490426 218339443,driver.py,driver,56,"['/imu', '/rosout']"
1681490426.2452142,64087,1681490426,244704008,,2,/imu_driver,Current time 1681490426 243366956,driver.py,driver,56,"['/imu', '/rosout']"
1681490426.270426,64088,1681490426,269494771,,2,/imu_driver,Current time 1681490426 268253087,driver.py,driver,56,"['/imu', '/rosout']"
1681490426.2953575,64089,1681490426,294946670,,2,/imu_driver,Current time 1681490426 293426752,driver.py,driver,56,"['/imu', '/rosout']"
1681490426.320102,64090,1681490426,319577693,,2,/imu_driver,Current time 1681490426 318317651,driver.py,driver,56,"['/imu', '/rosout']"
1681490426.344868,64091,1681490426,344476461,,2,/imu_driver,Current time 1681490426 343302249,driver.py,driver,56,"['/imu', '/rosout']"
1681490426.3701687,64092,1681490426,369295358,,2,/imu_driver,Current time 1681490426 368111133,driver.py,driver,56,"['/imu', '/rosout']"
1681490426.3951068,64093,1681490426,394225358,,2,/imu_driver,Current time 1681490426 393069505,driver.py,driver,56,"['/imu', '/rosout']"
1681490426.4198751,64094,1681490426,419300556,,2,/imu_driver,Current time 1681490426 418131351,driver.py,driver,56,"['/imu', '/rosout']"
1681490426.4470422,64095,1681490426,446084976,,2,/imu_driver,Current time 1681490426 444243431,driver.py,driver,56,"['/imu', '/rosout']"
1681490426.4705155,64096,1681490426,469548702,,2,/imu_driver,Current time 1681490426 468180656,driver.py,driver,56,"['/imu', '/rosout']"
1681490426.4947557,64097,1681490426,494333267,,2,/imu_driver,Current time 1681490426 493162393,driver.py,driver,56,"['/imu', '/rosout']"
1681490426.5201917,64098,1681490426,519145727,,2,/imu_driver,Current time 1681490426 517996788,driver.py,driver,56,"['/imu', '/rosout']"
1681490426.5452151,64099,1681490426,544762372,,2,/imu_driver,Current time 1681490426 543339490,driver.py,driver,56,"['/imu', '/rosout']"
1681490426.569579,64100,1681490426,569345474,,2,/imu_driver,Current time 1681490426 568111896,driver.py,driver,56,"['/imu', '/rosout']"
1681490426.5944793,64101,1681490426,594270229,,2,/imu_driver,Current time 1681490426 593094110,driver.py,driver,56,"['/imu', '/rosout']"
1681490426.619376,64102,1681490426,619050979,,2,/imu_driver,Current time 1681490426 617938995,driver.py,driver,56,"['/imu', '/rosout']"
1681490426.6442971,64103,1681490426,644085645,,2,/imu_driver,Current time 1681490426 643019199,driver.py,driver,56,"['/imu', '/rosout']"
1681490426.6695583,64104,1681490426,669297695,,2,/imu_driver,Current time 1681490426 667961597,driver.py,driver,56,"['/imu', '/rosout']"
1681490426.6974351,64105,1681490426,695461273,,2,/imu_driver,Current time 1681490426 693597793,driver.py,driver,56,"['/imu', '/rosout']"
1681490426.719936,64106,1681490426,719218492,,2,/imu_driver,Current time 1681490426 717954635,driver.py,driver,56,"['/imu', '/rosout']"
1681490426.744829,64107,1681490426,744041204,,2,/imu_driver,Current time 1681490426 742863893,driver.py,driver,56,"['/imu', '/rosout']"
1681490426.7696884,64108,1681490426,769062995,,2,/imu_driver,Current time 1681490426 767840623,driver.py,driver,56,"['/imu', '/rosout']"
1681490426.79547,64109,1681490426,794651031,,2,/imu_driver,Current time 1681490426 793206691,driver.py,driver,56,"['/imu', '/rosout']"
1681490426.820211,64110,1681490426,819522857,,2,/imu_driver,Current time 1681490426 818121194,driver.py,driver,56,"['/imu', '/rosout']"
1681490426.8448987,64111,1681490426,844102382,,2,/imu_driver,Current time 1681490426 842869520,driver.py,driver,56,"['/imu', '/rosout']"
1681490426.8714228,64112,1681490426,870076417,,2,/imu_driver,Current time 1681490426 868769645,driver.py,driver,56,"['/imu', '/rosout']"
1681490426.8998597,64113,1681490426,895347118,,2,/imu_driver,Current time 1681490426 893829345,driver.py,driver,56,"['/imu', '/rosout']"
1681490426.920315,64114,1681490426,919983148,,2,/imu_driver,Current time 1681490426 918702125,driver.py,driver,56,"['/imu', '/rosout']"
1681490426.945942,64115,1681490426,945391654,,2,/imu_driver,Current time 1681490426 943795680,driver.py,driver,56,"['/imu', '/rosout']"
1681490426.9701912,64116,1681490426,969930648,,2,/imu_driver,Current time 1681490426 968777656,driver.py,driver,56,"['/imu', '/rosout']"
1681490426.9990544,64117,1681490426,998652935,,2,/imu_driver,Current time 1681490426 994724512,driver.py,driver,56,"['/imu', '/rosout']"
1681490427.0221379,64118,1681490427,20364522,,2,/imu_driver,Current time 1681490427 18600940,driver.py,driver,56,"['/imu', '/rosout']"
1681490427.046971,64119,1681490427,46065568,,2,/imu_driver,Current time 1681490427 44182062,driver.py,driver,56,"['/imu', '/rosout']"
1681490427.0707939,64120,1681490427,70274114,,2,/imu_driver,Current time 1681490427 68922281,driver.py,driver,56,"['/imu', '/rosout']"
1681490427.095443,64121,1681490427,95164060,,2,/imu_driver,Current time 1681490427 93557596,driver.py,driver,56,"['/imu', '/rosout']"
1681490427.12204,64122,1681490427,121829748,,2,/imu_driver,Current time 1681490427 118640422,driver.py,driver,56,"['/imu', '/rosout']"
1681490427.1449444,64123,1681490427,144745588,,2,/imu_driver,Current time 1681490427 143540382,driver.py,driver,56,"['/imu', '/rosout']"
1681490427.1713588,64124,1681490427,170011758,,2,/imu_driver,Current time 1681490427 168644189,driver.py,driver,56,"['/imu', '/rosout']"
1681490427.1956017,64125,1681490427,194942235,,2,/imu_driver,Current time 1681490427 193464756,driver.py,driver,56,"['/imu', '/rosout']"
1681490427.2204618,64126,1681490427,219708442,,2,/imu_driver,Current time 1681490427 218504428,driver.py,driver,56,"['/imu', '/rosout']"
1681490427.2463744,64127,1681490427,244631767,,2,/imu_driver,Current time 1681490427 243528366,driver.py,driver,56,"['/imu', '/rosout']"
1681490427.270243,64128,1681490427,269727706,,2,/imu_driver,Current time 1681490427 268491029,driver.py,driver,56,"['/imu', '/rosout']"
1681490427.2948997,64129,1681490427,294629335,,2,/imu_driver,Current time 1681490427 293513298,driver.py,driver,56,"['/imu', '/rosout']"
1681490427.3202863,64130,1681490427,319687604,,2,/imu_driver,Current time 1681490427 318495035,driver.py,driver,56,"['/imu', '/rosout']"
1681490427.3457172,64131,1681490427,345190286,,2,/imu_driver,Current time 1681490427 343558073,driver.py,driver,56,"['/imu', '/rosout']"
1681490427.3711543,64132,1681490427,370260000,,2,/imu_driver,Current time 1681490427 368568420,driver.py,driver,56,"['/imu', '/rosout']"
1681490427.3953445,64133,1681490427,394728899,,2,/imu_driver,Current time 1681490427 393544673,driver.py,driver,56,"['/imu', '/rosout']"
1681490427.4203813,64134,1681490427,419770717,,2,/imu_driver,Current time 1681490427 418571233,driver.py,driver,56,"['/imu', '/rosout']"
1681490427.4469779,64135,1681490427,445591449,,2,/imu_driver,Current time 1681490427 443818569,driver.py,driver,56,"['/imu', '/rosout']"
1681490427.4708028,64136,1681490427,470190048,,2,/imu_driver,Current time 1681490427 468804359,driver.py,driver,56,"['/imu', '/rosout']"
1681490427.4965386,64137,1681490427,494708538,,2,/imu_driver,Current time 1681490427 493395090,driver.py,driver,56,"['/imu', '/rosout']"
1681490427.5196025,64138,1681490427,519330739,,2,/imu_driver,Current time 1681490427 518227815,driver.py,driver,56,"['/imu', '/rosout']"
1681490427.5450704,64139,1681490427,544536352,,2,/imu_driver,Current time 1681490427 543238639,driver.py,driver,56,"['/imu', '/rosout']"
1681490427.5698602,64140,1681490427,569523811,,2,/imu_driver,Current time 1681490427 568376779,driver.py,driver,56,"['/imu', '/rosout']"
1681490427.5956604,64141,1681490427,595056533,,2,/imu_driver,Current time 1681490427 593501329,driver.py,driver,56,"['/imu', '/rosout']"
1681490427.620056,64142,1681490427,619378805,,2,/imu_driver,Current time 1681490427 618179798,driver.py,driver,56,"['/imu', '/rosout']"
1681490427.6448972,64143,1681490427,644488334,,2,/imu_driver,Current time 1681490427 643248081,driver.py,driver,56,"['/imu', '/rosout']"
1681490427.670389,64144,1681490427,669507741,,2,/imu_driver,Current time 1681490427 668246030,driver.py,driver,56,"['/imu', '/rosout']"
1681490427.696879,64145,1681490427,694875955,,2,/imu_driver,Current time 1681490427 693378925,driver.py,driver,56,"['/imu', '/rosout']"
1681490427.7196908,64146,1681490427,719376325,,2,/imu_driver,Current time 1681490427 718251228,driver.py,driver,56,"['/imu', '/rosout']"
1681490427.7450032,64147,1681490427,744200706,,2,/imu_driver,Current time 1681490427 743057966,driver.py,driver,56,"['/imu', '/rosout']"
1681490427.7695353,64148,1681490427,769242286,,2,/imu_driver,Current time 1681490427 768033742,driver.py,driver,56,"['/imu', '/rosout']"
1681490427.794568,64149,1681490427,794290781,,2,/imu_driver,Current time 1681490427 793152809,driver.py,driver,56,"['/imu', '/rosout']"
1681490427.8202972,64150,1681490427,819287300,,2,/imu_driver,Current time 1681490427 818127870,driver.py,driver,56,"['/imu', '/rosout']"
1681490427.845002,64151,1681490427,844542264,,2,/imu_driver,Current time 1681490427 843142747,driver.py,driver,56,"['/imu', '/rosout']"
1681490427.8709326,64152,1681490427,869449615,,2,/imu_driver,Current time 1681490427 868138074,driver.py,driver,56,"['/imu', '/rosout']"
1681490427.8949394,64153,1681490427,894295215,,2,/imu_driver,Current time 1681490427 893107414,driver.py,driver,56,"['/imu', '/rosout']"
1681490427.9199598,64154,1681490427,919336080,,2,/imu_driver,Current time 1681490427 918167352,driver.py,driver,56,"['/imu', '/rosout']"
1681490427.9478068,64155,1681490427,945622920,,2,/imu_driver,Current time 1681490427 943926811,driver.py,driver,56,"['/imu', '/rosout']"
1681490427.9696074,64156,1681490427,969110012,,2,/imu_driver,Current time 1681490427 967932462,driver.py,driver,56,"['/imu', '/rosout']"
1681490427.9945154,64157,1681490427,994129657,,2,/imu_driver,Current time 1681490427 992939472,driver.py,driver,56,"['/imu', '/rosout']"
1681490428.02047,64158,1681490428,20068407,,2,/imu_driver,Current time 1681490428 18881797,driver.py,driver,56,"['/imu', '/rosout']"
1681490428.0447612,64159,1681490428,44137001,,2,/imu_driver,Current time 1681490428 43010711,driver.py,driver,56,"['/imu', '/rosout']"
1681490428.0696712,64160,1681490428,69029331,,2,/imu_driver,Current time 1681490428 67851543,driver.py,driver,56,"['/imu', '/rosout']"
1681490428.0952969,64161,1681490428,94293832,,2,/imu_driver,Current time 1681490428 92988729,driver.py,driver,56,"['/imu', '/rosout']"
1681490428.1205838,64162,1681490428,119907140,,2,/imu_driver,Current time 1681490428 118779182,driver.py,driver,56,"['/imu', '/rosout']"
1681490428.14619,64163,1681490428,145294189,,2,/imu_driver,Current time 1681490428 143885135,driver.py,driver,56,"['/imu', '/rosout']"
1681490428.1717036,64164,1681490428,170686721,,2,/imu_driver,Current time 1681490428 168843269,driver.py,driver,56,"['/imu', '/rosout']"
1681490428.1970334,64165,1681490428,196578502,,2,/imu_driver,Current time 1681490428 193328619,driver.py,driver,56,"['/imu', '/rosout']"
1681490428.2204058,64166,1681490428,220168352,,2,/imu_driver,Current time 1681490428 218818187,driver.py,driver,56,"['/imu', '/rosout']"
1681490428.245329,64167,1681490428,245048046,,2,/imu_driver,Current time 1681490428 243757486,driver.py,driver,56,"['/imu', '/rosout']"
1681490428.2707124,64168,1681490428,270228147,,2,/imu_driver,Current time 1681490428 268785476,driver.py,driver,56,"['/imu', '/rosout']"
1681490428.295321,64169,1681490428,294795513,,2,/imu_driver,Current time 1681490428 293560028,driver.py,driver,56,"['/imu', '/rosout']"
1681490428.3210876,64170,1681490428,320086956,,2,/imu_driver,Current time 1681490428 318789482,driver.py,driver,56,"['/imu', '/rosout']"
1681490428.3466954,64171,1681490428,345798492,,2,/imu_driver,Current time 1681490428 344192981,driver.py,driver,56,"['/imu', '/rosout']"
1681490428.3703668,64172,1681490428,369847774,,2,/imu_driver,Current time 1681490428 368669509,driver.py,driver,56,"['/imu', '/rosout']"
1681490428.3955626,64173,1681490428,394840478,,2,/imu_driver,Current time 1681490428 393680572,driver.py,driver,56,"['/imu', '/rosout']"
1681490428.4205434,64174,1681490428,419822454,,2,/imu_driver,Current time 1681490428 418677091,driver.py,driver,56,"['/imu', '/rosout']"
1681490428.445982,64175,1681490428,445288419,,2,/imu_driver,Current time 1681490428 443898439,driver.py,driver,56,"['/imu', '/rosout']"
1681490428.4703112,64176,1681490428,469657659,,2,/imu_driver,Current time 1681490428 468516111,driver.py,driver,56,"['/imu', '/rosout']"
1681490428.4953816,64177,1681490428,494805812,,2,/imu_driver,Current time 1681490428 493589401,driver.py,driver,56,"['/imu', '/rosout']"
1681490428.520113,64178,1681490428,519709587,,2,/imu_driver,Current time 1681490428 518549203,driver.py,driver,56,"['/imu', '/rosout']"
1681490428.5454938,64179,1681490428,544730186,,2,/imu_driver,Current time 1681490428 543515443,driver.py,driver,56,"['/imu', '/rosout']"
1681490428.5709317,64180,1681490428,569805622,,2,/imu_driver,Current time 1681490428 568532228,driver.py,driver,56,"['/imu', '/rosout']"
1681490428.6005182,64181,1681490428,600142240,,2,/imu_driver,Current time 1681490428 594326257,driver.py,driver,56,"['/imu', '/rosout']"
1681490428.620159,64182,1681490428,619869709,,2,/imu_driver,Current time 1681490428 618603229,driver.py,driver,56,"['/imu', '/rosout']"
1681490428.6451037,64183,1681490428,644882917,,2,/imu_driver,Current time 1681490428 643507242,driver.py,driver,56,"['/imu', '/rosout']"
1681490428.6701145,64184,1681490428,669854640,,2,/imu_driver,Current time 1681490428 668550252,driver.py,driver,56,"['/imu', '/rosout']"
1681490428.6963208,64185,1681490428,695202350,,2,/imu_driver,Current time 1681490428 693496227,driver.py,driver,56,"['/imu', '/rosout']"
1681490428.7207818,64186,1681490428,719831228,,2,/imu_driver,Current time 1681490428 718497514,driver.py,driver,56,"['/imu', '/rosout']"
1681490428.745134,64187,1681490428,744500398,,2,/imu_driver,Current time 1681490428 743424177,driver.py,driver,56,"['/imu', '/rosout']"
1681490428.7701724,64188,1681490428,769513368,,2,/imu_driver,Current time 1681490428 768378973,driver.py,driver,56,"['/imu', '/rosout']"
1681490428.7953107,64189,1681490428,794467210,,2,/imu_driver,Current time 1681490428 793406248,driver.py,driver,56,"['/imu', '/rosout']"
1681490428.8199668,64190,1681490428,819624900,,2,/imu_driver,Current time 1681490428 818366765,driver.py,driver,56,"['/imu', '/rosout']"
1681490428.8458629,64191,1681490428,845124959,,2,/imu_driver,Current time 1681490428 843433618,driver.py,driver,56,"['/imu', '/rosout']"
1681490428.8703296,64192,1681490428,869635581,,2,/imu_driver,Current time 1681490428 868360996,driver.py,driver,56,"['/imu', '/rosout']"
1681490428.8950098,64193,1681490428,894454956,,2,/imu_driver,Current time 1681490428 893179178,driver.py,driver,56,"['/imu', '/rosout']"
1681490428.9199777,64194,1681490428,919441699,,2,/imu_driver,Current time 1681490428 918272495,driver.py,driver,56,"['/imu', '/rosout']"
1681490428.945796,64195,1681490428,945187807,,2,/imu_driver,Current time 1681490428 943509817,driver.py,driver,56,"['/imu', '/rosout']"
1681490428.9702878,64196,1681490428,969618320,,2,/imu_driver,Current time 1681490428 968297004,driver.py,driver,56,"['/imu', '/rosout']"
1681490428.9976943,64197,1681490428,994936943,,2,/imu_driver,Current time 1681490428 993227958,driver.py,driver,56,"['/imu', '/rosout']"
1681490429.0198479,64198,1681490429,19360303,,2,/imu_driver,Current time 1681490429 18193960,driver.py,driver,56,"['/imu', '/rosout']"
1681490429.045403,64199,1681490429,44404745,,2,/imu_driver,Current time 1681490429 43182373,driver.py,driver,56,"['/imu', '/rosout']"
1681490429.0703773,64200,1681490429,69333791,,2,/imu_driver,Current time 1681490429 68248033,driver.py,driver,56,"['/imu', '/rosout']"
1681490429.0956833,64201,1681490429,95106601,,2,/imu_driver,Current time 1681490429 93592882,driver.py,driver,56,"['/imu', '/rosout']"
1681490429.1199903,64202,1681490429,119441270,,2,/imu_driver,Current time 1681490429 118178129,driver.py,driver,56,"['/imu', '/rosout']"
1681490429.144697,64203,1681490429,144425630,,2,/imu_driver,Current time 1681490429 143237113,driver.py,driver,56,"['/imu', '/rosout']"
1681490429.1695375,64204,1681490429,169293165,,2,/imu_driver,Current time 1681490429 168092966,driver.py,driver,56,"['/imu', '/rosout']"
1681490429.1955824,64205,1681490429,194696664,,2,/imu_driver,Current time 1681490429 193244457,driver.py,driver,56,"['/imu', '/rosout']"
1681490429.2203443,64206,1681490429,219315290,,2,/imu_driver,Current time 1681490429 218071460,driver.py,driver,56,"['/imu', '/rosout']"
1681490429.2467256,64207,1681490429,245692014,,2,/imu_driver,Current time 1681490429 243191719,driver.py,driver,56,"['/imu', '/rosout']"
1681490429.2701187,64208,1681490429,269429206,,2,/imu_driver,Current time 1681490429 268108129,driver.py,driver,56,"['/imu', '/rosout']"
1681490429.2948766,64209,1681490429,294571876,,2,/imu_driver,Current time 1681490429 293278217,driver.py,driver,56,"['/imu', '/rosout']"
1681490429.3197746,64210,1681490429,319395542,,2,/imu_driver,Current time 1681490429 318020343,driver.py,driver,56,"['/imu', '/rosout']"
1681490429.3491597,64211,1681490429,348809480,,2,/imu_driver,Current time 1681490429 344587802,driver.py,driver,56,"['/imu', '/rosout']"
1681490429.3705792,64212,1681490429,369733333,,2,/imu_driver,Current time 1681490429 368049383,driver.py,driver,56,"['/imu', '/rosout']"
1681490429.3952117,64213,1681490429,394595623,,2,/imu_driver,Current time 1681490429 393206596,driver.py,driver,56,"['/imu', '/rosout']"
1681490429.4198518,64214,1681490429,419121980,,2,/imu_driver,Current time 1681490429 418003082,driver.py,driver,56,"['/imu', '/rosout']"
1681490429.4452686,64215,1681490429,445031881,,2,/imu_driver,Current time 1681490429 443226337,driver.py,driver,56,"['/imu', '/rosout']"
1681490429.4703891,64216,1681490429,469481468,,2,/imu_driver,Current time 1681490429 467970371,driver.py,driver,56,"['/imu', '/rosout']"
1681490429.4953249,64217,1681490429,494533538,,2,/imu_driver,Current time 1681490429 493139743,driver.py,driver,56,"['/imu', '/rosout']"
1681490429.5203745,64218,1681490429,520158529,,2,/imu_driver,Current time 1681490429 518866777,driver.py,driver,56,"['/imu', '/rosout']"
1681490429.545622,64219,1681490429,545227050,,2,/imu_driver,Current time 1681490429 543832302,driver.py,driver,56,"['/imu', '/rosout']"
1681490429.5708137,64220,1681490429,570130109,,2,/imu_driver,Current time 1681490429 568819046,driver.py,driver,56,"['/imu', '/rosout']"
1681490429.5962787,64221,1681490429,595318794,,2,/imu_driver,Current time 1681490429 593771219,driver.py,driver,56,"['/imu', '/rosout']"
1681490429.620545,64222,1681490429,619938850,,2,/imu_driver,Current time 1681490429 618778705,driver.py,driver,56,"['/imu', '/rosout']"
1681490429.6458418,64223,1681490429,644992113,,2,/imu_driver,Current time 1681490429 643710613,driver.py,driver,56,"['/imu', '/rosout']"
1681490429.6703186,64224,1681490429,670027732,,2,/imu_driver,Current time 1681490429 668679714,driver.py,driver,56,"['/imu', '/rosout']"
1681490429.6950216,64225,1681490429,694792509,,2,/imu_driver,Current time 1681490429 693626403,driver.py,driver,56,"['/imu', '/rosout']"
1681490429.720974,64226,1681490429,719960689,,2,/imu_driver,Current time 1681490429 718722820,driver.py,driver,56,"['/imu', '/rosout']"
1681490429.7496822,64227,1681490429,749056339,,2,/imu_driver,Current time 1681490429 745742797,driver.py,driver,56,"['/imu', '/rosout']"
1681490429.7700806,64228,1681490429,769560575,,2,/imu_driver,Current time 1681490429 768555164,driver.py,driver,56,"['/imu', '/rosout']"
1681490429.7952528,64229,1681490429,794597387,,2,/imu_driver,Current time 1681490429 793526172,driver.py,driver,56,"['/imu', '/rosout']"
1681490429.820418,64230,1681490429,819981336,,2,/imu_driver,Current time 1681490429 818665027,driver.py,driver,56,"['/imu', '/rosout']"
1681490429.8459096,64231,1681490429,845562696,,2,/imu_driver,Current time 1681490429 843602418,driver.py,driver,56,"['/imu', '/rosout']"
1681490429.870021,64232,1681490429,869652986,,2,/imu_driver,Current time 1681490429 868523359,driver.py,driver,56,"['/imu', '/rosout']"
1681490429.8948953,64233,1681490429,894651651,,2,/imu_driver,Current time 1681490429 893558025,driver.py,driver,56,"['/imu', '/rosout']"
1681490429.9209635,64234,1681490429,919805288,,2,/imu_driver,Current time 1681490429 918581485,driver.py,driver,56,"['/imu', '/rosout']"
1681490429.9459858,64235,1681490429,944850444,,2,/imu_driver,Current time 1681490429 943542480,driver.py,driver,56,"['/imu', '/rosout']"
1681490429.9707851,64236,1681490429,969895839,,2,/imu_driver,Current time 1681490429 968517065,driver.py,driver,56,"['/imu', '/rosout']"
1681490429.9995182,64237,1681490429,995102167,,2,/imu_driver,Current time 1681490429 993642091,driver.py,driver,56,"['/imu', '/rosout']"
1681490430.0198798,64238,1681490430,19629240,,2,/imu_driver,Current time 1681490430 18500328,driver.py,driver,56,"['/imu', '/rosout']"
1681490430.0450296,64239,1681490430,44790744,,2,/imu_driver,Current time 1681490430 43604850,driver.py,driver,56,"['/imu', '/rosout']"
1681490430.0705693,64240,1681490430,69633960,,2,/imu_driver,Current time 1681490430 68365097,driver.py,driver,56,"['/imu', '/rosout']"
1681490430.0964377,64241,1681490430,95355749,,2,/imu_driver,Current time 1681490430 93351364,driver.py,driver,56,"['/imu', '/rosout']"
1681490430.1203787,64242,1681490430,119769573,,2,/imu_driver,Current time 1681490430 118412971,driver.py,driver,56,"['/imu', '/rosout']"
1681490430.1459517,64243,1681490430,145391464,,2,/imu_driver,Current time 1681490430 143947839,driver.py,driver,56,"['/imu', '/rosout']"
1681490430.170183,64244,1681490430,169606924,,2,/imu_driver,Current time 1681490430 168396711,driver.py,driver,56,"['/imu', '/rosout']"
1681490430.1952152,64245,1681490430,194527149,,2,/imu_driver,Current time 1681490430 193282127,driver.py,driver,56,"['/imu', '/rosout']"
1681490430.2202156,64246,1681490430,219491958,,2,/imu_driver,Current time 1681490430 218296289,driver.py,driver,56,"['/imu', '/rosout']"
1681490430.2464786,64247,1681490430,245634317,,2,/imu_driver,Current time 1681490430 243810653,driver.py,driver,56,"['/imu', '/rosout']"
1681490430.2707255,64248,1681490430,269858837,,2,/imu_driver,Current time 1681490430 268349170,driver.py,driver,56,"['/imu', '/rosout']"
1681490430.2949376,64249,1681490430,294360637,,2,/imu_driver,Current time 1681490430 293168306,driver.py,driver,56,"['/imu', '/rosout']"
1681490430.3198082,64250,1681490430,319319248,,2,/imu_driver,Current time 1681490430 318186283,driver.py,driver,56,"['/imu', '/rosout']"
1681490430.3452287,64251,1681490430,344841957,,2,/imu_driver,Current time 1681490430 343142747,driver.py,driver,56,"['/imu', '/rosout']"
1681490430.370031,64252,1681490430,369446516,,2,/imu_driver,Current time 1681490430 368201732,driver.py,driver,56,"['/imu', '/rosout']"
1681490430.3960195,64253,1681490430,395298957,,2,/imu_driver,Current time 1681490430 393161296,driver.py,driver,56,"['/imu', '/rosout']"
1681490430.4195645,64254,1681490430,419310808,,2,/imu_driver,Current time 1681490430 418243169,driver.py,driver,56,"['/imu', '/rosout']"
1681490430.4449193,64255,1681490430,444267272,,2,/imu_driver,Current time 1681490430 443134784,driver.py,driver,56,"['/imu', '/rosout']"
1681490430.4702263,64256,1681490430,469506978,,2,/imu_driver,Current time 1681490430 468225479,driver.py,driver,56,"['/imu', '/rosout']"
1681490430.4968932,64257,1681490430,496492624,,2,/imu_driver,Current time 1681490430 494853734,driver.py,driver,56,"['/imu', '/rosout']"
1681490430.5197318,64258,1681490430,519452571,,2,/imu_driver,Current time 1681490430 518155574,driver.py,driver,56,"['/imu', '/rosout']"
1681490430.54513,64259,1681490430,544266223,,2,/imu_driver,Current time 1681490430 543074131,driver.py,driver,56,"['/imu', '/rosout']"
1681490430.570087,64260,1681490430,569499492,,2,/imu_driver,Current time 1681490430 568338155,driver.py,driver,56,"['/imu', '/rosout']"
1681490430.5969093,64261,1681490430,595569133,,2,/imu_driver,Current time 1681490430 593904495,driver.py,driver,56,"['/imu', '/rosout']"
1681490430.6200805,64262,1681490430,619353294,,2,/imu_driver,Current time 1681490430 618133068,driver.py,driver,56,"['/imu', '/rosout']"
1681490430.6462889,64263,1681490430,644264698,,2,/imu_driver,Current time 1681490430 642989397,driver.py,driver,56,"['/imu', '/rosout']"
1681490430.671906,64264,1681490430,670358896,,2,/imu_driver,Current time 1681490430 668987751,driver.py,driver,56,"['/imu', '/rosout']"
1681490430.6943076,64265,1681490430,694039344,,2,/imu_driver,Current time 1681490430 692994117,driver.py,driver,56,"['/imu', '/rosout']"
1681490430.7193804,64266,1681490430,719122648,,2,/imu_driver,Current time 1681490430 717990875,driver.py,driver,56,"['/imu', '/rosout']"
1681490430.7469358,64267,1681490430,746228933,,2,/imu_driver,Current time 1681490430 744920492,driver.py,driver,56,"['/imu', '/rosout']"
1681490430.7703562,64268,1681490430,769814491,,2,/imu_driver,Current time 1681490430 768805980,driver.py,driver,56,"['/imu', '/rosout']"
1681490430.7958126,64269,1681490430,794718742,,2,/imu_driver,Current time 1681490430 793693780,driver.py,driver,56,"['/imu', '/rosout']"
1681490430.8207097,64270,1681490430,819938659,,2,/imu_driver,Current time 1681490430 818924188,driver.py,driver,56,"['/imu', '/rosout']"
1681490430.8456154,64271,1681490430,844986677,,2,/imu_driver,Current time 1681490430 843894481,driver.py,driver,56,"['/imu', '/rosout']"
1681490430.870044,64272,1681490430,869859218,,2,/imu_driver,Current time 1681490430 868858337,driver.py,driver,56,"['/imu', '/rosout']"
1681490430.8980253,64273,1681490430,895235538,,2,/imu_driver,Current time 1681490430 893750429,driver.py,driver,56,"['/imu', '/rosout']"
1681490430.9204154,64274,1681490430,920039415,,2,/imu_driver,Current time 1681490430 918974637,driver.py,driver,56,"['/imu', '/rosout']"
1681490430.945831,64275,1681490430,944863796,,2,/imu_driver,Current time 1681490430 943804264,driver.py,driver,56,"['/imu', '/rosout']"
1681490430.9706314,64276,1681490430,969876766,,2,/imu_driver,Current time 1681490430 968828439,driver.py,driver,56,"['/imu', '/rosout']"
1681490430.995412,64277,1681490430,994775295,,2,/imu_driver,Current time 1681490430 993608951,driver.py,driver,56,"['/imu', '/rosout']"
1681490431.020452,64278,1681490431,19906044,,2,/imu_driver,Current time 1681490431 18769979,driver.py,driver,56,"['/imu', '/rosout']"
1681490431.0466964,64279,1681490431,45383691,,2,/imu_driver,Current time 1681490431 43914794,driver.py,driver,56,"['/imu', '/rosout']"
1681490431.069901,64280,1681490431,69636106,,2,/imu_driver,Current time 1681490431 68568944,driver.py,driver,56,"['/imu', '/rosout']"
1681490431.0953014,64281,1681490431,94767332,,2,/imu_driver,Current time 1681490431 93772172,driver.py,driver,56,"['/imu', '/rosout']"
1681490431.1203656,64282,1681490431,119686365,,2,/imu_driver,Current time 1681490431 118520736,driver.py,driver,56,"['/imu', '/rosout']"
1681490431.1458037,64283,1681490431,145305156,,2,/imu_driver,Current time 1681490431 144001007,driver.py,driver,56,"['/imu', '/rosout']"
1681490431.1702306,64284,1681490431,169662475,,2,/imu_driver,Current time 1681490431 168722391,driver.py,driver,56,"['/imu', '/rosout']"
1681490431.195052,64285,1681490431,194588661,,2,/imu_driver,Current time 1681490431 193684816,driver.py,driver,56,"['/imu', '/rosout']"
1681490431.2198005,64286,1681490431,219461441,,2,/imu_driver,Current time 1681490431 218415021,driver.py,driver,56,"['/imu', '/rosout']"
1681490431.2467124,64287,1681490431,246008396,,2,/imu_driver,Current time 1681490431 244246244,driver.py,driver,56,"['/imu', '/rosout']"
1681490431.269919,64288,1681490431,269546031,,2,/imu_driver,Current time 1681490431 268458604,driver.py,driver,56,"['/imu', '/rosout']"
1681490431.2949376,64289,1681490431,294520854,,2,/imu_driver,Current time 1681490431 293501138,driver.py,driver,56,"['/imu', '/rosout']"
1681490431.3199809,64290,1681490431,319439411,,2,/imu_driver,Current time 1681490431 318422317,driver.py,driver,56,"['/imu', '/rosout']"
1681490431.3457537,64291,1681490431,345436811,,2,/imu_driver,Current time 1681490431 343648910,driver.py,driver,56,"['/imu', '/rosout']"
1681490431.3700352,64292,1681490431,369459867,,2,/imu_driver,Current time 1681490431 368449211,driver.py,driver,56,"['/imu', '/rosout']"
1681490431.3962588,64293,1681490431,395617723,,2,/imu_driver,Current time 1681490431 393561840,driver.py,driver,56,"['/imu', '/rosout']"
1681490431.419681,64294,1681490431,419174671,,2,/imu_driver,Current time 1681490431 418269157,driver.py,driver,56,"['/imu', '/rosout']"
1681490431.4447885,64295,1681490431,444329261,,2,/imu_driver,Current time 1681490431 443360805,driver.py,driver,56,"['/imu', '/rosout']"
1681490431.469988,64296,1681490431,469652891,,2,/imu_driver,Current time 1681490431 468342542,driver.py,driver,56,"['/imu', '/rosout']"
1681490431.4954596,64297,1681490431,494774818,,2,/imu_driver,Current time 1681490431 493313312,driver.py,driver,56,"['/imu', '/rosout']"
1681490431.5198512,64298,1681490431,519247055,,2,/imu_driver,Current time 1681490431 518375158,driver.py,driver,56,"['/imu', '/rosout']"
1681490431.5460572,64299,1681490431,544514417,,2,/imu_driver,Current time 1681490431 543434381,driver.py,driver,56,"['/imu', '/rosout']"
1681490431.5698211,64300,1681490431,569569826,,2,/imu_driver,Current time 1681490431 568489551,driver.py,driver,56,"['/imu', '/rosout']"
1681490431.594588,64301,1681490431,594372034,,2,/imu_driver,Current time 1681490431 593374013,driver.py,driver,56,"['/imu', '/rosout']"
1681490431.6195905,64302,1681490431,619360446,,2,/imu_driver,Current time 1681490431 618209362,driver.py,driver,56,"['/imu', '/rosout']"
1681490431.6455,64303,1681490431,644793510,,2,/imu_driver,Current time 1681490431 643294572,driver.py,driver,56,"['/imu', '/rosout']"
1681490431.6695642,64304,1681490431,669321060,,2,/imu_driver,Current time 1681490431 668159008,driver.py,driver,56,"['/imu', '/rosout']"
1681490431.6946797,64305,1681490431,694453954,,2,/imu_driver,Current time 1681490431 693251132,driver.py,driver,56,"['/imu', '/rosout']"
1681490431.7197692,64306,1681490431,719518423,,2,/imu_driver,Current time 1681490431 718306064,driver.py,driver,56,"['/imu', '/rosout']"
1681490431.746798,64307,1681490431,746525764,,2,/imu_driver,Current time 1681490431 745309114,driver.py,driver,56,"['/imu', '/rosout']"
1681490431.7694943,64308,1681490431,769272327,,2,/imu_driver,Current time 1681490431 768286943,driver.py,driver,56,"['/imu', '/rosout']"
1681490431.7942502,64309,1681490431,794085741,,2,/imu_driver,Current time 1681490431 793046236,driver.py,driver,56,"['/imu', '/rosout']"
1681490431.8193252,64310,1681490431,819083213,,2,/imu_driver,Current time 1681490431 818142175,driver.py,driver,56,"['/imu', '/rosout']"
1681490431.8445632,64311,1681490431,844207763,,2,/imu_driver,Current time 1681490431 843164205,driver.py,driver,56,"['/imu', '/rosout']"
1681490431.86942,64312,1681490431,869105577,,2,/imu_driver,Current time 1681490431 868076324,driver.py,driver,56,"['/imu', '/rosout']"
1681490431.8952682,64313,1681490431,894394397,,2,/imu_driver,Current time 1681490431 893080234,driver.py,driver,56,"['/imu', '/rosout']"
1681490431.926376,64314,1681490431,923623323,,2,/imu_driver,Current time 1681490431 918708324,driver.py,driver,56,"['/imu', '/rosout']"
1681490431.9496255,64315,1681490431,947978973,,2,/imu_driver,Current time 1681490431 943691968,driver.py,driver,56,"['/imu', '/rosout']"
1681490431.9707327,64316,1681490431,969997167,,2,/imu_driver,Current time 1681490431 968763828,driver.py,driver,56,"['/imu', '/rosout']"
1681490431.9953966,64317,1681490431,995011806,,2,/imu_driver,Current time 1681490431 993611574,driver.py,driver,56,"['/imu', '/rosout']"
1681490432.0205343,64318,1681490432,20134210,,2,/imu_driver,Current time 1681490432 19011020,driver.py,driver,56,"['/imu', '/rosout']"
1681490432.0445626,64319,1681490432,43984174,,2,/imu_driver,Current time 1681490432 42886257,driver.py,driver,56,"['/imu', '/rosout']"
1681490432.0707626,64320,1681490432,70247411,,2,/imu_driver,Current time 1681490432 69054365,driver.py,driver,56,"['/imu', '/rosout']"
1681490432.0945008,64321,1681490432,94132184,,2,/imu_driver,Current time 1681490432 92980384,driver.py,driver,56,"['/imu', '/rosout']"
1681490432.121888,64322,1681490432,121155500,,2,/imu_driver,Current time 1681490432 119886398,driver.py,driver,56,"['/imu', '/rosout']"
1681490432.1458762,64323,1681490432,145559787,,2,/imu_driver,Current time 1681490432 144017219,driver.py,driver,56,"['/imu', '/rosout']"
1681490432.1705039,64324,1681490432,169975996,,2,/imu_driver,Current time 1681490432 168953657,driver.py,driver,56,"['/imu', '/rosout']"
1681490432.1952555,64325,1681490432,195021867,,2,/imu_driver,Current time 1681490432 193940639,driver.py,driver,56,"['/imu', '/rosout']"
1681490432.220935,64326,1681490432,220055341,,2,/imu_driver,Current time 1681490432 218827962,driver.py,driver,56,"['/imu', '/rosout']"
1681490432.2456295,64327,1681490432,245398044,,2,/imu_driver,Current time 1681490432 243795633,driver.py,driver,56,"['/imu', '/rosout']"
1681490432.270257,64328,1681490432,270011186,,2,/imu_driver,Current time 1681490432 268916368,driver.py,driver,56,"['/imu', '/rosout']"
1681490432.295136,64329,1681490432,294959783,,2,/imu_driver,Current time 1681490432 293865919,driver.py,driver,56,"['/imu', '/rosout']"
1681490432.3199646,64330,1681490432,319688081,,2,/imu_driver,Current time 1681490432 318683385,driver.py,driver,56,"['/imu', '/rosout']"
1681490432.3450036,64331,1681490432,344854116,,2,/imu_driver,Current time 1681490432 343862056,driver.py,driver,56,"['/imu', '/rosout']"
1681490432.3698592,64332,1681490432,369587182,,2,/imu_driver,Current time 1681490432 368645668,driver.py,driver,56,"['/imu', '/rosout']"
1681490432.3959053,64333,1681490432,395674467,,2,/imu_driver,Current time 1681490432 394266366,driver.py,driver,56,"['/imu', '/rosout']"
1681490432.4200635,64334,1681490432,419731140,,2,/imu_driver,Current time 1681490432 418744802,driver.py,driver,56,"['/imu', '/rosout']"
1681490432.4450908,64335,1681490432,444825410,,2,/imu_driver,Current time 1681490432 443766117,driver.py,driver,56,"['/imu', '/rosout']"
1681490432.4700487,64336,1681490432,469793796,,2,/imu_driver,Current time 1681490432 468592405,driver.py,driver,56,"['/imu', '/rosout']"
1681490432.497884,64337,1681490432,497672080,,2,/imu_driver,Current time 1681490432 496327877,driver.py,driver,56,"['/imu', '/rosout']"
1681490432.5198832,64338,1681490432,519672155,,2,/imu_driver,Current time 1681490432 518580198,driver.py,driver,56,"['/imu', '/rosout']"
1681490432.5455482,64339,1681490432,545259475,,2,/imu_driver,Current time 1681490432 543920755,driver.py,driver,56,"['/imu', '/rosout']"
1681490432.5697289,64340,1681490432,569476127,,2,/imu_driver,Current time 1681490432 568558931,driver.py,driver,56,"['/imu', '/rosout']"
1681490432.5953126,64341,1681490432,594681024,,2,/imu_driver,Current time 1681490432 593652009,driver.py,driver,56,"['/imu', '/rosout']"
1681490432.620615,64342,1681490432,619688749,,2,/imu_driver,Current time 1681490432 618566513,driver.py,driver,56,"['/imu', '/rosout']"
1681490432.6456633,64343,1681490432,644949674,,2,/imu_driver,Current time 1681490432 643438339,driver.py,driver,56,"['/imu', '/rosout']"
1681490432.6714387,64344,1681490432,670396089,,2,/imu_driver,Current time 1681490432 668664932,driver.py,driver,56,"['/imu', '/rosout']"
1681490432.6952608,64345,1681490432,694693565,,2,/imu_driver,Current time 1681490432 693597078,driver.py,driver,56,"['/imu', '/rosout']"
1681490432.7197006,64346,1681490432,719539642,,2,/imu_driver,Current time 1681490432 718475580,driver.py,driver,56,"['/imu', '/rosout']"
1681490432.746565,64347,1681490432,745629549,,2,/imu_driver,Current time 1681490432 743538379,driver.py,driver,56,"['/imu', '/rosout']"
1681490432.7701595,64348,1681490432,769678115,,2,/imu_driver,Current time 1681490432 768500804,driver.py,driver,56,"['/imu', '/rosout']"
1681490432.7953572,64349,1681490432,794750690,,2,/imu_driver,Current time 1681490432 793525934,driver.py,driver,56,"['/imu', '/rosout']"
1681490432.820383,64350,1681490432,819710016,,2,/imu_driver,Current time 1681490432 818459987,driver.py,driver,56,"['/imu', '/rosout']"
1681490432.8451712,64351,1681490432,844681024,,2,/imu_driver,Current time 1681490432 843465805,driver.py,driver,56,"['/imu', '/rosout']"
1681490432.8697493,64352,1681490432,869464874,,2,/imu_driver,Current time 1681490432 868398189,driver.py,driver,56,"['/imu', '/rosout']"
1681490432.8951652,64353,1681490432,894755125,,2,/imu_driver,Current time 1681490432 893368005,driver.py,driver,56,"['/imu', '/rosout']"
1681490432.9201927,64354,1681490432,919469594,,2,/imu_driver,Current time 1681490432 918347835,driver.py,driver,56,"['/imu', '/rosout']"
1681490432.944881,64355,1681490432,944185495,,2,/imu_driver,Current time 1681490432 943237066,driver.py,driver,56,"['/imu', '/rosout']"
1681490432.9699094,64356,1681490432,969294309,,2,/imu_driver,Current time 1681490432 968290090,driver.py,driver,56,"['/imu', '/rosout']"
1681490432.9959848,64357,1681490432,995220422,,2,/imu_driver,Current time 1681490432 993802785,driver.py,driver,56,"['/imu', '/rosout']"
1681490433.0199614,64358,1681490433,19335269,,2,/imu_driver,Current time 1681490433 18392086,driver.py,driver,56,"['/imu', '/rosout']"
1681490433.0451334,64359,1681490433,44427871,,2,/imu_driver,Current time 1681490433 43198108,driver.py,driver,56,"['/imu', '/rosout']"
1681490433.070057,64360,1681490433,69323539,,2,/imu_driver,Current time 1681490433 68387269,driver.py,driver,56,"['/imu', '/rosout']"
1681490433.0947876,64361,1681490433,94316720,,2,/imu_driver,Current time 1681490433 93278169,driver.py,driver,56,"['/imu', '/rosout']"
1681490433.1198654,64362,1681490433,119259357,,2,/imu_driver,Current time 1681490433 118159055,driver.py,driver,56,"['/imu', '/rosout']"
1681490433.1456306,64363,1681490433,144784688,,2,/imu_driver,Current time 1681490433 143151044,driver.py,driver,56,"['/imu', '/rosout']"
1681490433.1700788,64364,1681490433,169330596,,2,/imu_driver,Current time 1681490433 168176651,driver.py,driver,56,"['/imu', '/rosout']"
1681490433.1947536,64365,1681490433,194139480,,2,/imu_driver,Current time 1681490433 193064689,driver.py,driver,56,"['/imu', '/rosout']"
1681490433.2200253,64366,1681490433,219266414,,2,/imu_driver,Current time 1681490433 218168020,driver.py,driver,56,"['/imu', '/rosout']"
1681490433.2461948,64367,1681490433,245630979,,2,/imu_driver,Current time 1681490433 243839740,driver.py,driver,56,"['/imu', '/rosout']"
1681490433.2693667,64368,1681490433,269121646,,2,/imu_driver,Current time 1681490433 268164873,driver.py,driver,56,"['/imu', '/rosout']"
1681490433.2943687,64369,1681490433,294185876,,2,/imu_driver,Current time 1681490433 292979240,driver.py,driver,56,"['/imu', '/rosout']"
1681490433.320284,64370,1681490433,319407701,,2,/imu_driver,Current time 1681490433 318139791,driver.py,driver,56,"['/imu', '/rosout']"
1681490433.3448677,64371,1681490433,344088554,,2,/imu_driver,Current time 1681490433 343029737,driver.py,driver,56,"['/imu', '/rosout']"
1681490433.3695178,64372,1681490433,369068622,,2,/imu_driver,Current time 1681490433 367985010,driver.py,driver,56,"['/imu', '/rosout']"
1681490433.3951495,64373,1681490433,394080400,,2,/imu_driver,Current time 1681490433 392954111,driver.py,driver,56,"['/imu', '/rosout']"
1681490433.4205072,64374,1681490433,420036792,,2,/imu_driver,Current time 1681490433 419036865,driver.py,driver,56,"['/imu', '/rosout']"
1681490433.444816,64375,1681490433,444053173,,2,/imu_driver,Current time 1681490433 443041801,driver.py,driver,56,"['/imu', '/rosout']"
1681490433.4703598,64376,1681490433,470091342,,2,/imu_driver,Current time 1681490433 468902587,driver.py,driver,56,"['/imu', '/rosout']"
1681490433.4944677,64377,1681490433,493952751,,2,/imu_driver,Current time 1681490433 492851257,driver.py,driver,56,"['/imu', '/rosout']"
1681490433.5202649,64378,1681490433,519942760,,2,/imu_driver,Current time 1681490433 518957138,driver.py,driver,56,"['/imu', '/rosout']"
1681490433.5455422,64379,1681490433,545236110,,2,/imu_driver,Current time 1681490433 543809890,driver.py,driver,56,"['/imu', '/rosout']"
1681490433.5701702,64380,1681490433,569946765,,2,/imu_driver,Current time 1681490433 568827629,driver.py,driver,56,"['/imu', '/rosout']"
1681490433.594793,64381,1681490433,594625473,,2,/imu_driver,Current time 1681490433 593703508,driver.py,driver,56,"['/imu', '/rosout']"
1681490433.6205745,64382,1681490433,620388746,,2,/imu_driver,Current time 1681490433 619063615,driver.py,driver,56,"['/imu', '/rosout']"
1681490433.6455657,64383,1681490433,645330190,,2,/imu_driver,Current time 1681490433 643798112,driver.py,driver,56,"['/imu', '/rosout']"
1681490433.6699593,64384,1681490433,669743776,,2,/imu_driver,Current time 1681490433 668755769,driver.py,driver,56,"['/imu', '/rosout']"
1681490433.6954124,64385,1681490433,695014476,,2,/imu_driver,Current time 1681490433 693874835,driver.py,driver,56,"['/imu', '/rosout']"
1681490433.7201962,64386,1681490433,719974994,,2,/imu_driver,Current time 1681490433 718728542,driver.py,driver,56,"['/imu', '/rosout']"
1681490433.7449288,64387,1681490433,744717836,,2,/imu_driver,Current time 1681490433 743717908,driver.py,driver,56,"['/imu', '/rosout']"
1681490433.7700653,64388,1681490433,769853591,,2,/imu_driver,Current time 1681490433 768799304,driver.py,driver,56,"['/imu', '/rosout']"
1681490433.795346,64389,1681490433,795091152,,2,/imu_driver,Current time 1681490433 793751239,driver.py,driver,56,"['/imu', '/rosout']"
1681490433.820705,64390,1681490433,820430040,,2,/imu_driver,Current time 1681490433 818901300,driver.py,driver,56,"['/imu', '/rosout']"
1681490433.84517,64391,1681490433,844660997,,2,/imu_driver,Current time 1681490433 843580961,driver.py,driver,56,"['/imu', '/rosout']"
1681490433.870365,64392,1681490433,869819879,,2,/imu_driver,Current time 1681490433 868541240,driver.py,driver,56,"['/imu', '/rosout']"
1681490433.8958595,64393,1681490433,895286321,,2,/imu_driver,Current time 1681490433 893823862,driver.py,driver,56,"['/imu', '/rosout']"
1681490433.9206545,64394,1681490433,919980525,,2,/imu_driver,Current time 1681490433 918718814,driver.py,driver,56,"['/imu', '/rosout']"
1681490433.9459267,64395,1681490433,944869995,,2,/imu_driver,Current time 1681490433 943578004,driver.py,driver,56,"['/imu', '/rosout']"
1681490433.9700792,64396,1681490433,969787597,,2,/imu_driver,Current time 1681490433 968550205,driver.py,driver,56,"['/imu', '/rosout']"
1681490433.995836,64397,1681490433,995182275,,2,/imu_driver,Current time 1681490433 993717670,driver.py,driver,56,"['/imu', '/rosout']"
1681490434.020044,64398,1681490434,19546508,,2,/imu_driver,Current time 1681490434 18580913,driver.py,driver,56,"['/imu', '/rosout']"
1681490434.0455718,64399,1681490434,44827699,,2,/imu_driver,Current time 1681490434 43415307,driver.py,driver,56,"['/imu', '/rosout']"
1681490434.0705068,64400,1681490434,69887399,,2,/imu_driver,Current time 1681490434 68451404,driver.py,driver,56,"['/imu', '/rosout']"
1681490434.0952866,64401,1681490434,94571352,,2,/imu_driver,Current time 1681490434 93416213,driver.py,driver,56,"['/imu', '/rosout']"
1681490434.1223035,64402,1681490434,119780302,,2,/imu_driver,Current time 1681490434 118482589,driver.py,driver,56,"['/imu', '/rosout']"
1681490434.1481762,64403,1681490434,147956848,,2,/imu_driver,Current time 1681490434 145806789,driver.py,driver,56,"['/imu', '/rosout']"
1681490434.1700191,64404,1681490434,169408798,,2,/imu_driver,Current time 1681490434 168300867,driver.py,driver,56,"['/imu', '/rosout']"
1681490434.1954408,64405,1681490434,194641828,,2,/imu_driver,Current time 1681490434 193406581,driver.py,driver,56,"['/imu', '/rosout']"
1681490434.219837,64406,1681490434,219343423,,2,/imu_driver,Current time 1681490434 218402385,driver.py,driver,56,"['/imu', '/rosout']"
1681490434.244979,64407,1681490434,244474411,,2,/imu_driver,Current time 1681490434 243461132,driver.py,driver,56,"['/imu', '/rosout']"
1681490434.270139,64408,1681490434,269442558,,2,/imu_driver,Current time 1681490434 268445014,driver.py,driver,56,"['/imu', '/rosout']"
1681490434.2961972,64409,1681490434,295486927,,2,/imu_driver,Current time 1681490434 293935537,driver.py,driver,56,"['/imu', '/rosout']"
1681490434.3197565,64410,1681490434,319208860,,2,/imu_driver,Current time 1681490434 318187236,driver.py,driver,56,"['/imu', '/rosout']"
1681490434.3448997,64411,1681490434,344214677,,2,/imu_driver,Current time 1681490434 343240976,driver.py,driver,56,"['/imu', '/rosout']"
1681490434.3701549,64412,1681490434,369919061,,2,/imu_driver,Current time 1681490434 368555307,driver.py,driver,56,"['/imu', '/rosout']"
1681490434.3948839,64413,1681490434,394285202,,2,/imu_driver,Current time 1681490434 393261909,driver.py,driver,56,"['/imu', '/rosout']"
1681490434.419744,64414,1681490434,419190645,,2,/imu_driver,Current time 1681490434 418091297,driver.py,driver,56,"['/imu', '/rosout']"
1681490434.4454315,64415,1681490434,444742918,,2,/imu_driver,Current time 1681490434 443091392,driver.py,driver,56,"['/imu', '/rosout']"
1681490434.4703307,64416,1681490434,469645500,,2,/imu_driver,Current time 1681490434 468209266,driver.py,driver,56,"['/imu', '/rosout']"
1681490434.4947946,64417,1681490434,494183063,,2,/imu_driver,Current time 1681490434 493224382,driver.py,driver,56,"['/imu', '/rosout']"
1681490434.5195215,64418,1681490434,519071817,,2,/imu_driver,Current time 1681490434 518040180,driver.py,driver,56,"['/imu', '/rosout']"
1681490434.5455513,64419,1681490434,544617176,,2,/imu_driver,Current time 1681490434 543141841,driver.py,driver,56,"['/imu', '/rosout']"
1681490434.569828,64420,1681490434,569212675,,2,/imu_driver,Current time 1681490434 568194627,driver.py,driver,56,"['/imu', '/rosout']"
1681490434.5945258,64421,1681490434,594135522,,2,/imu_driver,Current time 1681490434 593153715,driver.py,driver,56,"['/imu', '/rosout']"
1681490434.619712,64422,1681490434,619028329,,2,/imu_driver,Current time 1681490434 617916822,driver.py,driver,56,"['/imu', '/rosout']"
1681490434.6470983,64423,1681490434,645513534,,2,/imu_driver,Current time 1681490434 643007755,driver.py,driver,56,"['/imu', '/rosout']"
1681490434.6703098,64424,1681490434,670005321,,2,/imu_driver,Current time 1681490434 669023513,driver.py,driver,56,"['/imu', '/rosout']"
1681490434.6947484,64425,1681490434,694158554,,2,/imu_driver,Current time 1681490434 693037748,driver.py,driver,56,"['/imu', '/rosout']"
1681490434.7206862,64426,1681490434,720010519,,2,/imu_driver,Current time 1681490434 718994140,driver.py,driver,56,"['/imu', '/rosout']"
1681490434.745227,64427,1681490434,744894027,,2,/imu_driver,Current time 1681490434 743855476,driver.py,driver,56,"['/imu', '/rosout']"
1681490434.770096,64428,1681490434,769827365,,2,/imu_driver,Current time 1681490434 768790006,driver.py,driver,56,"['/imu', '/rosout']"
1681490434.7959213,64429,1681490434,795613527,,2,/imu_driver,Current time 1681490434 794187784,driver.py,driver,56,"['/imu', '/rosout']"
1681490434.8201826,64430,1681490434,819912910,,2,/imu_driver,Current time 1681490434 818815231,driver.py,driver,56,"['/imu', '/rosout']"
1681490434.8502846,64431,1681490434,849729776,,2,/imu_driver,Current time 1681490434 848554611,driver.py,driver,56,"['/imu', '/rosout']"
1681490434.8706577,64432,1681490434,870032787,,2,/imu_driver,Current time 1681490434 868932962,driver.py,driver,56,"['/imu', '/rosout']"
1681490434.8948617,64433,1681490434,894151210,,2,/imu_driver,Current time 1681490434 892853736,driver.py,driver,56,"['/imu', '/rosout']"
1681490434.9202976,64434,1681490434,920011997,,2,/imu_driver,Current time 1681490434 918904781,driver.py,driver,56,"['/imu', '/rosout']"
1681490434.9467869,64435,1681490434,945277929,,2,/imu_driver,Current time 1681490434 943783998,driver.py,driver,56,"['/imu', '/rosout']"
1681490434.9701965,64436,1681490434,969719886,,2,/imu_driver,Current time 1681490434 968729257,driver.py,driver,56,"['/imu', '/rosout']"
1681490434.995335,64437,1681490434,994809627,,2,/imu_driver,Current time 1681490434 993765830,driver.py,driver,56,"['/imu', '/rosout']"
1681490435.022738,64438,1681490435,19958019,,2,/imu_driver,Current time 1681490435 18866539,driver.py,driver,56,"['/imu', '/rosout']"
1681490435.049826,64439,1681490435,49577474,,2,/imu_driver,Current time 1681490435 46671867,driver.py,driver,56,"['/imu', '/rosout']"
1681490435.0701244,64440,1681490435,69919824,,2,/imu_driver,Current time 1681490435 68651914,driver.py,driver,56,"['/imu', '/rosout']"
1681490435.0951262,64441,1681490435,94886302,,2,/imu_driver,Current time 1681490435 93733310,driver.py,driver,56,"['/imu', '/rosout']"
1681490435.1203792,64442,1681490435,120138168,,2,/imu_driver,Current time 1681490435 118759632,driver.py,driver,56,"['/imu', '/rosout']"
1681490435.150024,64443,1681490435,145868539,,2,/imu_driver,Current time 1681490435 144365549,driver.py,driver,56,"['/imu', '/rosout']"
1681490435.1702373,64444,1681490435,169695138,,2,/imu_driver,Current time 1681490435 168657779,driver.py,driver,56,"['/imu', '/rosout']"
1681490435.1954486,64445,1681490435,194918394,,2,/imu_driver,Current time 1681490435 193619966,driver.py,driver,56,"['/imu', '/rosout']"
1681490435.2205088,64446,1681490435,219800472,,2,/imu_driver,Current time 1681490435 218709468,driver.py,driver,56,"['/imu', '/rosout']"
1681490435.2451684,64447,1681490435,244701862,,2,/imu_driver,Current time 1681490435 243676662,driver.py,driver,56,"['/imu', '/rosout']"
1681490435.2699947,64448,1681490435,269512176,,2,/imu_driver,Current time 1681490435 268581151,driver.py,driver,56,"['/imu', '/rosout']"
1681490435.2977328,64449,1681490435,297144174,,2,/imu_driver,Current time 1681490435 295421361,driver.py,driver,56,"['/imu', '/rosout']"
1681490435.3202722,64450,1681490435,319648504,,2,/imu_driver,Current time 1681490435 318523406,driver.py,driver,56,"['/imu', '/rosout']"
1681490435.3452501,64451,1681490435,344788789,,2,/imu_driver,Current time 1681490435 343750000,driver.py,driver,56,"['/imu', '/rosout']"
1681490435.369866,64452,1681490435,369602918,,2,/imu_driver,Current time 1681490435 368556976,driver.py,driver,56,"['/imu', '/rosout']"
1681490435.3955743,64453,1681490435,394808053,,2,/imu_driver,Current time 1681490435 393461704,driver.py,driver,56,"['/imu', '/rosout']"
1681490435.4194512,64454,1681490435,419243812,,2,/imu_driver,Current time 1681490435 418415546,driver.py,driver,56,"['/imu', '/rosout']"
1681490435.4448345,64455,1681490435,444589853,,2,/imu_driver,Current time 1681490435 443417072,driver.py,driver,56,"['/imu', '/rosout']"
1681490435.4695592,64456,1681490435,469356298,,2,/imu_driver,Current time 1681490435 468331098,driver.py,driver,56,"['/imu', '/rosout']"
1681490435.4946194,64457,1681490435,494427680,,2,/imu_driver,Current time 1681490435 493414640,driver.py,driver,56,"['/imu', '/rosout']"
1681490435.5197926,64458,1681490435,519291639,,2,/imu_driver,Current time 1681490435 518441915,driver.py,driver,56,"['/imu', '/rosout']"
1681490435.5468035,64459,1681490435,545860767,,2,/imu_driver,Current time 1681490435 544399261,driver.py,driver,56,"['/imu', '/rosout']"
1681490435.5697584,64460,1681490435,569361448,,2,/imu_driver,Current time 1681490435 568309068,driver.py,driver,56,"['/imu', '/rosout']"
1681490435.5948977,64461,1681490435,594277858,,2,/imu_driver,Current time 1681490435 593311309,driver.py,driver,56,"['/imu', '/rosout']"
1681490435.6198053,64462,1681490435,619338274,,2,/imu_driver,Current time 1681490435 618345975,driver.py,driver,56,"['/imu', '/rosout']"
1681490435.645278,64463,1681490435,644734859,,2,/imu_driver,Current time 1681490435 643275499,driver.py,driver,56,"['/imu', '/rosout']"
1681490435.6695952,64464,1681490435,669230222,,2,/imu_driver,Current time 1681490435 668202161,driver.py,driver,56,"['/imu', '/rosout']"
1681490435.6969872,64465,1681490435,695945024,,2,/imu_driver,Current time 1681490435 693249225,driver.py,driver,56,"['/imu', '/rosout']"
1681490435.7197716,64466,1681490435,719217061,,2,/imu_driver,Current time 1681490435 718259811,driver.py,driver,56,"['/imu', '/rosout']"
1681490435.7444713,64467,1681490435,744194269,,2,/imu_driver,Current time 1681490435 743164062,driver.py,driver,56,"['/imu', '/rosout']"
1681490435.7694557,64468,1681490435,769181013,,2,/imu_driver,Current time 1681490435 768065452,driver.py,driver,56,"['/imu', '/rosout']"
1681490435.795059,64469,1681490435,794380426,,2,/imu_driver,Current time 1681490435 793098688,driver.py,driver,56,"['/imu', '/rosout']"
1681490435.8194094,64470,1681490435,819173812,,2,/imu_driver,Current time 1681490435 818124294,driver.py,driver,56,"['/imu', '/rosout']"
1681490435.8445635,64471,1681490435,844268560,,2,/imu_driver,Current time 1681490435 843332767,driver.py,driver,56,"['/imu', '/rosout']"
1681490435.8698404,64472,1681490435,869149208,,2,/imu_driver,Current time 1681490435 868027448,driver.py,driver,56,"['/imu', '/rosout']"
1681490435.8945076,64473,1681490435,894089221,,2,/imu_driver,Current time 1681490435 892983913,driver.py,driver,56,"['/imu', '/rosout']"
1681490435.920526,64474,1681490435,920101404,,2,/imu_driver,Current time 1681490435 918630599,driver.py,driver,56,"['/imu', '/rosout']"
1681490435.9463596,64475,1681490435,946108341,,2,/imu_driver,Current time 1681490435 944856643,driver.py,driver,56,"['/imu', '/rosout']"
1681490435.9709492,64476,1681490435,970187664,,2,/imu_driver,Current time 1681490435 969062089,driver.py,driver,56,"['/imu', '/rosout']"
1681490435.9957163,64477,1681490435,995462417,,2,/imu_driver,Current time 1681490435 994246721,driver.py,driver,56,"['/imu', '/rosout']"
1681490436.0205193,64478,1681490436,20141839,,2,/imu_driver,Current time 1681490436 19003391,driver.py,driver,56,"['/imu', '/rosout']"
1681490436.04603,64479,1681490436,45409440,,2,/imu_driver,Current time 1681490436 43936252,driver.py,driver,56,"['/imu', '/rosout']"
1681490436.0703635,64480,1681490436,69972276,,2,/imu_driver,Current time 1681490436 68913698,driver.py,driver,56,"['/imu', '/rosout']"
1681490436.0953472,64481,1681490436,94878911,,2,/imu_driver,Current time 1681490436 93858480,driver.py,driver,56,"['/imu', '/rosout']"
1681490436.1216412,64482,1681490436,119847774,,2,/imu_driver,Current time 1681490436 118721723,driver.py,driver,56,"['/imu', '/rosout']"
1681490436.1582801,64483,1681490436,152023077,,2,/imu_driver,Current time 1681490436 148088932,driver.py,driver,56,"['/imu', '/rosout']"
1681490436.1707149,64484,1681490436,169974327,,2,/imu_driver,Current time 1681490436 168773889,driver.py,driver,56,"['/imu', '/rosout']"
1681490436.195723,64485,1681490436,195153713,,2,/imu_driver,Current time 1681490436 193853378,driver.py,driver,56,"['/imu', '/rosout']"
1681490436.220769,64486,1681490436,220156908,,2,/imu_driver,Current time 1681490436 218945980,driver.py,driver,56,"['/imu', '/rosout']"
1681490436.2455869,64487,1681490436,245030164,,2,/imu_driver,Current time 1681490436 243835210,driver.py,driver,56,"['/imu', '/rosout']"
1681490436.270416,64488,1681490436,269995927,,2,/imu_driver,Current time 1681490436 268820285,driver.py,driver,56,"['/imu', '/rosout']"
1681490436.2980206,64489,1681490436,297124862,,2,/imu_driver,Current time 1681490436 294895172,driver.py,driver,56,"['/imu', '/rosout']"
1681490436.3200672,64490,1681490436,319774150,,2,/imu_driver,Current time 1681490436 318799257,driver.py,driver,56,"['/imu', '/rosout']"
1681490436.3458552,64491,1681490436,344928979,,2,/imu_driver,Current time 1681490436 343720912,driver.py,driver,56,"['/imu', '/rosout']"
1681490436.370181,64492,1681490436,369693756,,2,/imu_driver,Current time 1681490436 368645668,driver.py,driver,56,"['/imu', '/rosout']"
1681490436.3950462,64493,1681490436,394800662,,2,/imu_driver,Current time 1681490436 393821001,driver.py,driver,56,"['/imu', '/rosout']"
1681490436.4209964,64494,1681490436,419734001,,2,/imu_driver,Current time 1681490436 418733835,driver.py,driver,56,"['/imu', '/rosout']"
1681490436.448265,64495,1681490436,447134256,,2,/imu_driver,Current time 1681490436 446004152,driver.py,driver,56,"['/imu', '/rosout']"
1681490436.4696555,64496,1681490436,469480514,,2,/imu_driver,Current time 1681490436 468489170,driver.py,driver,56,"['/imu', '/rosout']"
1681490436.494751,64497,1681490436,494572639,,2,/imu_driver,Current time 1681490436 493619680,driver.py,driver,56,"['/imu', '/rosout']"
1681490436.5202873,64498,1681490436,519676208,,2,/imu_driver,Current time 1681490436 518617868,driver.py,driver,56,"['/imu', '/rosout']"
1681490436.546216,64499,1681490436,545241355,,2,/imu_driver,Current time 1681490436 543924808,driver.py,driver,56,"['/imu', '/rosout']"
1681490436.5701268,64500,1681490436,569616317,,2,/imu_driver,Current time 1681490436 568562507,driver.py,driver,56,"['/imu', '/rosout']"
1681490436.5950003,64501,1681490436,594518899,,2,/imu_driver,Current time 1681490436 593511819,driver.py,driver,56,"['/imu', '/rosout']"
1681490436.6201506,64502,1681490436,619549512,,2,/imu_driver,Current time 1681490436 618610620,driver.py,driver,56,"['/imu', '/rosout']"
1681490436.6449003,64503,1681490436,644475698,,2,/imu_driver,Current time 1681490436 643517494,driver.py,driver,56,"['/imu', '/rosout']"
1681490436.670234,64504,1681490436,669566869,,2,/imu_driver,Current time 1681490436 668611526,driver.py,driver,56,"['/imu', '/rosout']"
1681490436.695205,64505,1681490436,694744825,,2,/imu_driver,Current time 1681490436 693458080,driver.py,driver,56,"['/imu', '/rosout']"
1681490436.72004,64506,1681490436,719433069,,2,/imu_driver,Current time 1681490436 718517780,driver.py,driver,56,"['/imu', '/rosout']"
1681490436.744834,64507,1681490436,744322776,,2,/imu_driver,Current time 1681490436 743347883,driver.py,driver,56,"['/imu', '/rosout']"
1681490436.7703538,64508,1681490436,769659757,,2,/imu_driver,Current time 1681490436 768562316,driver.py,driver,56,"['/imu', '/rosout']"
1681490436.7948866,64509,1681490436,794604539,,2,/imu_driver,Current time 1681490436 793323040,driver.py,driver,56,"['/imu', '/rosout']"
1681490436.8194854,64510,1681490436,819313049,,2,/imu_driver,Current time 1681490436 818291187,driver.py,driver,56,"['/imu', '/rosout']"
1681490436.8446455,64511,1681490436,844423770,,2,/imu_driver,Current time 1681490436 843403339,driver.py,driver,56,"['/imu', '/rosout']"
1681490436.8696675,64512,1681490436,869422912,,2,/imu_driver,Current time 1681490436 868503808,driver.py,driver,56,"['/imu', '/rosout']"
1681490436.8944511,64513,1681490436,894310951,,2,/imu_driver,Current time 1681490436 893305063,driver.py,driver,56,"['/imu', '/rosout']"
1681490436.919435,64514,1681490436,919241905,,2,/imu_driver,Current time 1681490436 918199300,driver.py,driver,56,"['/imu', '/rosout']"
1681490436.945637,64515,1681490436,944969654,,2,/imu_driver,Current time 1681490436 943379163,driver.py,driver,56,"['/imu', '/rosout']"
1681490436.969594,64516,1681490436,969381809,,2,/imu_driver,Current time 1681490436 968311548,driver.py,driver,56,"['/imu', '/rosout']"
1681490436.9943757,64517,1681490436,994229316,,2,/imu_driver,Current time 1681490436 993252754,driver.py,driver,56,"['/imu', '/rosout']"
1681490437.0197935,64518,1681490437,19532442,,2,/imu_driver,Current time 1681490437 18214702,driver.py,driver,56,"['/imu', '/rosout']"
1681490437.0469992,64519,1681490437,46641111,,2,/imu_driver,Current time 1681490437 43514251,driver.py,driver,56,"['/imu', '/rosout']"
1681490437.0697956,64520,1681490437,69513559,,2,/imu_driver,Current time 1681490437 68302154,driver.py,driver,56,"['/imu', '/rosout']"
1681490437.0945435,64521,1681490437,94349145,,2,/imu_driver,Current time 1681490437 93188762,driver.py,driver,56,"['/imu', '/rosout']"
1681490437.1194305,64522,1681490437,119284152,,2,/imu_driver,Current time 1681490437 118349313,driver.py,driver,56,"['/imu', '/rosout']"
1681490437.1444216,64523,1681490437,144229650,,2,/imu_driver,Current time 1681490437 143171548,driver.py,driver,56,"['/imu', '/rosout']"
1681490437.1698718,64524,1681490437,169489145,,2,/imu_driver,Current time 1681490437 168168306,driver.py,driver,56,"['/imu', '/rosout']"
1681490437.1952348,64525,1681490437,194245100,,2,/imu_driver,Current time 1681490437 193067550,driver.py,driver,56,"['/imu', '/rosout']"
1681490437.2199867,64526,1681490437,219392776,,2,/imu_driver,Current time 1681490437 218200683,driver.py,driver,56,"['/imu', '/rosout']"
1681490437.2447681,64527,1681490437,244307518,,2,/imu_driver,Current time 1681490437 243160486,driver.py,driver,56,"['/imu', '/rosout']"
1681490437.269726,64528,1681490437,269253492,,2,/imu_driver,Current time 1681490437 268091678,driver.py,driver,56,"['/imu', '/rosout']"
1681490437.2950938,64529,1681490437,294744253,,2,/imu_driver,Current time 1681490437 293142795,driver.py,driver,56,"['/imu', '/rosout']"
1681490437.3213546,64530,1681490437,320402383,,2,/imu_driver,Current time 1681490437 318938016,driver.py,driver,56,"['/imu', '/rosout']"
1681490437.3463154,64531,1681490437,345468521,,2,/imu_driver,Current time 1681490437 344020843,driver.py,driver,56,"['/imu', '/rosout']"
1681490437.371554,64532,1681490437,370584249,,2,/imu_driver,Current time 1681490437 369081497,driver.py,driver,56,"['/imu', '/rosout']"
1681490437.3943331,64533,1681490437,394057512,,2,/imu_driver,Current time 1681490437 392947435,driver.py,driver,56,"['/imu', '/rosout']"
1681490437.4203315,64534,1681490437,420082569,,2,/imu_driver,Current time 1681490437 418929338,driver.py,driver,56,"['/imu', '/rosout']"
1681490437.4461532,64535,1681490437,445822954,,2,/imu_driver,Current time 1681490437 443994283,driver.py,driver,56,"['/imu', '/rosout']"
1681490437.4703865,64536,1681490437,470097303,,2,/imu_driver,Current time 1681490437 468956470,driver.py,driver,56,"['/imu', '/rosout']"
1681490437.495256,64537,1681490437,494980812,,2,/imu_driver,Current time 1681490437 493973970,driver.py,driver,56,"['/imu', '/rosout']"
1681490437.5208151,64538,1681490437,520006895,,2,/imu_driver,Current time 1681490437 518833398,driver.py,driver,56,"['/imu', '/rosout']"
1681490437.5478232,64539,1681490437,546945810,,2,/imu_driver,Current time 1681490437 545778274,driver.py,driver,56,"['/imu', '/rosout']"
1681490437.57035,64540,1681490437,570038557,,2,/imu_driver,Current time 1681490437 568954229,driver.py,driver,56,"['/imu', '/rosout']"
1681490437.5974946,64541,1681490437,596169710,,2,/imu_driver,Current time 1681490437 594092607,driver.py,driver,56,"['/imu', '/rosout']"
1681490437.6202881,64542,1681490437,619725942,,2,/imu_driver,Current time 1681490437 618759632,driver.py,driver,56,"['/imu', '/rosout']"
1681490437.645281,64543,1681490437,644748449,,2,/imu_driver,Current time 1681490437 643726348,driver.py,driver,56,"['/imu', '/rosout']"
1681490437.6704571,64544,1681490437,669918060,,2,/imu_driver,Current time 1681490437 668846845,driver.py,driver,56,"['/imu', '/rosout']"
1681490437.6959665,64545,1681490437,695735216,,2,/imu_driver,Current time 1681490437 694378137,driver.py,driver,56,"['/imu', '/rosout']"
1681490437.7202637,64546,1681490437,719968795,,2,/imu_driver,Current time 1681490437 718772888,driver.py,driver,56,"['/imu', '/rosout']"
1681490437.7454407,64547,1681490437,745111465,,2,/imu_driver,Current time 1681490437 743865489,driver.py,driver,56,"['/imu', '/rosout']"
1681490437.7700946,64548,1681490437,769802570,,2,/imu_driver,Current time 1681490437 768714427,driver.py,driver,56,"['/imu', '/rosout']"
1681490437.7973318,64549,1681490437,796833992,,2,/imu_driver,Current time 1681490437 795601367,driver.py,driver,56,"['/imu', '/rosout']"
1681490437.8202567,64550,1681490437,819793462,,2,/imu_driver,Current time 1681490437 818753004,driver.py,driver,56,"['/imu', '/rosout']"
1681490437.84529,64551,1681490437,844972610,,2,/imu_driver,Current time 1681490437 843623399,driver.py,driver,56,"['/imu', '/rosout']"
1681490437.869855,64552,1681490437,869662046,,2,/imu_driver,Current time 1681490437 868632793,driver.py,driver,56,"['/imu', '/rosout']"
1681490437.8948307,64553,1681490437,894640445,,2,/imu_driver,Current time 1681490437 893647909,driver.py,driver,56,"['/imu', '/rosout']"
1681490437.9203358,64554,1681490437,919465541,,2,/imu_driver,Current time 1681490437 918488740,driver.py,driver,56,"['/imu', '/rosout']"
1681490437.9498453,64555,1681490437,947224855,,2,/imu_driver,Current time 1681490437 945917367,driver.py,driver,56,"['/imu', '/rosout']"
1681490437.9699018,64556,1681490437,969585657,,2,/imu_driver,Current time 1681490437 968450784,driver.py,driver,56,"['/imu', '/rosout']"
1681490437.9953578,64557,1681490437,994862318,,2,/imu_driver,Current time 1681490437 993775367,driver.py,driver,56,"['/imu', '/rosout']"
1681490438.020089,64558,1681490438,19573688,,2,/imu_driver,Current time 1681490438 18436908,driver.py,driver,56,"['/imu', '/rosout']"
1681490438.0461462,64559,1681490438,45412302,,2,/imu_driver,Current time 1681490438 44097423,driver.py,driver,56,"['/imu', '/rosout']"
1681490438.0697718,64560,1681490438,69496393,,2,/imu_driver,Current time 1681490438 68475246,driver.py,driver,56,"['/imu', '/rosout']"
1681490438.0954368,64561,1681490438,94460010,,2,/imu_driver,Current time 1681490438 93391180,driver.py,driver,56,"['/imu', '/rosout']"
1681490438.121561,64562,1681490438,120653867,,2,/imu_driver,Current time 1681490438 119578123,driver.py,driver,56,"['/imu', '/rosout']"
1681490438.1450968,64563,1681490438,144452571,,2,/imu_driver,Current time 1681490438 143462419,driver.py,driver,56,"['/imu', '/rosout']"
1681490438.169737,64564,1681490438,169347524,,2,/imu_driver,Current time 1681490438 168313264,driver.py,driver,56,"['/imu', '/rosout']"
1681490438.195238,64565,1681490438,194916725,,2,/imu_driver,Current time 1681490438 193422794,driver.py,driver,56,"['/imu', '/rosout']"
1681490438.2195756,64566,1681490438,219409465,,2,/imu_driver,Current time 1681490438 218450546,driver.py,driver,56,"['/imu', '/rosout']"
1681490438.244441,64567,1681490438,244286775,,2,/imu_driver,Current time 1681490438 243289947,driver.py,driver,56,"['/imu', '/rosout']"
1681490438.270016,64568,1681490438,269578695,,2,/imu_driver,Current time 1681490438 268514394,driver.py,driver,56,"['/imu', '/rosout']"
1681490438.2978518,64569,1681490438,294502735,,2,/imu_driver,Current time 1681490438 293285131,driver.py,driver,56,"['/imu', '/rosout']"
1681490438.3199384,64570,1681490438,319310426,,2,/imu_driver,Current time 1681490438 318297863,driver.py,driver,56,"['/imu', '/rosout']"
1681490438.344923,64571,1681490438,344428539,,2,/imu_driver,Current time 1681490438 343298912,driver.py,driver,56,"['/imu', '/rosout']"
1681490438.3697753,64572,1681490438,369220256,,2,/imu_driver,Current time 1681490438 368171691,driver.py,driver,56,"['/imu', '/rosout']"
1681490438.3944662,64573,1681490438,394294977,,2,/imu_driver,Current time 1681490438 393367528,driver.py,driver,56,"['/imu', '/rosout']"
1681490438.419696,14,1681490438,419608313,,4,/record_1681490238361869733,Less than 5 x 1G of space free on disk with '2023-04-14-12-37-18.bag.active'.,/tmp/binarydeb/ros-noetic-rosbag-1.15.15/src/recorder.cpp,Recorder::checkDisk,771,['/rosout']
1681490438.419748,64574,1681490438,419141292,,2,/imu_driver,Current time 1681490438 418164491,driver.py,driver,56,"['/imu', '/rosout']"
1681490438.4449413,64575,1681490438,444422721,,2,/imu_driver,Current time 1681490438 443206310,driver.py,driver,56,"['/imu', '/rosout']"
1681490438.4900465,64576,1681490438,484578132,,2,/imu_driver,Current time 1681490438 468221187,driver.py,driver,56,"['/imu', '/rosout']"
1681490438.4972436,64577,1681490438,496809482,,2,/imu_driver,Current time 1681490438 495581388,driver.py,driver,56,"['/imu', '/rosout']"
1681490438.520323,64578,1681490438,519351720,,2,/imu_driver,Current time 1681490438 518151760,driver.py,driver,56,"['/imu', '/rosout']"
1681490438.545253,64579,1681490438,544983386,,2,/imu_driver,Current time 1681490438 543366670,driver.py,driver,56,"['/imu', '/rosout']"
1681490438.5707922,64580,1681490438,569895267,,2,/imu_driver,Current time 1681490438 568543910,driver.py,driver,56,"['/imu', '/rosout']"
1681490438.5956967,64581,1681490438,594884872,,2,/imu_driver,Current time 1681490438 593235731,driver.py,driver,56,"['/imu', '/rosout']"
1681490438.6206226,64582,1681490438,619916915,,2,/imu_driver,Current time 1681490438 618913173,driver.py,driver,56,"['/imu', '/rosout']"
1681490438.645472,64583,1681490438,644984483,,2,/imu_driver,Current time 1681490438 644055843,driver.py,driver,56,"['/imu', '/rosout']"
1681490438.6703725,64584,1681490438,670125246,,2,/imu_driver,Current time 1681490438 669100284,driver.py,driver,56,"['/imu', '/rosout']"
1681490438.6944842,64585,1681490438,694155216,,2,/imu_driver,Current time 1681490438 693017005,driver.py,driver,56,"['/imu', '/rosout']"
1681490438.7208552,64586,1681490438,720118284,,2,/imu_driver,Current time 1681490438 719040870,driver.py,driver,56,"['/imu', '/rosout']"
1681490438.7455723,64587,1681490438,745090723,,2,/imu_driver,Current time 1681490438 744060277,driver.py,driver,56,"['/imu', '/rosout']"
1681490438.7704647,64588,1681490438,770013332,,2,/imu_driver,Current time 1681490438 768947362,driver.py,driver,56,"['/imu', '/rosout']"
1681490438.7982926,64589,1681490438,797888278,,2,/imu_driver,Current time 1681490438 796701431,driver.py,driver,56,"['/imu', '/rosout']"
1681490438.82041,64590,1681490438,819823026,,2,/imu_driver,Current time 1681490438 818810701,driver.py,driver,56,"['/imu', '/rosout']"
1681490438.8456306,64591,1681490438,845091819,,2,/imu_driver,Current time 1681490438 843831777,driver.py,driver,56,"['/imu', '/rosout']"
1681490438.8704839,64592,1681490438,870048284,,2,/imu_driver,Current time 1681490438 869000434,driver.py,driver,56,"['/imu', '/rosout']"
1681490438.8952017,64593,1681490438,894731760,,2,/imu_driver,Current time 1681490438 893726110,driver.py,driver,56,"['/imu', '/rosout']"
1681490438.9200313,64594,1681490438,919746398,,2,/imu_driver,Current time 1681490438 918673515,driver.py,driver,56,"['/imu', '/rosout']"
1681490438.946182,64595,1681490438,945659637,,2,/imu_driver,Current time 1681490438 944282531,driver.py,driver,56,"['/imu', '/rosout']"
1681490438.970193,64596,1681490438,969946384,,2,/imu_driver,Current time 1681490438 968867301,driver.py,driver,56,"['/imu', '/rosout']"
1681490438.99498,64597,1681490438,994776010,,2,/imu_driver,Current time 1681490438 993788957,driver.py,driver,56,"['/imu', '/rosout']"
1681490439.0200346,64598,1681490439,19798517,,2,/imu_driver,Current time 1681490439 18697977,driver.py,driver,56,"['/imu', '/rosout']"
1681490439.0452774,64599,1681490439,44953107,,2,/imu_driver,Current time 1681490439 43779373,driver.py,driver,56,"['/imu', '/rosout']"
1681490439.07003,64600,1681490439,69820165,,2,/imu_driver,Current time 1681490439 68816423,driver.py,driver,56,"['/imu', '/rosout']"
1681490439.0961735,64601,1681490439,95882654,,2,/imu_driver,Current time 1681490439 93653678,driver.py,driver,56,"['/imu', '/rosout']"
1681490439.1197574,64602,1681490439,119574069,,2,/imu_driver,Current time 1681490439 118542909,driver.py,driver,56,"['/imu', '/rosout']"
1681490439.1448383,64603,1681490439,144647359,,2,/imu_driver,Current time 1681490439 143610000,driver.py,driver,56,"['/imu', '/rosout']"
1681490439.1699026,64604,1681490439,169620752,,2,/imu_driver,Current time 1681490439 168611526,driver.py,driver,56,"['/imu', '/rosout']"
1681490439.195501,64605,1681490439,194943189,,2,/imu_driver,Current time 1681490439 193616867,driver.py,driver,56,"['/imu', '/rosout']"
1681490439.220261,64606,1681490439,219929933,,2,/imu_driver,Current time 1681490439 218798398,driver.py,driver,56,"['/imu', '/rosout']"
1681490439.2454586,64607,1681490439,244579076,,2,/imu_driver,Current time 1681490439 243463277,driver.py,driver,56,"['/imu', '/rosout']"
1681490439.2699294,64608,1681490439,269682884,,2,/imu_driver,Current time 1681490439 268685579,driver.py,driver,56,"['/imu', '/rosout']"
1681490439.2947943,64609,1681490439,294544219,,2,/imu_driver,Current time 1681490439 293584346,driver.py,driver,56,"['/imu', '/rosout']"
1681490439.3200493,64610,1681490439,319755077,,2,/imu_driver,Current time 1681490439 318425416,driver.py,driver,56,"['/imu', '/rosout']"
1681490439.3461747,64611,1681490439,345340967,,2,/imu_driver,Current time 1681490439 343710422,driver.py,driver,56,"['/imu', '/rosout']"
1681490439.370852,64612,1681490439,370420694,,2,/imu_driver,Current time 1681490439 368515014,driver.py,driver,56,"['/imu', '/rosout']"
1681490439.3949225,64613,1681490439,394480228,,2,/imu_driver,Current time 1681490439 393466711,driver.py,driver,56,"['/imu', '/rosout']"
1681490439.4203126,64614,1681490439,419519662,,2,/imu_driver,Current time 1681490439 418489694,driver.py,driver,56,"['/imu', '/rosout']"
1681490439.4461699,64615,1681490439,445381879,,2,/imu_driver,Current time 1681490439 443726301,driver.py,driver,56,"['/imu', '/rosout']"
1681490439.469979,64616,1681490439,469453334,,2,/imu_driver,Current time 1681490439 468494176,driver.py,driver,56,"['/imu', '/rosout']"
1681490439.4960709,64617,1681490439,494376897,,2,/imu_driver,Current time 1681490439 493437290,driver.py,driver,56,"['/imu', '/rosout']"
1681490439.5198395,64618,1681490439,519406318,,2,/imu_driver,Current time 1681490439 518459320,driver.py,driver,56,"['/imu', '/rosout']"
1681490439.545402,64619,1681490439,544473409,,2,/imu_driver,Current time 1681490439 543447256,driver.py,driver,56,"['/imu', '/rosout']"
1681490439.569913,64620,1681490439,569464683,,2,/imu_driver,Current time 1681490439 568466424,driver.py,driver,56,"['/imu', '/rosout']"
1681490439.5952075,64621,1681490439,594582796,,2,/imu_driver,Current time 1681490439 593250751,driver.py,driver,56,"['/imu', '/rosout']"
1681490439.619863,64622,1681490439,619242429,,2,/imu_driver,Current time 1681490439 618218898,driver.py,driver,56,"['/imu', '/rosout']"
1681490439.645002,64623,1681490439,644642591,,2,/imu_driver,Current time 1681490439 643447399,driver.py,driver,56,"['/imu', '/rosout']"
1681490439.6698422,64624,1681490439,669485807,,2,/imu_driver,Current time 1681490439 668336868,driver.py,driver,56,"['/imu', '/rosout']"
1681490439.6952991,64625,1681490439,694811820,,2,/imu_driver,Current time 1681490439 693414688,driver.py,driver,56,"['/imu', '/rosout']"
1681490439.7196805,64626,1681490439,719363927,,2,/imu_driver,Current time 1681490439 718207597,driver.py,driver,56,"['/imu', '/rosout']"
1681490439.7448406,64627,1681490439,744533061,,2,/imu_driver,Current time 1681490439 743247270,driver.py,driver,56,"['/imu', '/rosout']"
1681490439.7693706,64628,1681490439,769123315,,2,/imu_driver,Current time 1681490439 768133878,driver.py,driver,56,"['/imu', '/rosout']"
1681490439.794859,64629,1681490439,794303178,,2,/imu_driver,Current time 1681490439 793262481,driver.py,driver,56,"['/imu', '/rosout']"
1681490439.8195932,64630,1681490439,819075584,,2,/imu_driver,Current time 1681490439 818055629,driver.py,driver,56,"['/imu', '/rosout']"
1681490439.8455493,64631,1681490439,844700098,,2,/imu_driver,Current time 1681490439 843077421,driver.py,driver,56,"['/imu', '/rosout']"
1681490439.8708737,64632,1681490439,870591402,,2,/imu_driver,Current time 1681490439 869282484,driver.py,driver,56,"['/imu', '/rosout']"
1681490439.894379,64633,1681490439,894169092,,2,/imu_driver,Current time 1681490439 893232583,driver.py,driver,56,"['/imu', '/rosout']"
1681490439.9209287,64634,1681490439,920248985,,2,/imu_driver,Current time 1681490439 918974399,driver.py,driver,56,"['/imu', '/rosout']"
1681490439.946182,64635,1681490439,945618629,,2,/imu_driver,Current time 1681490439 944238185,driver.py,driver,56,"['/imu', '/rosout']"
1681490439.9705176,64636,1681490439,969978332,,2,/imu_driver,Current time 1681490439 968974590,driver.py,driver,56,"['/imu', '/rosout']"
1681490439.996406,64637,1681490439,995644569,,2,/imu_driver,Current time 1681490439 994401454,driver.py,driver,56,"['/imu', '/rosout']"
1681490440.0209823,64638,1681490440,20680427,,2,/imu_driver,Current time 1681490440 19319534,driver.py,driver,56,"['/imu', '/rosout']"
1681490440.0452974,64639,1681490440,45064926,,2,/imu_driver,Current time 1681490440 44002532,driver.py,driver,56,"['/imu', '/rosout']"
1681490440.0703032,64640,1681490440,70095062,,2,/imu_driver,Current time 1681490440 68928241,driver.py,driver,56,"['/imu', '/rosout']"
1681490440.097443,64641,1681490440,97214221,,2,/imu_driver,Current time 1681490440 95798254,driver.py,driver,56,"['/imu', '/rosout']"
1681490440.1208565,64642,1681490440,120528936,,2,/imu_driver,Current time 1681490440 119045019,driver.py,driver,56,"['/imu', '/rosout']"
1681490440.1450267,64643,1681490440,144828319,,2,/imu_driver,Current time 1681490440 143792152,driver.py,driver,56,"['/imu', '/rosout']"
1681490440.1703198,64644,1681490440,170109748,,2,/imu_driver,Current time 1681490440 168846607,driver.py,driver,56,"['/imu', '/rosout']"
1681490440.197626,64645,1681490440,197065353,,2,/imu_driver,Current time 1681490440 194588184,driver.py,driver,56,"['/imu', '/rosout']"
1681490440.2207732,64646,1681490440,220028400,,2,/imu_driver,Current time 1681490440 218984842,driver.py,driver,56,"['/imu', '/rosout']"
1681490440.2452245,64647,1681490440,244986534,,2,/imu_driver,Current time 1681490440 243753910,driver.py,driver,56,"['/imu', '/rosout']"
1681490440.2701995,64648,1681490440,269886016,,2,/imu_driver,Current time 1681490440 268806695,driver.py,driver,56,"['/imu', '/rosout']"
1681490440.29497,64649,1681490440,294744491,,2,/imu_driver,Current time 1681490440 293749332,driver.py,driver,56,"['/imu', '/rosout']"
1681490440.3199937,64650,1681490440,319727182,,2,/imu_driver,Current time 1681490440 318757057,driver.py,driver,56,"['/imu', '/rosout']"
1681490440.3456638,64651,1681490440,345336675,,2,/imu_driver,Current time 1681490440 343873977,driver.py,driver,56,"['/imu', '/rosout']"
1681490440.370122,64652,1681490440,369817495,,2,/imu_driver,Current time 1681490440 368728160,driver.py,driver,56,"['/imu', '/rosout']"
1681490440.3951259,64653,1681490440,394784212,,2,/imu_driver,Current time 1681490440 393811225,driver.py,driver,56,"['/imu', '/rosout']"
1681490440.4199765,64654,1681490440,419685602,,2,/imu_driver,Current time 1681490440 418619632,driver.py,driver,56,"['/imu', '/rosout']"
1681490440.444942,64655,1681490440,444623947,,2,/imu_driver,Current time 1681490440 443590402,driver.py,driver,56,"['/imu', '/rosout']"
1681490440.4704893,64656,1681490440,469765186,,2,/imu_driver,Current time 1681490440 468757152,driver.py,driver,56,"['/imu', '/rosout']"
1681490440.4966123,64657,1681490440,495790243,,2,/imu_driver,Current time 1681490440 494384288,driver.py,driver,56,"['/imu', '/rosout']"
1681490440.520458,64658,1681490440,519795656,,2,/imu_driver,Current time 1681490440 518795728,driver.py,driver,56,"['/imu', '/rosout']"
1681490440.545399,64659,1681490440,544732809,,2,/imu_driver,Current time 1681490440 543593645,driver.py,driver,56,"['/imu', '/rosout']"
1681490440.5703444,64660,1681490440,569686889,,2,/imu_driver,Current time 1681490440 568677186,driver.py,driver,56,"['/imu', '/rosout']"
1681490440.5964353,64661,1681490440,595543384,,2,/imu_driver,Current time 1681490440 594022035,driver.py,driver,56,"['/imu', '/rosout']"
1681490440.6201398,64662,1681490440,619624376,,2,/imu_driver,Current time 1681490440 618572473,driver.py,driver,56,"['/imu', '/rosout']"
1681490440.6451206,64663,1681490440,644520044,,2,/imu_driver,Current time 1681490440 643437623,driver.py,driver,56,"['/imu', '/rosout']"
1681490440.6699758,64664,1681490440,669652462,,2,/imu_driver,Current time 1681490440 668473482,driver.py,driver,56,"['/imu', '/rosout']"
1681490440.695119,64665,1681490440,694476366,,2,/imu_driver,Current time 1681490440 693408966,driver.py,driver,56,"['/imu', '/rosout']"
1681490440.719651,64666,1681490440,719421625,,2,/imu_driver,Current time 1681490440 718505620,driver.py,driver,56,"['/imu', '/rosout']"
1681490440.7456522,64667,1681490440,744764089,,2,/imu_driver,Current time 1681490440 743421554,driver.py,driver,56,"['/imu', '/rosout']"
1681490440.7698195,64668,1681490440,769382953,,2,/imu_driver,Current time 1681490440 768354892,driver.py,driver,56,"['/imu', '/rosout']"
1681490440.7947056,64669,1681490440,794449567,,2,/imu_driver,Current time 1681490440 793382883,driver.py,driver,56,"['/imu', '/rosout']"
1681490440.8196385,64670,1681490440,819426298,,2,/imu_driver,Current time 1681490440 818289041,driver.py,driver,56,"['/imu', '/rosout']"
1681490440.8453383,64671,1681490440,844869136,,2,/imu_driver,Current time 1681490440 843528270,driver.py,driver,56,"['/imu', '/rosout']"
1681490440.8699706,64672,1681490440,869658708,,2,/imu_driver,Current time 1681490440 868451595,driver.py,driver,56,"['/imu', '/rosout']"
1681490440.8950465,64673,1681490440,894411563,,2,/imu_driver,Current time 1681490440 893270969,driver.py,driver,56,"['/imu', '/rosout']"
1681490440.9198058,64674,1681490440,919457674,,2,/imu_driver,Current time 1681490440 918181419,driver.py,driver,56,"['/imu', '/rosout']"
1681490440.9448667,64675,1681490440,944547414,,2,/imu_driver,Current time 1681490440 943236589,driver.py,driver,56,"['/imu', '/rosout']"
1681490440.9694824,64676,1681490440,969268798,,2,/imu_driver,Current time 1681490440 968249559,driver.py,driver,56,"['/imu', '/rosout']"
1681490440.994879,64677,1681490440,994628667,,2,/imu_driver,Current time 1681490440 993270874,driver.py,driver,56,"['/imu', '/rosout']"
1681490441.0195522,64678,1681490441,19297838,,2,/imu_driver,Current time 1681490441 18374919,driver.py,driver,56,"['/imu', '/rosout']"
1681490441.0443444,64679,1681490441,44109582,,2,/imu_driver,Current time 1681490441 43129205,driver.py,driver,56,"['/imu', '/rosout']"
1681490441.0695124,64680,1681490441,69258928,,2,/imu_driver,Current time 1681490441 68185329,driver.py,driver,56,"['/imu', '/rosout']"
1681490441.095172,64681,1681490441,94476938,,2,/imu_driver,Current time 1681490441 93093633,driver.py,driver,56,"['/imu', '/rosout']"
1681490441.1203108,64682,1681490441,119441509,,2,/imu_driver,Current time 1681490441 118151664,driver.py,driver,56,"['/imu', '/rosout']"
1681490441.146562,64683,1681490441,145152330,,2,/imu_driver,Current time 1681490441 144167184,driver.py,driver,56,"['/imu', '/rosout']"
1681490441.1711507,64684,1681490441,170423507,,2,/imu_driver,Current time 1681490441 169020414,driver.py,driver,56,"['/imu', '/rosout']"
1681490441.1964223,64685,1681490441,195935726,,2,/imu_driver,Current time 1681490441 193020105,driver.py,driver,56,"['/imu', '/rosout']"
1681490441.220556,64686,1681490441,219997167,,2,/imu_driver,Current time 1681490441 218905925,driver.py,driver,56,"['/imu', '/rosout']"
1681490441.2459052,64687,1681490441,245272636,,2,/imu_driver,Current time 1681490441 243928670,driver.py,driver,56,"['/imu', '/rosout']"
1681490441.2706885,64688,1681490441,270071029,,2,/imu_driver,Current time 1681490441 268858671,driver.py,driver,56,"['/imu', '/rosout']"
1681490441.2947545,64689,1681490441,294225931,,2,/imu_driver,Current time 1681490441 292959451,driver.py,driver,56,"['/imu', '/rosout']"
1681490441.3297858,64690,1681490441,329250574,,2,/imu_driver,Current time 1681490441 327377080,driver.py,driver,56,"['/imu', '/rosout']"
1681490441.3468738,64691,1681490441,346193313,,2,/imu_driver,Current time 1681490441 344566106,driver.py,driver,56,"['/imu', '/rosout']"
1681490441.3704486,64692,1681490441,369921207,,2,/imu_driver,Current time 1681490441 368914127,driver.py,driver,56,"['/imu', '/rosout']"
1681490441.3952193,64693,1681490441,394989252,,2,/imu_driver,Current time 1681490441 393965005,driver.py,driver,56,"['/imu', '/rosout']"
1681490441.4200835,64694,1681490441,419850587,,2,/imu_driver,Current time 1681490441 418868064,driver.py,driver,56,"['/imu', '/rosout']"
1681490441.4458961,64695,1681490441,445196628,,2,/imu_driver,Current time 1681490441 443966865,driver.py,driver,56,"['/imu', '/rosout']"
1681490441.4706414,64696,1681490441,469867467,,2,/imu_driver,Current time 1681490441 468864679,driver.py,driver,56,"['/imu', '/rosout']"
1681490441.4957826,64697,1681490441,495162010,,2,/imu_driver,Current time 1681490441 493782758,driver.py,driver,56,"['/imu', '/rosout']"
1681490441.5219615,64698,1681490441,520880699,,2,/imu_driver,Current time 1681490441 518952369,driver.py,driver,56,"['/imu', '/rosout']"
1681490441.5454488,64699,1681490441,544910669,,2,/imu_driver,Current time 1681490441 543786764,driver.py,driver,56,"['/imu', '/rosout']"
1681490441.570102,64700,1681490441,569872140,,2,/imu_driver,Current time 1681490441 568813085,driver.py,driver,56,"['/imu', '/rosout']"
1681490441.598112,64701,1681490441,597835540,,2,/imu_driver,Current time 1681490441 596558332,driver.py,driver,56,"['/imu', '/rosout']"
1681490441.6199749,64702,1681490441,619818687,,2,/imu_driver,Current time 1681490441 618828535,driver.py,driver,56,"['/imu', '/rosout']"
1681490441.6450298,64703,1681490441,644809007,,2,/imu_driver,Current time 1681490441 643738985,driver.py,driver,56,"['/imu', '/rosout']"
1681490441.669794,64704,1681490441,669676303,,2,/imu_driver,Current time 1681490441 668704509,driver.py,driver,56,"['/imu', '/rosout']"
1681490441.694669,64705,1681490441,694517612,,2,/imu_driver,Current time 1681490441 693560123,driver.py,driver,56,"['/imu', '/rosout']"
1681490441.720152,64706,1681490441,719884395,,2,/imu_driver,Current time 1681490441 718802928,driver.py,driver,56,"['/imu', '/rosout']"
1681490441.7455597,64707,1681490441,745374917,,2,/imu_driver,Current time 1681490441 743977069,driver.py,driver,56,"['/imu', '/rosout']"
1681490441.7701602,64708,1681490441,769899368,,2,/imu_driver,Current time 1681490441 768523216,driver.py,driver,56,"['/imu', '/rosout']"
1681490441.7953131,64709,1681490441,795122623,,2,/imu_driver,Current time 1681490441 793932437,driver.py,driver,56,"['/imu', '/rosout']"
1681490441.8205125,64710,1681490441,819764852,,2,/imu_driver,Current time 1681490441 818661212,driver.py,driver,56,"['/imu', '/rosout']"
1681490441.847407,64711,1681490441,845340251,,2,/imu_driver,Current time 1681490441 843486547,driver.py,driver,56,"['/imu', '/rosout']"
1681490441.8705475,64712,1681490441,869577407,,2,/imu_driver,Current time 1681490441 868605375,driver.py,driver,56,"['/imu', '/rosout']"
1681490441.8959079,64713,1681490441,894816398,,2,/imu_driver,Current time 1681490441 893807888,driver.py,driver,56,"['/imu', '/rosout']"
1681490441.9205606,64714,1681490441,919746160,,2,/imu_driver,Current time 1681490441 918689250,driver.py,driver,56,"['/imu', '/rosout']"
1681490441.9459665,64715,1681490441,945282459,,2,/imu_driver,Current time 1681490441 943464994,driver.py,driver,56,"['/imu', '/rosout']"
1681490441.970557,64716,1681490441,970215797,,2,/imu_driver,Current time 1681490441 968685626,driver.py,driver,56,"['/imu', '/rosout']"
1681490441.9958875,64717,1681490441,995503902,,2,/imu_driver,Current time 1681490441 993401527,driver.py,driver,56,"['/imu', '/rosout']"
1681490442.0203214,64718,1681490442,19903898,,2,/imu_driver,Current time 1681490442 18584728,driver.py,driver,56,"['/imu', '/rosout']"
1681490442.0449545,64719,1681490442,44603586,,2,/imu_driver,Current time 1681490442 43315410,driver.py,driver,56,"['/imu', '/rosout']"
1681490442.0809815,64720,1681490442,80068111,,2,/imu_driver,Current time 1681490442 78812599,driver.py,driver,56,"['/imu', '/rosout']"
1681490442.0962164,64721,1681490442,95514774,,2,/imu_driver,Current time 1681490442 94194650,driver.py,driver,56,"['/imu', '/rosout']"
1681490442.1203933,64722,1681490442,119488000,,2,/imu_driver,Current time 1681490442 118301153,driver.py,driver,56,"['/imu', '/rosout']"
1681490442.144978,64723,1681490442,144691467,,2,/imu_driver,Current time 1681490442 143298625,driver.py,driver,56,"['/imu', '/rosout']"
1681490442.1701946,64724,1681490442,169438838,,2,/imu_driver,Current time 1681490442 168420076,driver.py,driver,56,"['/imu', '/rosout']"
1681490442.1948295,64725,1681490442,194255113,,2,/imu_driver,Current time 1681490442 193217515,driver.py,driver,56,"['/imu', '/rosout']"
1681490442.2195058,64726,1681490442,219301223,,2,/imu_driver,Current time 1681490442 218232154,driver.py,driver,56,"['/imu', '/rosout']"
1681490442.2452648,64727,1681490442,244912862,,2,/imu_driver,Current time 1681490442 243340492,driver.py,driver,56,"['/imu', '/rosout']"
1681490442.269643,64728,1681490442,269450426,,2,/imu_driver,Current time 1681490442 268386602,driver.py,driver,56,"['/imu', '/rosout']"
1681490442.2947018,64729,1681490442,294177055,,2,/imu_driver,Current time 1681490442 293168067,driver.py,driver,56,"['/imu', '/rosout']"
1681490442.3201966,64730,1681490442,319468498,,2,/imu_driver,Current time 1681490442 318236351,driver.py,driver,56,"['/imu', '/rosout']"
1681490442.34656,64731,1681490442,345884561,,2,/imu_driver,Current time 1681490442 344125509,driver.py,driver,56,"['/imu', '/rosout']"
1681490442.370402,64732,1681490442,370259761,,2,/imu_driver,Current time 1681490442 369239807,driver.py,driver,56,"['/imu', '/rosout']"
1681490442.395623,64733,1681490442,395446062,,2,/imu_driver,Current time 1681490442 394388675,driver.py,driver,56,"['/imu', '/rosout']"
1681490442.421149,64734,1681490442,420009136,,2,/imu_driver,Current time 1681490442 419077157,driver.py,driver,56,"['/imu', '/rosout']"
1681490442.4453068,64735,1681490442,445080280,,2,/imu_driver,Current time 1681490442 444072961,driver.py,driver,56,"['/imu', '/rosout']"
1681490442.4707718,64736,1681490442,470133543,,2,/imu_driver,Current time 1681490442 469084978,driver.py,driver,56,"['/imu', '/rosout']"
1681490442.496244,64737,1681490442,495275020,,2,/imu_driver,Current time 1681490442 493943214,driver.py,driver,56,"['/imu', '/rosout']"
1681490442.5221612,64738,1681490442,520566463,,2,/imu_driver,Current time 1681490442 519048213,driver.py,driver,56,"['/imu', '/rosout']"
1681490442.5454028,64739,1681490442,544950962,,2,/imu_driver,Current time 1681490442 543932199,driver.py,driver,56,"['/imu', '/rosout']"
1681490442.570826,64740,1681490442,570176601,,2,/imu_driver,Current time 1681490442 568946361,driver.py,driver,56,"['/imu', '/rosout']"
1681490442.5970354,64741,1681490442,596801042,,2,/imu_driver,Current time 1681490442 595458269,driver.py,driver,56,"['/imu', '/rosout']"
1681490442.6202936,64742,1681490442,620073318,,2,/imu_driver,Current time 1681490442 618986129,driver.py,driver,56,"['/imu', '/rosout']"
1681490442.6497204,64743,1681490442,648874521,,2,/imu_driver,Current time 1681490442 644577264,driver.py,driver,56,"['/imu', '/rosout']"
1681490442.6862018,64744,1681490442,685255765,,2,/imu_driver,Current time 1681490442 675504207,driver.py,driver,56,"['/imu', '/rosout']"
1681490442.6961448,64745,1681490442,695458650,,2,/imu_driver,Current time 1681490442 693897247,driver.py,driver,56,"['/imu', '/rosout']"
1681490442.7204778,64746,1681490442,720102071,,2,/imu_driver,Current time 1681490442 718865394,driver.py,driver,56,"['/imu', '/rosout']"
1681490442.7462723,64747,1681490442,745689630,,2,/imu_driver,Current time 1681490442 744296550,driver.py,driver,56,"['/imu', '/rosout']"
1681490442.7710242,64748,1681490442,770128488,,2,/imu_driver,Current time 1681490442 768799543,driver.py,driver,56,"['/imu', '/rosout']"
1681490442.795136,64749,1681490442,794841051,,2,/imu_driver,Current time 1681490442 793832540,driver.py,driver,56,"['/imu', '/rosout']"
1681490442.8205142,64750,1681490442,819958686,,2,/imu_driver,Current time 1681490442 818757295,driver.py,driver,56,"['/imu', '/rosout']"
1681490442.849381,64751,1681490442,848854780,,2,/imu_driver,Current time 1681490442 847553491,driver.py,driver,56,"['/imu', '/rosout']"
1681490442.8704185,64752,1681490442,869837045,,2,/imu_driver,Current time 1681490442 868793964,driver.py,driver,56,"['/imu', '/rosout']"
1681490442.896585,64753,1681490442,894906282,,2,/imu_driver,Current time 1681490442 893775463,driver.py,driver,56,"['/imu', '/rosout']"
1681490442.9202008,64754,1681490442,919906854,,2,/imu_driver,Current time 1681490442 918773412,driver.py,driver,56,"['/imu', '/rosout']"
1681490442.9456534,64755,1681490442,944895029,,2,/imu_driver,Current time 1681490442 943693876,driver.py,driver,56,"['/imu', '/rosout']"
1681490442.9705036,64756,1681490442,969842910,,2,/imu_driver,Current time 1681490442 968685865,driver.py,driver,56,"['/imu', '/rosout']"
1681490442.9960277,64757,1681490442,995053291,,2,/imu_driver,Current time 1681490442 993584394,driver.py,driver,56,"['/imu', '/rosout']"
1681490443.0205855,64758,1681490443,19739866,,2,/imu_driver,Current time 1681490443 18688440,driver.py,driver,56,"['/imu', '/rosout']"
1681490443.045366,64759,1681490443,44671297,,2,/imu_driver,Current time 1681490443 43562650,driver.py,driver,56,"['/imu', '/rosout']"
1681490443.070509,64760,1681490443,70051908,,2,/imu_driver,Current time 1681490443 68603038,driver.py,driver,56,"['/imu', '/rosout']"
1681490443.0958092,64761,1681490443,95065355,,2,/imu_driver,Current time 1681490443 93585014,driver.py,driver,56,"['/imu', '/rosout']"
1681490443.123196,64762,1681490443,122455596,,2,/imu_driver,Current time 1681490443 119870424,driver.py,driver,56,"['/imu', '/rosout']"
1681490443.1465974,64763,1681490443,146233320,,2,/imu_driver,Current time 1681490443 144015789,driver.py,driver,56,"['/imu', '/rosout']"
1681490443.1703734,64764,1681490443,169749259,,2,/imu_driver,Current time 1681490443 168587207,driver.py,driver,56,"['/imu', '/rosout']"
1681490443.1952088,64765,1681490443,194802761,,2,/imu_driver,Current time 1681490443 193550825,driver.py,driver,56,"['/imu', '/rosout']"
1681490443.219935,64766,1681490443,219663381,,2,/imu_driver,Current time 1681490443 218620777,driver.py,driver,56,"['/imu', '/rosout']"
1681490443.2451859,64767,1681490443,244953393,,2,/imu_driver,Current time 1681490443 243586301,driver.py,driver,56,"['/imu', '/rosout']"
1681490443.2699046,64768,1681490443,269686937,,2,/imu_driver,Current time 1681490443 268602371,driver.py,driver,56,"['/imu', '/rosout']"
1681490443.2946906,64769,1681490443,294504642,,2,/imu_driver,Current time 1681490443 293511867,driver.py,driver,56,"['/imu', '/rosout']"
1681490443.3198025,64770,1681490443,319546461,,2,/imu_driver,Current time 1681490443 318407773,driver.py,driver,56,"['/imu', '/rosout']"
1681490443.3457131,64771,1681490443,345428228,,2,/imu_driver,Current time 1681490443 343859910,driver.py,driver,56,"['/imu', '/rosout']"
1681490443.3697157,64772,1681490443,369528770,,2,/imu_driver,Current time 1681490443 368489265,driver.py,driver,56,"['/imu', '/rosout']"
1681490443.394528,64773,1681490443,394352197,,2,/imu_driver,Current time 1681490443 393330574,driver.py,driver,56,"['/imu', '/rosout']"
1681490443.4193711,64774,1681490443,419239521,,2,/imu_driver,Current time 1681490443 418342828,driver.py,driver,56,"['/imu', '/rosout']"
1681490443.4447498,64775,1681490443,444559097,,2,/imu_driver,Current time 1681490443 443468332,driver.py,driver,56,"['/imu', '/rosout']"
1681490443.4697013,64776,1681490443,469393730,,2,/imu_driver,Current time 1681490443 468340873,driver.py,driver,56,"['/imu', '/rosout']"
1681490443.4954653,64777,1681490443,494788885,,2,/imu_driver,Current time 1681490443 493213891,driver.py,driver,56,"['/imu', '/rosout']"
1681490443.519878,64778,1681490443,519507408,,2,/imu_driver,Current time 1681490443 518383502,driver.py,driver,56,"['/imu', '/rosout']"
1681490443.5448616,64779,1681490443,544331789,,2,/imu_driver,Current time 1681490443 543214797,driver.py,driver,56,"['/imu', '/rosout']"
1681490443.5701277,64780,1681490443,569442510,,2,/imu_driver,Current time 1681490443 568285465,driver.py,driver,56,"['/imu', '/rosout']"
1681490443.5962396,64781,1681490443,595530986,,2,/imu_driver,Current time 1681490443 594042062,driver.py,driver,56,"['/imu', '/rosout']"
1681490443.62109,64782,1681490443,620450019,,2,/imu_driver,Current time 1681490443 619143962,driver.py,driver,56,"['/imu', '/rosout']"
1681490443.644657,64783,1681490443,644179344,,2,/imu_driver,Current time 1681490443 643159151,driver.py,driver,56,"['/imu', '/rosout']"
1681490443.6705556,64784,1681490443,670041561,,2,/imu_driver,Current time 1681490443 669003248,driver.py,driver,56,"['/imu', '/rosout']"
1681490443.6959617,64785,1681490443,695268154,,2,/imu_driver,Current time 1681490443 693975448,driver.py,driver,56,"['/imu', '/rosout']"
1681490443.7207723,64786,1681490443,720181941,,2,/imu_driver,Current time 1681490443 719103336,driver.py,driver,56,"['/imu', '/rosout']"
1681490443.7457354,64787,1681490443,745444774,,2,/imu_driver,Current time 1681490443 743963479,driver.py,driver,56,"['/imu', '/rosout']"
1681490443.770318,64788,1681490443,770168304,,2,/imu_driver,Current time 1681490443 769048690,driver.py,driver,56,"['/imu', '/rosout']"
1681490443.796202,64789,1681490443,795121192,,2,/imu_driver,Current time 1681490443 794050931,driver.py,driver,56,"['/imu', '/rosout']"
1681490443.8209336,64790,1681490443,820236206,,2,/imu_driver,Current time 1681490443 819015264,driver.py,driver,56,"['/imu', '/rosout']"
1681490443.84643,64791,1681490443,845758199,,2,/imu_driver,Current time 1681490443 844019174,driver.py,driver,56,"['/imu', '/rosout']"
1681490443.8711195,64792,1681490443,870397090,,2,/imu_driver,Current time 1681490443 869150876,driver.py,driver,56,"['/imu', '/rosout']"
1681490443.8952765,64793,1681490443,895079135,,2,/imu_driver,Current time 1681490443 893810987,driver.py,driver,56,"['/imu', '/rosout']"
1681490443.920541,64794,1681490443,920195817,,2,/imu_driver,Current time 1681490443 918793439,driver.py,driver,56,"['/imu', '/rosout']"
1681490443.9451766,64795,1681490443,945020675,,2,/imu_driver,Current time 1681490443 943914651,driver.py,driver,56,"['/imu', '/rosout']"
1681490443.9701705,64796,1681490443,969993829,,2,/imu_driver,Current time 1681490443 968835830,driver.py,driver,56,"['/imu', '/rosout']"
1681490443.996427,64797,1681490443,995267868,,2,/imu_driver,Current time 1681490443 993875026,driver.py,driver,56,"['/imu', '/rosout']"
1681490444.0215838,64798,1681490444,19997835,,2,/imu_driver,Current time 1681490444 18935918,driver.py,driver,56,"['/imu', '/rosout']"
1681490444.045185,64799,1681490444,44817447,,2,/imu_driver,Current time 1681490444 43743371,driver.py,driver,56,"['/imu', '/rosout']"
1681490444.070408,64800,1681490444,69961547,,2,/imu_driver,Current time 1681490444 68830490,driver.py,driver,56,"['/imu', '/rosout']"
1681490444.0972767,64801,1681490444,94974517,,2,/imu_driver,Current time 1681490444 93702316,driver.py,driver,56,"['/imu', '/rosout']"
1681490444.1206377,64802,1681490444,119615077,,2,/imu_driver,Current time 1681490444 118682384,driver.py,driver,56,"['/imu', '/rosout']"
1681490444.145239,64803,1681490444,144995212,,2,/imu_driver,Current time 1681490444 143929243,driver.py,driver,56,"['/imu', '/rosout']"
1681490444.1700935,64804,1681490444,169843196,,2,/imu_driver,Current time 1681490444 168854475,driver.py,driver,56,"['/imu', '/rosout']"
1681490444.194986,64805,1681490444,194785594,,2,/imu_driver,Current time 1681490444 193674802,driver.py,driver,56,"['/imu', '/rosout']"
1681490444.220754,64806,1681490444,219912052,,2,/imu_driver,Current time 1681490444 218709707,driver.py,driver,56,"['/imu', '/rosout']"
1681490444.246367,64807,1681490444,245692491,,2,/imu_driver,Current time 1681490444 244216203,driver.py,driver,56,"['/imu', '/rosout']"
1681490444.2705135,64808,1681490444,269729137,,2,/imu_driver,Current time 1681490444 268622875,driver.py,driver,56,"['/imu', '/rosout']"
1681490444.2950265,64809,1681490444,294691562,,2,/imu_driver,Current time 1681490444 293553352,driver.py,driver,56,"['/imu', '/rosout']"
1681490444.3205354,64810,1681490444,319688081,,2,/imu_driver,Current time 1681490444 318542242,driver.py,driver,56,"['/imu', '/rosout']"
1681490444.3460793,64811,1681490444,345202445,,2,/imu_driver,Current time 1681490444 343648433,driver.py,driver,56,"['/imu', '/rosout']"
1681490444.370099,64812,1681490444,369517087,,2,/imu_driver,Current time 1681490444 368518829,driver.py,driver,56,"['/imu', '/rosout']"
1681490444.395505,64813,1681490444,394621372,,2,/imu_driver,Current time 1681490444 393656969,driver.py,driver,56,"['/imu', '/rosout']"
1681490444.4195352,64814,1681490444,419390916,,2,/imu_driver,Current time 1681490444 418467283,driver.py,driver,56,"['/imu', '/rosout']"
1681490444.446057,64815,1681490444,445575475,,2,/imu_driver,Current time 1681490444 443871259,driver.py,driver,56,"['/imu', '/rosout']"
1681490444.4699335,64816,1681490444,469455957,,2,/imu_driver,Current time 1681490444 468390703,driver.py,driver,56,"['/imu', '/rosout']"
1681490444.4959354,64817,1681490444,494739770,,2,/imu_driver,Current time 1681490444 493523359,driver.py,driver,56,"['/imu', '/rosout']"
1681490444.5206532,64818,1681490444,519711494,,2,/imu_driver,Current time 1681490444 518615484,driver.py,driver,56,"['/imu', '/rosout']"
1681490444.5447912,64819,1681490444,544335126,,2,/imu_driver,Current time 1681490444 543289899,driver.py,driver,56,"['/imu', '/rosout']"
1681490444.5700989,64820,1681490444,569584131,,2,/imu_driver,Current time 1681490444 568545579,driver.py,driver,56,"['/imu', '/rosout']"
1681490444.5957837,64821,1681490444,594898462,,2,/imu_driver,Current time 1681490444 593315839,driver.py,driver,56,"['/imu', '/rosout']"
1681490444.620309,64822,1681490444,619603872,,2,/imu_driver,Current time 1681490444 618484973,driver.py,driver,56,"['/imu', '/rosout']"
1681490444.6457627,64823,1681490444,645086526,,2,/imu_driver,Current time 1681490444 643730401,driver.py,driver,56,"['/imu', '/rosout']"
1681490444.6702201,64824,1681490444,669430494,,2,/imu_driver,Current time 1681490444 668412446,driver.py,driver,56,"['/imu', '/rosout']"
1681490444.694973,64825,1681490444,694400787,,2,/imu_driver,Current time 1681490444 693393468,driver.py,driver,56,"['/imu', '/rosout']"
1681490444.7201796,64826,1681490444,719297885,,2,/imu_driver,Current time 1681490444 718314647,driver.py,driver,56,"['/imu', '/rosout']"
1681490444.7465358,64827,1681490444,745631217,,2,/imu_driver,Current time 1681490444 743273258,driver.py,driver,56,"['/imu', '/rosout']"
1681490444.769845,64828,1681490444,769278526,,2,/imu_driver,Current time 1681490444 768392801,driver.py,driver,56,"['/imu', '/rosout']"
1681490444.794831,64829,1681490444,794273376,,2,/imu_driver,Current time 1681490444 793352842,driver.py,driver,56,"['/imu', '/rosout']"
1681490444.8203828,64830,1681490444,820195674,,2,/imu_driver,Current time 1681490444 819159507,driver.py,driver,56,"['/imu', '/rosout']"
1681490444.8461113,64831,1681490444,845205545,,2,/imu_driver,Current time 1681490444 843573331,driver.py,driver,56,"['/imu', '/rosout']"
1681490444.8706417,64832,1681490444,870111465,,2,/imu_driver,Current time 1681490444 869112253,driver.py,driver,56,"['/imu', '/rosout']"
1681490444.894755,64833,1681490444,894247055,,2,/imu_driver,Current time 1681490444 893217802,driver.py,driver,56,"['/imu', '/rosout']"
1681490444.9209914,64834,1681490444,920424222,,2,/imu_driver,Current time 1681490444 919361591,driver.py,driver,56,"['/imu', '/rosout']"
1681490444.945656,64835,1681490444,945243597,,2,/imu_driver,Current time 1681490444 944323301,driver.py,driver,56,"['/imu', '/rosout']"
1681490444.9703915,64836,1681490444,970175981,,2,/imu_driver,Current time 1681490444 969079971,driver.py,driver,56,"['/imu', '/rosout']"
1681490444.9979634,64837,1681490444,997709989,,2,/imu_driver,Current time 1681490444 996415853,driver.py,driver,56,"['/imu', '/rosout']"
1681490445.021898,64838,1681490445,20748376,,2,/imu_driver,Current time 1681490445 19541740,driver.py,driver,56,"['/imu', '/rosout']"
1681490445.045844,64839,1681490445,45135259,,2,/imu_driver,Current time 1681490445 44008970,driver.py,driver,56,"['/imu', '/rosout']"
1681490445.0704832,64840,1681490445,70213556,,2,/imu_driver,Current time 1681490445 69109439,driver.py,driver,56,"['/imu', '/rosout']"
1681490445.0963745,64841,1681490445,95755100,,2,/imu_driver,Current time 1681490445 94317197,driver.py,driver,56,"['/imu', '/rosout']"
1681490445.1207871,64842,1681490445,120502948,,2,/imu_driver,Current time 1681490445 119258403,driver.py,driver,56,"['/imu', '/rosout']"
1681490445.1488447,64843,1681490445,147083759,,2,/imu_driver,Current time 1681490445 144335031,driver.py,driver,56,"['/imu', '/rosout']"
1681490445.1725028,64844,1681490445,171388387,,2,/imu_driver,Current time 1681490445 169007778,driver.py,driver,56,"['/imu', '/rosout']"
1681490445.1980083,64845,1681490445,196708679,,2,/imu_driver,Current time 1681490445 194047212,driver.py,driver,56,"['/imu', '/rosout']"
1681490445.2244086,64846,1681490445,222727537,,2,/imu_driver,Current time 1681490445 219244718,driver.py,driver,56,"['/imu', '/rosout']"
1681490445.2482247,64847,1681490445,246526718,,2,/imu_driver,Current time 1681490445 243955850,driver.py,driver,56,"['/imu', '/rosout']"
1681490445.273249,64848,1681490445,271679162,,2,/imu_driver,Current time 1681490445 268928527,driver.py,driver,56,"['/imu', '/rosout']"
1681490445.2968848,64849,1681490445,296279191,,2,/imu_driver,Current time 1681490445 293948888,driver.py,driver,56,"['/imu', '/rosout']"
1681490445.3221362,64850,1681490445,320967197,,2,/imu_driver,Current time 1681490445 318940162,driver.py,driver,56,"['/imu', '/rosout']"
1681490445.349745,64851,1681490445,346684455,,2,/imu_driver,Current time 1681490445 343943834,driver.py,driver,56,"['/imu', '/rosout']"
1681490445.3715472,64852,1681490445,371167659,,2,/imu_driver,Current time 1681490445 368827581,driver.py,driver,56,"['/imu', '/rosout']"
1681490445.4013078,64853,1681490445,398044824,,2,/imu_driver,Current time 1681490445 394205331,driver.py,driver,56,"['/imu', '/rosout']"
1681490445.4215956,64854,1681490445,420797586,,2,/imu_driver,Current time 1681490445 418726921,driver.py,driver,56,"['/imu', '/rosout']"
1681490445.446623,64855,1681490445,445444107,,2,/imu_driver,Current time 1681490445 443783283,driver.py,driver,56,"['/imu', '/rosout']"
1681490445.4718816,64856,1681490445,471345424,,2,/imu_driver,Current time 1681490445 468830823,driver.py,driver,56,"['/imu', '/rosout']"
1681490445.5000057,64857,1681490445,497084856,,2,/imu_driver,Current time 1681490445 494011878,driver.py,driver,56,"['/imu', '/rosout']"
1681490445.525603,64858,1681490445,521748304,,2,/imu_driver,Current time 1681490445 518812894,driver.py,driver,56,"['/imu', '/rosout']"
1681490445.546846,64859,1681490445,546348571,,2,/imu_driver,Current time 1681490445 543667554,driver.py,driver,56,"['/imu', '/rosout']"
1681490445.5721614,64860,1681490445,571291685,,2,/imu_driver,Current time 1681490445 568715572,driver.py,driver,56,"['/imu', '/rosout']"
1681490445.5988665,64861,1681490445,598269224,,2,/imu_driver,Current time 1681490445 593718290,driver.py,driver,56,"['/imu', '/rosout']"
1681490445.621587,64862,1681490445,620992422,,2,/imu_driver,Current time 1681490445 618702411,driver.py,driver,56,"['/imu', '/rosout']"
1681490445.646711,64863,1681490445,645692110,,2,/imu_driver,Current time 1681490445 643586397,driver.py,driver,56,"['/imu', '/rosout']"
1681490445.6712632,64864,1681490445,670770406,,2,/imu_driver,Current time 1681490445 668686866,driver.py,driver,56,"['/imu', '/rosout']"
1681490445.698556,64865,1681490445,697700023,,2,/imu_driver,Current time 1681490445 695616006,driver.py,driver,56,"['/imu', '/rosout']"
1681490445.7224894,64866,1681490445,721211910,,2,/imu_driver,Current time 1681490445 718500852,driver.py,driver,56,"['/imu', '/rosout']"
1681490445.746616,64867,1681490445,745978832,,2,/imu_driver,Current time 1681490445 743514776,driver.py,driver,56,"['/imu', '/rosout']"
1681490445.7709198,64868,1681490445,770560503,,2,/imu_driver,Current time 1681490445 768567800,driver.py,driver,56,"['/imu', '/rosout']"
1681490445.796494,64869,1681490445,795277118,,2,/imu_driver,Current time 1681490445 793653011,driver.py,driver,56,"['/imu', '/rosout']"
1681490445.82077,64870,1681490445,820359945,,2,/imu_driver,Current time 1681490445 818693876,driver.py,driver,56,"['/imu', '/rosout']"
1681490445.849039,64871,1681490445,847738981,,2,/imu_driver,Current time 1681490445 844627380,driver.py,driver,56,"['/imu', '/rosout']"
1681490445.871904,64872,1681490445,871034622,,2,/imu_driver,Current time 1681490445 868758201,driver.py,driver,56,"['/imu', '/rosout']"
1681490445.8960454,64873,1681490445,895029067,,2,/imu_driver,Current time 1681490445 893475055,driver.py,driver,56,"['/imu', '/rosout']"
1681490445.9212208,64874,1681490445,920693874,,2,/imu_driver,Current time 1681490445 918407440,driver.py,driver,56,"['/imu', '/rosout']"
1681490445.9469976,64875,1681490445,946453332,,2,/imu_driver,Current time 1681490445 943439960,driver.py,driver,56,"['/imu', '/rosout']"
1681490445.97136,64876,1681490445,970387935,,2,/imu_driver,Current time 1681490445 968601226,driver.py,driver,56,"['/imu', '/rosout']"
1681490445.9967003,64877,1681490445,995324611,,2,/imu_driver,Current time 1681490445 993510246,driver.py,driver,56,"['/imu', '/rosout']"
1681490446.0204864,64878,1681490446,19993782,,2,/imu_driver,Current time 1681490446 18367767,driver.py,driver,56,"['/imu', '/rosout']"
1681490446.0457995,64879,1681490446,45191049,,2,/imu_driver,Current time 1681490446 43344020,driver.py,driver,56,"['/imu', '/rosout']"
1681490446.0708275,64880,1681490446,70408344,,2,/imu_driver,Current time 1681490446 68394422,driver.py,driver,56,"['/imu', '/rosout']"
1681490446.0974123,64881,1681490446,95661163,,2,/imu_driver,Current time 1681490446 93353748,driver.py,driver,56,"['/imu', '/rosout']"
1681490446.1234596,64882,1681490446,122561454,,2,/imu_driver,Current time 1681490446 120724916,driver.py,driver,56,"['/imu', '/rosout']"
1681490446.1459093,64883,1681490446,145334720,,2,/imu_driver,Current time 1681490446 144055604,driver.py,driver,56,"['/imu', '/rosout']"
1681490446.1713948,64884,1681490446,170606851,,2,/imu_driver,Current time 1681490446 169103384,driver.py,driver,56,"['/imu', '/rosout']"
1681490446.1966374,64885,1681490446,195880651,,2,/imu_driver,Current time 1681490446 193984746,driver.py,driver,56,"['/imu', '/rosout']"
1681490446.2204926,64886,1681490446,220249891,,2,/imu_driver,Current time 1681490446 219028472,driver.py,driver,56,"['/imu', '/rosout']"
1681490446.2490854,64887,1681490446,247459411,,2,/imu_driver,Current time 1681490446 244050741,driver.py,driver,56,"['/imu', '/rosout']"
1681490446.2707777,64888,1681490446,270199298,,2,/imu_driver,Current time 1681490446 269140243,driver.py,driver,56,"['/imu', '/rosout']"
1681490446.2955077,64889,1681490446,295239448,,2,/imu_driver,Current time 1681490446 294152259,driver.py,driver,56,"['/imu', '/rosout']"
1681490446.320952,64890,1681490446,320260286,,2,/imu_driver,Current time 1681490446 319136619,driver.py,driver,56,"['/imu', '/rosout']"
1681490446.346353,64891,1681490446,345344305,,2,/imu_driver,Current time 1681490446 343959093,driver.py,driver,56,"['/imu', '/rosout']"
1681490446.3710346,64892,1681490446,370353937,,2,/imu_driver,Current time 1681490446 369087696,driver.py,driver,56,"['/imu', '/rosout']"
1681490446.3953216,64893,1681490446,395117282,,2,/imu_driver,Current time 1681490446 394123077,driver.py,driver,56,"['/imu', '/rosout']"
1681490446.420687,64894,1681490446,419990301,,2,/imu_driver,Current time 1681490446 418874740,driver.py,driver,56,"['/imu', '/rosout']"
1681490446.4455857,64895,1681490446,445252895,,2,/imu_driver,Current time 1681490446 444055795,driver.py,driver,56,"['/imu', '/rosout']"
1681490446.4701505,64896,1681490446,469888210,,2,/imu_driver,Current time 1681490446 468845844,driver.py,driver,56,"['/imu', '/rosout']"
1681490446.497295,64897,1681490446,496671199,,2,/imu_driver,Current time 1681490446 494095325,driver.py,driver,56,"['/imu', '/rosout']"
1681490446.5207202,64898,1681490446,520080566,,2,/imu_driver,Current time 1681490446 519063949,driver.py,driver,56,"['/imu', '/rosout']"
1681490446.5455935,64899,1681490446,545144319,,2,/imu_driver,Current time 1681490446 544043540,driver.py,driver,56,"['/imu', '/rosout']"
1681490446.570347,64900,1681490446,570104837,,2,/imu_driver,Current time 1681490446 568979740,driver.py,driver,56,"['/imu', '/rosout']"
1681490446.5963023,64901,1681490446,595627307,,2,/imu_driver,Current time 1681490446 594135522,driver.py,driver,56,"['/imu', '/rosout']"
1681490446.6209464,64902,1681490446,620393991,,2,/imu_driver,Current time 1681490446 618937253,driver.py,driver,56,"['/imu', '/rosout']"
1681490446.6464126,64903,1681490446,645505189,,2,/imu_driver,Current time 1681490446 644203662,driver.py,driver,56,"['/imu', '/rosout']"
1681490446.670837,64904,1681490446,670203924,,2,/imu_driver,Current time 1681490446 668941497,driver.py,driver,56,"['/imu', '/rosout']"
1681490446.6956637,64905,1681490446,695085287,,2,/imu_driver,Current time 1681490446 693757295,driver.py,driver,56,"['/imu', '/rosout']"
1681490446.7203612,64906,1681490446,719884872,,2,/imu_driver,Current time 1681490446 718881845,driver.py,driver,56,"['/imu', '/rosout']"
1681490446.74795,64907,1681490446,747359514,,2,/imu_driver,Current time 1681490446 743726491,driver.py,driver,56,"['/imu', '/rosout']"
1681490446.770205,64908,1681490446,769861459,,2,/imu_driver,Current time 1681490446 768854618,driver.py,driver,56,"['/imu', '/rosout']"
1681490446.7948875,64909,1681490446,794585227,,2,/imu_driver,Current time 1681490446 793630123,driver.py,driver,56,"['/imu', '/rosout']"
1681490446.8203545,64910,1681490446,820009708,,2,/imu_driver,Current time 1681490446 818805932,driver.py,driver,56,"['/imu', '/rosout']"
1681490446.8459094,64911,1681490446,845626831,,2,/imu_driver,Current time 1681490446 844213247,driver.py,driver,56,"['/imu', '/rosout']"
1681490446.8701646,64912,1681490446,869855642,,2,/imu_driver,Current time 1681490446 868680238,driver.py,driver,56,"['/imu', '/rosout']"
1681490446.895892,64913,1681490446,895082473,,2,/imu_driver,Current time 1681490446 893766880,driver.py,driver,56,"['/imu', '/rosout']"
1681490446.9203858,64914,1681490446,919606208,,2,/imu_driver,Current time 1681490446 918581724,driver.py,driver,56,"['/imu', '/rosout']"
1681490446.9450405,64915,1681490446,944732189,,2,/imu_driver,Current time 1681490446 943648099,driver.py,driver,56,"['/imu', '/rosout']"
1681490446.9705932,64916,1681490446,969854116,,2,/imu_driver,Current time 1681490446 968616247,driver.py,driver,56,"['/imu', '/rosout']"
1681490446.9962535,64917,1681490446,995212078,,2,/imu_driver,Current time 1681490446 993865966,driver.py,driver,56,"['/imu', '/rosout']"
1681490447.0207262,64918,1681490447,20290613,,2,/imu_driver,Current time 1681490447 19078731,driver.py,driver,56,"['/imu', '/rosout']"
1681490447.0455775,64919,1681490447,45089721,,2,/imu_driver,Current time 1681490447 43555498,driver.py,driver,56,"['/imu', '/rosout']"
1681490447.0699432,64920,1681490447,69710731,,2,/imu_driver,Current time 1681490447 68638563,driver.py,driver,56,"['/imu', '/rosout']"
1681490447.0956764,64921,1681490447,94908952,,2,/imu_driver,Current time 1681490447 93555688,driver.py,driver,56,"['/imu', '/rosout']"
1681490447.1202247,64922,1681490447,119774103,,2,/imu_driver,Current time 1681490447 118581533,driver.py,driver,56,"['/imu', '/rosout']"
1681490447.14572,64923,1681490447,144789934,,2,/imu_driver,Current time 1681490447 143445253,driver.py,driver,56,"['/imu', '/rosout']"
1681490447.1701372,64924,1681490447,169559240,,2,/imu_driver,Current time 1681490447 168583154,driver.py,driver,56,"['/imu', '/rosout']"
1681490447.1951833,64925,1681490447,194544792,,2,/imu_driver,Current time 1681490447 193480730,driver.py,driver,56,"['/imu', '/rosout']"
1681490447.2202249,64926,1681490447,219704627,,2,/imu_driver,Current time 1681490447 218590021,driver.py,driver,56,"['/imu', '/rosout']"
1681490447.2456923,64927,1681490447,245146989,,2,/imu_driver,Current time 1681490447 243764400,driver.py,driver,56,"['/imu', '/rosout']"
1681490447.2701366,64928,1681490447,269572973,,2,/imu_driver,Current time 1681490447 268451213,driver.py,driver,56,"['/imu', '/rosout']"
1681490447.2946537,64929,1681490447,294404268,,2,/imu_driver,Current time 1681490447 293511629,driver.py,driver,56,"['/imu', '/rosout']"
1681490447.3197243,64930,1681490447,319437742,,2,/imu_driver,Current time 1681490447 318418979,driver.py,driver,56,"['/imu', '/rosout']"
1681490447.3452547,64931,1681490447,345054864,,2,/imu_driver,Current time 1681490447 343545436,driver.py,driver,56,"['/imu', '/rosout']"
1681490447.370074,64932,1681490447,369643926,,2,/imu_driver,Current time 1681490447 368435382,driver.py,driver,56,"['/imu', '/rosout']"
1681490447.3946002,64933,1681490447,394395589,,2,/imu_driver,Current time 1681490447 393261194,driver.py,driver,56,"['/imu', '/rosout']"
1681490447.4196627,64934,1681490447,419427394,,2,/imu_driver,Current time 1681490447 418331861,driver.py,driver,56,"['/imu', '/rosout']"
1681490447.444599,64935,1681490447,444375753,,2,/imu_driver,Current time 1681490447 443330764,driver.py,driver,56,"['/imu', '/rosout']"
1681490447.4704926,64936,1681490447,470316886,,2,/imu_driver,Current time 1681490447 469173192,driver.py,driver,56,"['/imu', '/rosout']"
1681490447.4961896,64937,1681490447,495466947,,2,/imu_driver,Current time 1681490447 494143724,driver.py,driver,56,"['/imu', '/rosout']"
1681490447.521719,64938,1681490447,521057128,,2,/imu_driver,Current time 1681490447 519176483,driver.py,driver,56,"['/imu', '/rosout']"
1681490447.5461278,64939,1681490447,545244693,,2,/imu_driver,Current time 1681490447 544223546,driver.py,driver,56,"['/imu', '/rosout']"
1681490447.5705426,64940,1681490447,570225238,,2,/imu_driver,Current time 1681490447 569130420,driver.py,driver,56,"['/imu', '/rosout']"
1681490447.5979903,64941,1681490447,597372055,,2,/imu_driver,Current time 1681490447 596069335,driver.py,driver,56,"['/imu', '/rosout']"
1681490447.6207151,64942,1681490447,620224237,,2,/imu_driver,Current time 1681490447 619032144,driver.py,driver,56,"['/imu', '/rosout']"
1681490447.6485355,64943,1681490447,646350383,,2,/imu_driver,Current time 1681490447 644961118,driver.py,driver,56,"['/imu', '/rosout']"
1681490447.671132,64944,1681490447,670107841,,2,/imu_driver,Current time 1681490447 669011116,driver.py,driver,56,"['/imu', '/rosout']"
1681490447.6957772,64945,1681490447,695203304,,2,/imu_driver,Current time 1681490447 694188594,driver.py,driver,56,"['/imu', '/rosout']"
1681490447.7204487,64946,1681490447,719974517,,2,/imu_driver,Current time 1681490447 718995571,driver.py,driver,56,"['/imu', '/rosout']"
1681490447.7466989,64947,1681490447,745822668,,2,/imu_driver,Current time 1681490447 744463205,driver.py,driver,56,"['/imu', '/rosout']"
1681490447.770555,64948,1681490447,770226716,,2,/imu_driver,Current time 1681490447 769034862,driver.py,driver,56,"['/imu', '/rosout']"
1681490447.8002305,64949,1681490447,799733877,,2,/imu_driver,Current time 1681490447 794512987,driver.py,driver,56,"['/imu', '/rosout']"
1681490447.8210852,64950,1681490447,820249795,,2,/imu_driver,Current time 1681490447 818965435,driver.py,driver,56,"['/imu', '/rosout']"
1681490447.846458,64951,1681490447,845626831,,2,/imu_driver,Current time 1681490447 844012260,driver.py,driver,56,"['/imu', '/rosout']"
1681490447.8718662,64952,1681490447,871227025,,2,/imu_driver,Current time 1681490447 870065212,driver.py,driver,56,"['/imu', '/rosout']"
1681490447.895391,64953,1681490447,895172357,,2,/imu_driver,Current time 1681490447 893907308,driver.py,driver,56,"['/imu', '/rosout']"
1681490447.9205513,64954,1681490447,920017957,,2,/imu_driver,Current time 1681490447 918926239,driver.py,driver,56,"['/imu', '/rosout']"
1681490447.9455733,64955,1681490447,945076227,,2,/imu_driver,Current time 1681490447 944016933,driver.py,driver,56,"['/imu', '/rosout']"
1681490447.970367,64956,1681490447,969844579,,2,/imu_driver,Current time 1681490447 968708276,driver.py,driver,56,"['/imu', '/rosout']"
1681490447.997187,64957,1681490447,996885538,,2,/imu_driver,Current time 1681490447 995414972,driver.py,driver,56,"['/imu', '/rosout']"
1681490448.0203946,64958,1681490448,19887208,,2,/imu_driver,Current time 1681490448 18738985,driver.py,driver,56,"['/imu', '/rosout']"
1681490448.0450315,64959,1681490448,44722318,,2,/imu_driver,Current time 1681490448 43716192,driver.py,driver,56,"['/imu', '/rosout']"
1681490448.070777,64960,1681490448,70133209,,2,/imu_driver,Current time 1681490448 68962097,driver.py,driver,56,"['/imu', '/rosout']"
1681490448.0957956,64961,1681490448,95053195,,2,/imu_driver,Current time 1681490448 93669891,driver.py,driver,56,"['/imu', '/rosout']"
1681490448.1216495,64962,1681490448,120781421,,2,/imu_driver,Current time 1681490448 119339466,driver.py,driver,56,"['/imu', '/rosout']"
1681490448.1466327,64963,1681490448,144957780,,2,/imu_driver,Current time 1681490448 143702745,driver.py,driver,56,"['/imu', '/rosout']"
1681490448.1703293,64964,1681490448,169812202,,2,/imu_driver,Current time 1681490448 168779373,driver.py,driver,56,"['/imu', '/rosout']"
1681490448.19514,64965,1681490448,194858789,,2,/imu_driver,Current time 1681490448 193789482,driver.py,driver,56,"['/imu', '/rosout']"
1681490448.2199798,64966,1681490448,219812393,,2,/imu_driver,Current time 1681490448 218685865,driver.py,driver,56,"['/imu', '/rosout']"
1681490448.245391,64967,1681490448,244964599,,2,/imu_driver,Current time 1681490448 243596315,driver.py,driver,56,"['/imu', '/rosout']"
1681490448.2705297,64968,1681490448,269848823,,2,/imu_driver,Current time 1681490448 268671035,driver.py,driver,56,"['/imu', '/rosout']"
1681490448.2952957,64969,1681490448,294700860,,2,/imu_driver,Current time 1681490448 293663740,driver.py,driver,56,"['/imu', '/rosout']"
1681490448.3206186,64970,1681490448,319812774,,2,/imu_driver,Current time 1681490448 318595647,driver.py,driver,56,"['/imu', '/rosout']"
1681490448.345696,64971,1681490448,345359325,,2,/imu_driver,Current time 1681490448 343755960,driver.py,driver,56,"['/imu', '/rosout']"
1681490448.3700101,64972,1681490448,369795083,,2,/imu_driver,Current time 1681490448 368574857,driver.py,driver,56,"['/imu', '/rosout']"
1681490448.3962638,64973,1681490448,395544528,,2,/imu_driver,Current time 1681490448 394071340,driver.py,driver,56,"['/imu', '/rosout']"
1681490448.4203453,64974,1681490448,419631958,,2,/imu_driver,Current time 1681490448 418714761,driver.py,driver,56,"['/imu', '/rosout']"
1681490448.4450262,64975,1681490448,444781780,,2,/imu_driver,Current time 1681490448 443650007,driver.py,driver,56,"['/imu', '/rosout']"
1681490448.4704053,64976,1681490448,469512701,,2,/imu_driver,Current time 1681490448 468544244,driver.py,driver,56,"['/imu', '/rosout']"
1681490448.4958687,64977,1681490448,494595766,,2,/imu_driver,Current time 1681490448 493512153,driver.py,driver,56,"['/imu', '/rosout']"
1681490448.5204291,64978,1681490448,519692182,,2,/imu_driver,Current time 1681490448 518412113,driver.py,driver,56,"['/imu', '/rosout']"
1681490448.5447605,64979,1681490448,544499397,,2,/imu_driver,Current time 1681490448 543520212,driver.py,driver,56,"['/imu', '/rosout']"
1681490448.570751,64980,1681490448,569560289,,2,/imu_driver,Current time 1681490448 568497657,driver.py,driver,56,"['/imu', '/rosout']"
1681490448.5960925,64981,1681490448,595030784,,2,/imu_driver,Current time 1681490448 593376398,driver.py,driver,56,"['/imu', '/rosout']"
1681490448.620694,64982,1681490448,620081901,,2,/imu_driver,Current time 1681490448 618797779,driver.py,driver,56,"['/imu', '/rosout']"
1681490448.6460936,64983,1681490448,644791603,,2,/imu_driver,Current time 1681490448 643310308,driver.py,driver,56,"['/imu', '/rosout']"
1681490448.6706965,64984,1681490448,670236110,,2,/imu_driver,Current time 1681490448 669228553,driver.py,driver,56,"['/imu', '/rosout']"
1681490448.6954873,64985,1681490448,694759845,,2,/imu_driver,Current time 1681490448 693613767,driver.py,driver,56,"['/imu', '/rosout']"
1681490448.7211845,64986,1681490448,720476150,,2,/imu_driver,Current time 1681490448 719354391,driver.py,driver,56,"['/imu', '/rosout']"
1681490448.7463655,64987,1681490448,745730876,,2,/imu_driver,Current time 1681490448 744236469,driver.py,driver,56,"['/imu', '/rosout']"
1681490448.7707872,64988,1681490448,770477294,,2,/imu_driver,Current time 1681490448 769212722,driver.py,driver,56,"['/imu', '/rosout']"
1681490448.7941763,64989,1681490448,794025421,,2,/imu_driver,Current time 1681490448 793107032,driver.py,driver,56,"['/imu', '/rosout']"
1681490448.8207996,64990,1681490448,820183277,,2,/imu_driver,Current time 1681490448 819102764,driver.py,driver,56,"['/imu', '/rosout']"
1681490448.8467312,64991,1681490448,845988273,,2,/imu_driver,Current time 1681490448 844713449,driver.py,driver,56,"['/imu', '/rosout']"
1681490448.872967,64992,1681490448,872218370,,2,/imu_driver,Current time 1681490448 869304895,driver.py,driver,56,"['/imu', '/rosout']"
1681490448.8952806,64993,1681490448,894590616,,2,/imu_driver,Current time 1681490448 893228292,driver.py,driver,56,"['/imu', '/rosout']"
1681490448.921241,64994,1681490448,920382976,,2,/imu_driver,Current time 1681490448 919138193,driver.py,driver,56,"['/imu', '/rosout']"
1681490448.9462225,64995,1681490448,945429086,,2,/imu_driver,Current time 1681490448 944164752,driver.py,driver,56,"['/imu', '/rosout']"
1681490448.9706855,64996,1681490448,970459461,,2,/imu_driver,Current time 1681490448 969233036,driver.py,driver,56,"['/imu', '/rosout']"
1681490448.9980617,64997,1681490448,997765779,,2,/imu_driver,Current time 1681490448 996261119,driver.py,driver,56,"['/imu', '/rosout']"
1681490449.0204642,64998,1681490449,20214080,,2,/imu_driver,Current time 1681490449 18999099,driver.py,driver,56,"['/imu', '/rosout']"
1681490449.045115,64999,1681490449,44921875,,2,/imu_driver,Current time 1681490449 43929815,driver.py,driver,56,"['/imu', '/rosout']"
1681490449.070455,65000,1681490449,70228338,,2,/imu_driver,Current time 1681490449 68928480,driver.py,driver,56,"['/imu', '/rosout']"
1681490449.095629,65001,1681490449,95302820,,2,/imu_driver,Current time 1681490449 93929290,driver.py,driver,56,"['/imu', '/rosout']"
1681490449.1210153,65002,1681490449,120303630,,2,/imu_driver,Current time 1681490449 118964910,driver.py,driver,56,"['/imu', '/rosout']"
1681490449.1456285,65003,1681490449,145341396,,2,/imu_driver,Current time 1681490449 143974542,driver.py,driver,56,"['/imu', '/rosout']"
1681490449.1703937,65004,1681490449,169724941,,2,/imu_driver,Current time 1681490449 168763875,driver.py,driver,56,"['/imu', '/rosout']"
1681490449.1953166,65005,1681490449,194915056,,2,/imu_driver,Current time 1681490449 193942546,driver.py,driver,56,"['/imu', '/rosout']"
1681490449.2202697,65006,1681490449,219893932,,2,/imu_driver,Current time 1681490449 218824148,driver.py,driver,56,"['/imu', '/rosout']"
1681490449.2462428,65007,1681490449,245472669,,2,/imu_driver,Current time 1681490449 243961811,driver.py,driver,56,"['/imu', '/rosout']"
1681490449.271093,65008,1681490449,270161628,,2,/imu_driver,Current time 1681490449 268860340,driver.py,driver,56,"['/imu', '/rosout']"
1681490449.2953808,65009,1681490449,294691085,,2,/imu_driver,Current time 1681490449 293799161,driver.py,driver,56,"['/imu', '/rosout']"
1681490449.3201292,65010,1681490449,319818258,,2,/imu_driver,Current time 1681490449 318765401,driver.py,driver,56,"['/imu', '/rosout']"
1681490449.3449798,65011,1681490449,344807624,,2,/imu_driver,Current time 1681490449 343717575,driver.py,driver,56,"['/imu', '/rosout']"
1681490449.369938,65012,1681490449,369802713,,2,/imu_driver,Current time 1681490449 368842840,driver.py,driver,56,"['/imu', '/rosout']"
1681490449.3955662,65013,1681490449,395373821,,2,/imu_driver,Current time 1681490449 393773078,driver.py,driver,56,"['/imu', '/rosout']"
1681490449.4197874,65014,1681490449,419659376,,2,/imu_driver,Current time 1681490449 418821573,driver.py,driver,56,"['/imu', '/rosout']"
1681490449.4448378,65015,1681490449,444673538,,2,/imu_driver,Current time 1681490449 443732976,driver.py,driver,56,"['/imu', '/rosout']"
1681490449.4697895,65016,1681490449,469639778,,2,/imu_driver,Current time 1681490449 468696117,driver.py,driver,56,"['/imu', '/rosout']"
1681490449.4962308,65017,1681490449,495975017,,2,/imu_driver,Current time 1681490449 494042396,driver.py,driver,56,"['/imu', '/rosout']"
1681490449.5202544,65018,1681490449,520040750,,2,/imu_driver,Current time 1681490449 518669605,driver.py,driver,56,"['/imu', '/rosout']"
1681490449.5448105,65019,1681490449,544645309,,2,/imu_driver,Current time 1681490449 543656349,driver.py,driver,56,"['/imu', '/rosout']"
1681490449.569968,65020,1681490449,569768905,,2,/imu_driver,Current time 1681490449 568654298,driver.py,driver,56,"['/imu', '/rosout']"
1681490449.5948973,65021,1681490449,594710826,,2,/imu_driver,Current time 1681490449 593660593,driver.py,driver,56,"['/imu', '/rosout']"
1681490449.619833,65022,1681490449,619515180,,2,/imu_driver,Current time 1681490449 618522644,driver.py,driver,56,"['/imu', '/rosout']"
1681490449.646056,65023,1681490449,645025730,,2,/imu_driver,Current time 1681490449 643640279,driver.py,driver,56,"['/imu', '/rosout']"
1681490449.67118,65024,1681490449,670037031,,2,/imu_driver,Current time 1681490449 668909311,driver.py,driver,56,"['/imu', '/rosout']"
1681490449.6950893,65025,1681490449,694386959,,2,/imu_driver,Current time 1681490449 693461179,driver.py,driver,56,"['/imu', '/rosout']"
1681490449.7211418,65026,1681490449,720161676,,2,/imu_driver,Current time 1681490449 718875885,driver.py,driver,56,"['/imu', '/rosout']"
1681490449.7461715,65027,1681490449,745752334,,2,/imu_driver,Current time 1681490449 744403600,driver.py,driver,56,"['/imu', '/rosout']"
1681490449.7700639,65028,1681490449,769601583,,2,/imu_driver,Current time 1681490449 768596649,driver.py,driver,56,"['/imu', '/rosout']"
1681490449.794922,65029,1681490449,794454574,,2,/imu_driver,Current time 1681490449 793479681,driver.py,driver,56,"['/imu', '/rosout']"
1681490449.8195872,65030,1681490449,819412469,,2,/imu_driver,Current time 1681490449 818486452,driver.py,driver,56,"['/imu', '/rosout']"
1681490449.8446858,65031,1681490449,844454050,,2,/imu_driver,Current time 1681490449 843460559,driver.py,driver,56,"['/imu', '/rosout']"
1681490449.8697739,65032,1681490449,869573354,,2,/imu_driver,Current time 1681490449 868505716,driver.py,driver,56,"['/imu', '/rosout']"
1681490449.8956578,65033,1681490449,895259141,,2,/imu_driver,Current time 1681490449 893927574,driver.py,driver,56,"['/imu', '/rosout']"
1681490449.9198198,65034,1681490449,919487476,,2,/imu_driver,Current time 1681490449 918579816,driver.py,driver,56,"['/imu', '/rosout']"
1681490449.9445434,65035,1681490449,944244146,,2,/imu_driver,Current time 1681490449 943256616,driver.py,driver,56,"['/imu', '/rosout']"
1681490449.9696264,65036,1681490449,969276428,,2,/imu_driver,Current time 1681490449 968217372,driver.py,driver,56,"['/imu', '/rosout']"
1681490449.9952803,65037,1681490449,994529485,,2,/imu_driver,Current time 1681490449 993254184,driver.py,driver,56,"['/imu', '/rosout']"
1681490450.0205996,65038,1681490450,20382642,,2,/imu_driver,Current time 1681490450 19327640,driver.py,driver,56,"['/imu', '/rosout']"
1681490450.0455475,65039,1681490450,44663906,,2,/imu_driver,Current time 1681490450 43408632,driver.py,driver,56,"['/imu', '/rosout']"
1681490450.071047,65040,1681490450,70517063,,2,/imu_driver,Current time 1681490450 69283008,driver.py,driver,56,"['/imu', '/rosout']"
1681490450.095992,65041,1681490450,95364809,,2,/imu_driver,Current time 1681490450 94225168,driver.py,driver,56,"['/imu', '/rosout']"
1681490450.1213636,65042,1681490450,120801448,,2,/imu_driver,Current time 1681490450 119255065,driver.py,driver,56,"['/imu', '/rosout']"
1681490450.1462777,65043,1681490450,145565271,,2,/imu_driver,Current time 1681490450 144186258,driver.py,driver,56,"['/imu', '/rosout']"
1681490450.170639,65044,1681490450,170373678,,2,/imu_driver,Current time 1681490450 169233322,driver.py,driver,56,"['/imu', '/rosout']"
1681490450.1953266,65045,1681490450,195078849,,2,/imu_driver,Current time 1681490450 194115161,driver.py,driver,56,"['/imu', '/rosout']"
1681490450.2208707,65046,1681490450,220214843,,2,/imu_driver,Current time 1681490450 219219923,driver.py,driver,56,"['/imu', '/rosout']"
1681490450.248638,65047,1681490450,247854948,,2,/imu_driver,Current time 1681490450 246486902,driver.py,driver,56,"['/imu', '/rosout']"
1681490450.2704418,65048,1681490450,270178556,,2,/imu_driver,Current time 1681490450 269012212,driver.py,driver,56,"['/imu', '/rosout']"
1681490450.2953653,65049,1681490450,295132160,,2,/imu_driver,Current time 1681490450 293982505,driver.py,driver,56,"['/imu', '/rosout']"
1681490450.320201,65050,1681490450,320028066,,2,/imu_driver,Current time 1681490450 319107532,driver.py,driver,56,"['/imu', '/rosout']"
1681490450.3451035,65051,1681490450,344936132,,2,/imu_driver,Current time 1681490450 343949794,driver.py,driver,56,"['/imu', '/rosout']"
1681490450.370283,65052,1681490450,370063066,,2,/imu_driver,Current time 1681490450 369010925,driver.py,driver,56,"['/imu', '/rosout']"
1681490450.3956046,65053,1681490450,395318746,,2,/imu_driver,Current time 1681490450 394025325,driver.py,driver,56,"['/imu', '/rosout']"
1681490450.4202724,65054,1681490450,420079469,,2,/imu_driver,Current time 1681490450 418992757,driver.py,driver,56,"['/imu', '/rosout']"
1681490450.4451675,65055,1681490450,445007562,,2,/imu_driver,Current time 1681490450 444019317,driver.py,driver,56,"['/imu', '/rosout']"
1681490450.470288,65056,1681490450,470103740,,2,/imu_driver,Current time 1681490450 469067096,driver.py,driver,56,"['/imu', '/rosout']"
1681490450.4951847,65057,1681490450,494981288,,2,/imu_driver,Current time 1681490450 493851423,driver.py,driver,56,"['/imu', '/rosout']"
1681490450.520515,65058,1681490450,520135164,,2,/imu_driver,Current time 1681490450 518893241,driver.py,driver,56,"['/imu', '/rosout']"
1681490450.5467947,65059,1681490450,546353340,,2,/imu_driver,Current time 1681490450 543910026,driver.py,driver,56,"['/imu', '/rosout']"
1681490450.5699844,65060,1681490450,569754600,,2,/imu_driver,Current time 1681490450 568807601,driver.py,driver,56,"['/imu', '/rosout']"
1681490450.5954921,65061,1681490450,595007181,,2,/imu_driver,Current time 1681490450 594018697,driver.py,driver,56,"['/imu', '/rosout']"
1681490450.6205738,65062,1681490450,619771957,,2,/imu_driver,Current time 1681490450 618858814,driver.py,driver,56,"['/imu', '/rosout']"
1681490450.647349,65063,1681490450,646597146,,2,/imu_driver,Current time 1681490450 645510196,driver.py,driver,56,"['/imu', '/rosout']"
1681490450.6704783,65064,1681490450,669883251,,2,/imu_driver,Current time 1681490450 668837308,driver.py,driver,56,"['/imu', '/rosout']"
1681490450.6952155,65065,1681490450,694958925,,2,/imu_driver,Current time 1681490450 693806886,driver.py,driver,56,"['/imu', '/rosout']"
1681490450.7202857,65066,1681490450,719724893,,2,/imu_driver,Current time 1681490450 718683242,driver.py,driver,56,"['/imu', '/rosout']"
1681490450.7452664,65067,1681490450,744742870,,2,/imu_driver,Current time 1681490450 743750095,driver.py,driver,56,"['/imu', '/rosout']"
1681490450.770011,65068,1681490450,769784927,,2,/imu_driver,Current time 1681490450 768789529,driver.py,driver,56,"['/imu', '/rosout']"
1681490450.7955084,65069,1681490450,795229196,,2,/imu_driver,Current time 1681490450 793836355,driver.py,driver,56,"['/imu', '/rosout']"
1681490450.8199992,65070,1681490450,819664716,,2,/imu_driver,Current time 1681490450 818770170,driver.py,driver,56,"['/imu', '/rosout']"
1681490450.8449488,65071,1681490450,844725608,,2,/imu_driver,Current time 1681490450 843784809,driver.py,driver,56,"['/imu', '/rosout']"
1681490450.8698637,65072,1681490450,869712352,,2,/imu_driver,Current time 1681490450 868687391,driver.py,driver,56,"['/imu', '/rosout']"
1681490450.8957694,65073,1681490450,895055770,,2,/imu_driver,Current time 1681490450 893702983,driver.py,driver,56,"['/imu', '/rosout']"
1681490450.9207237,65074,1681490450,919659376,,2,/imu_driver,Current time 1681490450 918741703,driver.py,driver,56,"['/imu', '/rosout']"
1681490450.94587,65075,1681490450,945564985,,2,/imu_driver,Current time 1681490450 943672895,driver.py,driver,56,"['/imu', '/rosout']"
1681490450.970121,65076,1681490450,969721078,,2,/imu_driver,Current time 1681490450 968599081,driver.py,driver,56,"['/imu', '/rosout']"
1681490450.9951947,65077,1681490450,994745254,,2,/imu_driver,Current time 1681490450 993760824,driver.py,driver,56,"['/imu', '/rosout']"
1681490451.0197911,65078,1681490451,19613981,,2,/imu_driver,Current time 1681490451 18486499,driver.py,driver,56,"['/imu', '/rosout']"
1681490451.0457067,65079,1681490451,45268535,,2,/imu_driver,Current time 1681490451 43537855,driver.py,driver,56,"['/imu', '/rosout']"
1681490451.0699124,65080,1681490451,69635391,,2,/imu_driver,Current time 1681490451 68677425,driver.py,driver,56,"['/imu', '/rosout']"
1681490451.0949552,65081,1681490451,94738245,,2,/imu_driver,Current time 1681490451 93633890,driver.py,driver,56,"['/imu', '/rosout']"
1681490451.1196692,65082,1681490451,119492530,,2,/imu_driver,Current time 1681490451 118494987,driver.py,driver,56,"['/imu', '/rosout']"
1681490451.1457884,65083,1681490451,145531177,,2,/imu_driver,Current time 1681490451 143795490,driver.py,driver,56,"['/imu', '/rosout']"
1681490451.1701431,65084,1681490451,169892311,,2,/imu_driver,Current time 1681490451 168618440,driver.py,driver,56,"['/imu', '/rosout']"
1681490451.196778,65085,1681490451,196425437,,2,/imu_driver,Current time 1681490451 193663835,driver.py,driver,56,"['/imu', '/rosout']"
1681490451.2223885,65086,1681490451,220567703,,2,/imu_driver,Current time 1681490451 218674421,driver.py,driver,56,"['/imu', '/rosout']"
1681490451.2456894,65087,1681490451,244490385,,2,/imu_driver,Current time 1681490451 243338823,driver.py,driver,56,"['/imu', '/rosout']"
1681490451.270727,65088,1681490451,269891738,,2,/imu_driver,Current time 1681490451 268479824,driver.py,driver,56,"['/imu', '/rosout']"
1681490451.296919,65089,1681490451,296094655,,2,/imu_driver,Current time 1681490451 293861150,driver.py,driver,56,"['/imu', '/rosout']"
1681490451.3197842,65090,1681490451,319277048,,2,/imu_driver,Current time 1681490451 318332433,driver.py,driver,56,"['/imu', '/rosout']"
1681490451.3447754,65091,1681490451,344340324,,2,/imu_driver,Current time 1681490451 343321561,driver.py,driver,56,"['/imu', '/rosout']"
1681490451.37031,65092,1681490451,369399547,,2,/imu_driver,Current time 1681490451 368436336,driver.py,driver,56,"['/imu', '/rosout']"
1681490451.3958316,65093,1681490451,394963741,,2,/imu_driver,Current time 1681490451 393540859,driver.py,driver,56,"['/imu', '/rosout']"
1681490451.4209003,65094,1681490451,420355796,,2,/imu_driver,Current time 1681490451 419368267,driver.py,driver,56,"['/imu', '/rosout']"
1681490451.4447963,65095,1681490451,444228172,,2,/imu_driver,Current time 1681490451 443305969,driver.py,driver,56,"['/imu', '/rosout']"
1681490451.471043,65096,1681490451,470377683,,2,/imu_driver,Current time 1681490451 469312906,driver.py,driver,56,"['/imu', '/rosout']"
1681490451.4986145,65097,1681490451,497945308,,2,/imu_driver,Current time 1681490451 496726036,driver.py,driver,56,"['/imu', '/rosout']"
1681490451.5208821,65098,1681490451,520318746,,2,/imu_driver,Current time 1681490451 519240617,driver.py,driver,56,"['/imu', '/rosout']"
1681490451.5463767,65099,1681490451,545562505,,2,/imu_driver,Current time 1681490451 544255495,driver.py,driver,56,"['/imu', '/rosout']"
1681490451.5709393,65100,1681490451,570336103,,2,/imu_driver,Current time 1681490451 569087266,driver.py,driver,56,"['/imu', '/rosout']"
1681490451.5958483,65101,1681490451,595194101,,2,/imu_driver,Current time 1681490451 594027280,driver.py,driver,56,"['/imu', '/rosout']"
1681490451.6202633,65102,1681490451,620078086,,2,/imu_driver,Current time 1681490451 619051933,driver.py,driver,56,"['/imu', '/rosout']"
1681490451.64597,65103,1681490451,645437479,,2,/imu_driver,Current time 1681490451 644084215,driver.py,driver,56,"['/imu', '/rosout']"
1681490451.6706536,65104,1681490451,670207023,,2,/imu_driver,Current time 1681490451 669113159,driver.py,driver,56,"['/imu', '/rosout']"
1681490451.6956708,65105,1681490451,695160865,,2,/imu_driver,Current time 1681490451 694138050,driver.py,driver,56,"['/imu', '/rosout']"
1681490451.720719,65106,1681490451,720109462,,2,/imu_driver,Current time 1681490451 718927621,driver.py,driver,56,"['/imu', '/rosout']"
1681490451.7455876,65107,1681490451,745146989,,2,/imu_driver,Current time 1681490451 744043827,driver.py,driver,56,"['/imu', '/rosout']"
1681490451.7710958,65108,1681490451,770393371,,2,/imu_driver,Current time 1681490451 769118547,driver.py,driver,56,"['/imu', '/rosout']"
1681490451.7961333,65109,1681490451,795682191,,2,/imu_driver,Current time 1681490451 794294834,driver.py,driver,56,"['/imu', '/rosout']"
1681490451.8212655,65110,1681490451,820362091,,2,/imu_driver,Current time 1681490451 819081544,driver.py,driver,56,"['/imu', '/rosout']"
1681490451.8453481,65111,1681490451,844984054,,2,/imu_driver,Current time 1681490451 844002008,driver.py,driver,56,"['/imu', '/rosout']"
1681490451.8707876,65112,1681490451,870019435,,2,/imu_driver,Current time 1681490451 868963003,driver.py,driver,56,"['/imu', '/rosout']"
1681490451.8977535,65113,1681490451,896378278,,2,/imu_driver,Current time 1681490451 894891500,driver.py,driver,56,"['/imu', '/rosout']"
1681490451.9201872,65114,1681490451,919991254,,2,/imu_driver,Current time 1681490451 919008970,driver.py,driver,56,"['/imu', '/rosout']"
1681490451.945166,65115,1681490451,944978713,,2,/imu_driver,Current time 1681490451 943826198,driver.py,driver,56,"['/imu', '/rosout']"
1681490451.9702814,65116,1681490451,970081567,,2,/imu_driver,Current time 1681490451 968838930,driver.py,driver,56,"['/imu', '/rosout']"
1681490451.995049,65117,1681490451,994869470,,2,/imu_driver,Current time 1681490451 993790626,driver.py,driver,56,"['/imu', '/rosout']"
1681490452.0212793,65118,1681490452,20075559,,2,/imu_driver,Current time 1681490452 18991947,driver.py,driver,56,"['/imu', '/rosout']"
1681490452.046531,65119,1681490452,45511245,,2,/imu_driver,Current time 1681490452 44050693,driver.py,driver,56,"['/imu', '/rosout']"
1681490452.0705307,65120,1681490452,70027828,,2,/imu_driver,Current time 1681490452 68900585,driver.py,driver,56,"['/imu', '/rosout']"
1681490452.0953326,65121,1681490452,94854354,,2,/imu_driver,Current time 1681490452 93868732,driver.py,driver,56,"['/imu', '/rosout']"
1681490452.1206183,65122,1681490452,119903564,,2,/imu_driver,Current time 1681490452 118669509,driver.py,driver,56,"['/imu', '/rosout']"
1681490452.1457283,65123,1681490452,145318508,,2,/imu_driver,Current time 1681490452 143996477,driver.py,driver,56,"['/imu', '/rosout']"
1681490452.1703358,65124,1681490452,170045852,,2,/imu_driver,Current time 1681490452 168844223,driver.py,driver,56,"['/imu', '/rosout']"
1681490452.1960812,65125,1681490452,195557355,,2,/imu_driver,Current time 1681490452 193735837,driver.py,driver,56,"['/imu', '/rosout']"
1681490452.2200105,65126,1681490452,219724178,,2,/imu_driver,Current time 1681490452 218793630,driver.py,driver,56,"['/imu', '/rosout']"
1681490452.245043,65127,1681490452,244721174,,2,/imu_driver,Current time 1681490452 243654727,driver.py,driver,56,"['/imu', '/rosout']"
1681490452.2701635,65128,1681490452,269841909,,2,/imu_driver,Current time 1681490452 268806457,driver.py,driver,56,"['/imu', '/rosout']"
1681490452.295747,65129,1681490452,295290470,,2,/imu_driver,Current time 1681490452 293961524,driver.py,driver,56,"['/imu', '/rosout']"
1681490452.3208022,65130,1681490452,319987535,,2,/imu_driver,Current time 1681490452 318656682,driver.py,driver,56,"['/imu', '/rosout']"
1681490452.3452919,65131,1681490452,344775438,,2,/imu_driver,Current time 1681490452 343572139,driver.py,driver,56,"['/imu', '/rosout']"
1681490452.37026,65132,1681490452,369752883,,2,/imu_driver,Current time 1681490452 368569612,driver.py,driver,56,"['/imu', '/rosout']"
1681490452.396056,65133,1681490452,395056724,,2,/imu_driver,Current time 1681490452 393543004,driver.py,driver,56,"['/imu', '/rosout']"
1681490452.4379978,65134,1681490452,436885833,,2,/imu_driver,Current time 1681490452 418704986,driver.py,driver,56,"['/imu', '/rosout']"
1681490452.4473023,65135,1681490452,445152759,,2,/imu_driver,Current time 1681490452 443624496,driver.py,driver,56,"['/imu', '/rosout']"
1681490452.4701703,65136,1681490452,469674825,,2,/imu_driver,Current time 1681490452 468721866,driver.py,driver,56,"['/imu', '/rosout']"
1681490452.4950244,65137,1681490452,494501829,,2,/imu_driver,Current time 1681490452 493569850,driver.py,driver,56,"['/imu', '/rosout']"
1681490452.5198226,65138,1681490452,519385576,,2,/imu_driver,Current time 1681490452 518462419,driver.py,driver,56,"['/imu', '/rosout']"
1681490452.546203,65139,1681490452,545547962,,2,/imu_driver,Current time 1681490452 544104099,driver.py,driver,56,"['/imu', '/rosout']"
1681490452.5697262,65140,1681490452,569475889,,2,/imu_driver,Current time 1681490452 568473577,driver.py,driver,56,"['/imu', '/rosout']"
1681490452.5947573,65141,1681490452,594487667,,2,/imu_driver,Current time 1681490452 593453407,driver.py,driver,56,"['/imu', '/rosout']"
1681490452.6201482,65142,1681490452,619503498,,2,/imu_driver,Current time 1681490452 618517160,driver.py,driver,56,"['/imu', '/rosout']"
1681490452.6457336,65143,1681490452,644766569,,2,/imu_driver,Current time 1681490452 643621921,driver.py,driver,56,"['/imu', '/rosout']"
1681490452.671029,65144,1681490452,670465707,,2,/imu_driver,Current time 1681490452 669338941,driver.py,driver,56,"['/imu', '/rosout']"
1681490452.6950626,65145,1681490452,694457530,,2,/imu_driver,Current time 1681490452 693317651,driver.py,driver,56,"['/imu', '/rosout']"
1681490452.721177,65146,1681490452,720482349,,2,/imu_driver,Current time 1681490452 719350337,driver.py,driver,56,"['/imu', '/rosout']"
1681490452.7458785,65147,1681490452,745416164,,2,/imu_driver,Current time 1681490452 744416952,driver.py,driver,56,"['/imu', '/rosout']"
1681490452.770787,65148,1681490452,770318746,,2,/imu_driver,Current time 1681490452 769316911,driver.py,driver,56,"['/imu', '/rosout']"
1681490452.7954996,65149,1681490452,795011043,,2,/imu_driver,Current time 1681490452 793565034,driver.py,driver,56,"['/imu', '/rosout']"
1681490452.820931,65150,1681490452,820335626,,2,/imu_driver,Current time 1681490452 819320201,driver.py,driver,56,"['/imu', '/rosout']"
1681490452.8450572,65151,1681490452,844285726,,2,/imu_driver,Current time 1681490452 843341588,driver.py,driver,56,"['/imu', '/rosout']"
1681490452.8706691,65152,1681490452,870172977,,2,/imu_driver,Current time 1681490452 869114160,driver.py,driver,56,"['/imu', '/rosout']"
1681490452.8950884,65153,1681490452,894421339,,2,/imu_driver,Current time 1681490452 893379926,driver.py,driver,56,"['/imu', '/rosout']"
1681490452.9206944,65154,1681490452,920439004,,2,/imu_driver,Current time 1681490452 919323444,driver.py,driver,56,"['/imu', '/rosout']"
1681490452.94577,65155,1681490452,945420742,,2,/imu_driver,Current time 1681490452 944100141,driver.py,driver,56,"['/imu', '/rosout']"
1681490452.9707656,65156,1681490452,970232009,,2,/imu_driver,Current time 1681490452 969249010,driver.py,driver,56,"['/imu', '/rosout']"
1681490452.9955802,65157,1681490452,995122194,,2,/imu_driver,Current time 1681490452 994150161,driver.py,driver,56,"['/imu', '/rosout']"
1681490453.0205252,65158,1681490453,20057201,,2,/imu_driver,Current time 1681490453 19085407,driver.py,driver,56,"['/imu', '/rosout']"
1681490453.0485516,65159,1681490453,47919511,,2,/imu_driver,Current time 1681490453 46692609,driver.py,driver,56,"['/imu', '/rosout']"
1681490453.0703013,65160,1681490453,70056438,,2,/imu_driver,Current time 1681490453 68959951,driver.py,driver,56,"['/imu', '/rosout']"
1681490453.0957155,65161,1681490453,95206499,,2,/imu_driver,Current time 1681490453 94157218,driver.py,driver,56,"['/imu', '/rosout']"
1681490453.1206713,65162,1681490453,119975328,,2,/imu_driver,Current time 1681490453 118992090,driver.py,driver,56,"['/imu', '/rosout']"
1681490453.1452796,65163,1681490453,145086288,,2,/imu_driver,Current time 1681490453 144029617,driver.py,driver,56,"['/imu', '/rosout']"
1681490453.1704102,65164,1681490453,169995546,,2,/imu_driver,Current time 1681490453 168968200,driver.py,driver,56,"['/imu', '/rosout']"
1681490453.195562,65165,1681490453,195259571,,2,/imu_driver,Current time 1681490453 193891048,driver.py,driver,56,"['/imu', '/rosout']"
1681490453.2255883,65166,1681490453,224467039,,2,/imu_driver,Current time 1681490453 219540596,driver.py,driver,56,"['/imu', '/rosout']"
1681490453.2544158,65167,1681490453,254151105,,2,/imu_driver,Current time 1681490453 252828598,driver.py,driver,56,"['/imu', '/rosout']"
1681490453.270384,65168,1681490453,270077943,,2,/imu_driver,Current time 1681490453 269035100,driver.py,driver,56,"['/imu', '/rosout']"
1681490453.296626,65169,1681490453,295877218,,2,/imu_driver,Current time 1681490453 294610261,driver.py,driver,56,"['/imu', '/rosout']"
1681490453.320523,65170,1681490453,319931745,,2,/imu_driver,Current time 1681490453 318814992,driver.py,driver,56,"['/imu', '/rosout']"
1681490453.3457148,65171,1681490453,344933986,,2,/imu_driver,Current time 1681490453 343708515,driver.py,driver,56,"['/imu', '/rosout']"
1681490453.3713148,65172,1681490453,370414018,,2,/imu_driver,Current time 1681490453 369235992,driver.py,driver,56,"['/imu', '/rosout']"
1681490453.396096,65173,1681490453,394825935,,2,/imu_driver,Current time 1681490453 393782377,driver.py,driver,56,"['/imu', '/rosout']"
1681490453.4198282,65174,1681490453,419651985,,2,/imu_driver,Current time 1681490453 418661355,driver.py,driver,56,"['/imu', '/rosout']"
1681490453.4458241,65175,1681490453,445578098,,2,/imu_driver,Current time 1681490453 443718910,driver.py,driver,56,"['/imu', '/rosout']"
1681490453.470498,65176,1681490453,470332384,,2,/imu_driver,Current time 1681490453 469077348,driver.py,driver,56,"['/imu', '/rosout']"
1681490453.497615,65177,1681490453,497345209,,2,/imu_driver,Current time 1681490453 495219945,driver.py,driver,56,"['/imu', '/rosout']"
1681490453.5209334,65178,1681490453,519990205,,2,/imu_driver,Current time 1681490453 518791913,driver.py,driver,56,"['/imu', '/rosout']"
1681490453.5498595,65179,1681490453,546505212,,2,/imu_driver,Current time 1681490453 544982433,driver.py,driver,56,"['/imu', '/rosout']"
1681490453.5709097,65180,1681490453,569948196,,2,/imu_driver,Current time 1681490453 568691730,driver.py,driver,56,"['/imu', '/rosout']"
1681490453.5960155,65181,1681490453,595239400,,2,/imu_driver,Current time 1681490453 593920946,driver.py,driver,56,"['/imu', '/rosout']"
1681490453.6204512,65182,1681490453,619926452,,2,/imu_driver,Current time 1681490453 618825197,driver.py,driver,56,"['/imu', '/rosout']"
1681490453.6453762,65183,1681490453,644831180,,2,/imu_driver,Current time 1681490453 643733739,driver.py,driver,56,"['/imu', '/rosout']"
1681490453.67054,65184,1681490453,669849395,,2,/imu_driver,Current time 1681490453 668790578,driver.py,driver,56,"['/imu', '/rosout']"
1681490453.6965396,65185,1681490453,695740222,,2,/imu_driver,Current time 1681490453 694164752,driver.py,driver,56,"['/imu', '/rosout']"
1681490453.7203505,65186,1681490453,720081329,,2,/imu_driver,Current time 1681490453 718693971,driver.py,driver,56,"['/imu', '/rosout']"
1681490453.7452335,65187,1681490453,744789838,,2,/imu_driver,Current time 1681490453 743668794,driver.py,driver,56,"['/imu', '/rosout']"
1681490453.7700906,65188,1681490453,769464492,,2,/imu_driver,Current time 1681490453 768540620,driver.py,driver,56,"['/imu', '/rosout']"
1681490453.795207,65189,1681490453,794909477,,2,/imu_driver,Current time 1681490453 793546676,driver.py,driver,56,"['/imu', '/rosout']"
1681490453.8197746,65190,1681490453,819538354,,2,/imu_driver,Current time 1681490453 818457603,driver.py,driver,56,"['/imu', '/rosout']"
1681490453.8451195,65191,1681490453,844876527,,2,/imu_driver,Current time 1681490453 843713760,driver.py,driver,56,"['/imu', '/rosout']"
1681490453.8697467,65192,1681490453,869582414,,2,/imu_driver,Current time 1681490453 868471145,driver.py,driver,56,"['/imu', '/rosout']"
1681490453.8947175,65193,1681490453,894506692,,2,/imu_driver,Current time 1681490453 893516063,driver.py,driver,56,"['/imu', '/rosout']"
1681490453.9198425,65194,1681490453,919337034,,2,/imu_driver,Current time 1681490453 918369293,driver.py,driver,56,"['/imu', '/rosout']"
1681490453.9465404,65195,1681490453,945701122,,2,/imu_driver,Current time 1681490453 944287776,driver.py,driver,56,"['/imu', '/rosout']"
1681490453.9713366,65196,1681490453,970742225,,2,/imu_driver,Current time 1681490453 969624519,driver.py,driver,56,"['/imu', '/rosout']"
1681490453.9949663,65197,1681490453,994323730,,2,/imu_driver,Current time 1681490453 993446111,driver.py,driver,56,"['/imu', '/rosout']"
1681490454.020998,65198,1681490454,20111322,,2,/imu_driver,Current time 1681490454 19170999,driver.py,driver,56,"['/imu', '/rosout']"
1681490454.0458627,65199,1681490454,44751644,,2,/imu_driver,Current time 1681490454 43234586,driver.py,driver,56,"['/imu', '/rosout']"
1681490454.070589,65200,1681490454,70273160,,2,/imu_driver,Current time 1681490454 69273948,driver.py,driver,56,"['/imu', '/rosout']"
1681490454.095919,65201,1681490454,95081567,,2,/imu_driver,Current time 1681490454 94174861,driver.py,driver,56,"['/imu', '/rosout']"
1681490454.1211312,65202,1681490454,120374441,,2,/imu_driver,Current time 1681490454 119175672,driver.py,driver,56,"['/imu', '/rosout']"
1681490454.1479595,65203,1681490454,147367000,,2,/imu_driver,Current time 1681490454 146115303,driver.py,driver,56,"['/imu', '/rosout']"
1681490454.1706877,65204,1681490454,170137882,,2,/imu_driver,Current time 1681490454 169090032,driver.py,driver,56,"['/imu', '/rosout']"
1681490454.1964993,65205,1681490454,195781946,,2,/imu_driver,Current time 1681490454 194089174,driver.py,driver,56,"['/imu', '/rosout']"
1681490454.2208953,65206,1681490454,220242738,,2,/imu_driver,Current time 1681490454 219136238,driver.py,driver,56,"['/imu', '/rosout']"
1681490454.2456644,65207,1681490454,245340585,,2,/imu_driver,Current time 1681490454 244239807,driver.py,driver,56,"['/imu', '/rosout']"
1681490454.2710366,65208,1681490454,270440101,,2,/imu_driver,Current time 1681490454 269299745,driver.py,driver,56,"['/imu', '/rosout']"
1681490454.297823,65209,1681490454,297428131,,2,/imu_driver,Current time 1681490454 296268939,driver.py,driver,56,"['/imu', '/rosout']"
1681490454.3210342,65210,1681490454,320355653,,2,/imu_driver,Current time 1681490454 319131374,driver.py,driver,56,"['/imu', '/rosout']"
1681490454.3457222,65211,1681490454,345212936,,2,/imu_driver,Current time 1681490454 344259023,driver.py,driver,56,"['/imu', '/rosout']"
1681490454.370735,65212,1681490454,370423793,,2,/imu_driver,Current time 1681490454 369262218,driver.py,driver,56,"['/imu', '/rosout']"
1681490454.3967893,65213,1681490454,396135568,,2,/imu_driver,Current time 1681490454 394862890,driver.py,driver,56,"['/imu', '/rosout']"
1681490454.4206095,65214,1681490454,420146703,,2,/imu_driver,Current time 1681490454 419131040,driver.py,driver,56,"['/imu', '/rosout']"
1681490454.4470618,65215,1681490454,446437597,,2,/imu_driver,Current time 1681490454 443995475,driver.py,driver,56,"['/imu', '/rosout']"
1681490454.4703481,65216,1681490454,470096111,,2,/imu_driver,Current time 1681490454 469117879,driver.py,driver,56,"['/imu', '/rosout']"
1681490454.4953415,65217,1681490454,495061397,,2,/imu_driver,Current time 1681490454 494028329,driver.py,driver,56,"['/imu', '/rosout']"
1681490454.52042,65218,1681490454,520191431,,2,/imu_driver,Current time 1681490454 519048690,driver.py,driver,56,"['/imu', '/rosout']"
1681490454.546046,65219,1681490454,545465707,,2,/imu_driver,Current time 1681490454 544093608,driver.py,driver,56,"['/imu', '/rosout']"
1681490454.570334,65220,1681490454,570081710,,2,/imu_driver,Current time 1681490454 568906068,driver.py,driver,56,"['/imu', '/rosout']"
1681490454.5956018,65221,1681490454,594990253,,2,/imu_driver,Current time 1681490454 594016551,driver.py,driver,56,"['/imu', '/rosout']"
1681490454.6218092,65222,1681490454,619969367,,2,/imu_driver,Current time 1681490454 618865013,driver.py,driver,56,"['/imu', '/rosout']"
1681490454.648663,65223,1681490454,646044015,,2,/imu_driver,Current time 1681490454 644631862,driver.py,driver,56,"['/imu', '/rosout']"
1681490454.670637,65224,1681490454,670292377,,2,/imu_driver,Current time 1681490454 669001579,driver.py,driver,56,"['/imu', '/rosout']"
1681490454.6982126,65225,1681490454,696012735,,2,/imu_driver,Current time 1681490454 694257259,driver.py,driver,56,"['/imu', '/rosout']"
1681490454.720656,65226,1681490454,720139503,,2,/imu_driver,Current time 1681490454 719018697,driver.py,driver,56,"['/imu', '/rosout']"
1681490454.7454367,65227,1681490454,745114088,,2,/imu_driver,Current time 1681490454 743894815,driver.py,driver,56,"['/imu', '/rosout']"
1681490454.7703195,65228,1681490454,769851207,,2,/imu_driver,Current time 1681490454 768844842,driver.py,driver,56,"['/imu', '/rosout']"
1681490454.7960215,65229,1681490454,795182228,,2,/imu_driver,Current time 1681490454 793778181,driver.py,driver,56,"['/imu', '/rosout']"
1681490454.8200762,65230,1681490454,819775342,,2,/imu_driver,Current time 1681490454 818752050,driver.py,driver,56,"['/imu', '/rosout']"
1681490454.8452516,65231,1681490454,844806432,,2,/imu_driver,Current time 1681490454 843838214,driver.py,driver,56,"['/imu', '/rosout']"
1681490454.870748,65232,1681490454,869970083,,2,/imu_driver,Current time 1681490454 868820905,driver.py,driver,56,"['/imu', '/rosout']"
1681490454.896375,65233,1681490454,895668983,,2,/imu_driver,Current time 1681490454 894207239,driver.py,driver,56,"['/imu', '/rosout']"
1681490454.9205942,65234,1681490454,919720411,,2,/imu_driver,Current time 1681490454 918653488,driver.py,driver,56,"['/imu', '/rosout']"
1681490454.9454088,65235,1681490454,944953680,,2,/imu_driver,Current time 1681490454 943611860,driver.py,driver,56,"['/imu', '/rosout']"
1681490454.9701345,65236,1681490454,969506263,,2,/imu_driver,Current time 1681490454 968569278,driver.py,driver,56,"['/imu', '/rosout']"
1681490454.9946854,65237,1681490454,994469404,,2,/imu_driver,Current time 1681490454 993545293,driver.py,driver,56,"['/imu', '/rosout']"
1681490455.0199091,65238,1681490455,19644021,,2,/imu_driver,Current time 1681490455 18590211,driver.py,driver,56,"['/imu', '/rosout']"
1681490455.0450854,65239,1681490455,44867753,,2,/imu_driver,Current time 1681490455 43515682,driver.py,driver,56,"['/imu', '/rosout']"
1681490455.0700202,65240,1681490455,69817543,,2,/imu_driver,Current time 1681490455 68660736,driver.py,driver,56,"['/imu', '/rosout']"
1681490455.0948107,65241,1681490455,94605684,,2,/imu_driver,Current time 1681490455 93648433,driver.py,driver,56,"['/imu', '/rosout']"
1681490455.1200576,65242,1681490455,119758129,,2,/imu_driver,Current time 1681490455 118537664,driver.py,driver,56,"['/imu', '/rosout']"
1681490455.1461847,65243,1681490455,145426750,,2,/imu_driver,Current time 1681490455 143928527,driver.py,driver,56,"['/imu', '/rosout']"
1681490455.1700275,65244,1681490455,169637680,,2,/imu_driver,Current time 1681490455 168485164,driver.py,driver,56,"['/imu', '/rosout']"
1681490455.1957374,65245,1681490455,194895267,,2,/imu_driver,Current time 1681490455 193457603,driver.py,driver,56,"['/imu', '/rosout']"
1681490455.2213247,65246,1681490455,220497131,,2,/imu_driver,Current time 1681490455 219503879,driver.py,driver,56,"['/imu', '/rosout']"
1681490455.2447326,65247,1681490455,244460344,,2,/imu_driver,Current time 1681490455 243371725,driver.py,driver,56,"['/imu', '/rosout']"
1681490455.2712617,65248,1681490455,270487070,,2,/imu_driver,Current time 1681490455 269432783,driver.py,driver,56,"['/imu', '/rosout']"
1681490455.2996202,65249,1681490455,295633554,,2,/imu_driver,Current time 1681490455 294317245,driver.py,driver,56,"['/imu', '/rosout']"
1681490455.3204556,65250,1681490455,320237159,,2,/imu_driver,Current time 1681490455 319187641,driver.py,driver,56,"['/imu', '/rosout']"
1681490455.3456905,65251,1681490455,345476388,,2,/imu_driver,Current time 1681490455 344468593,driver.py,driver,56,"['/imu', '/rosout']"
1681490455.3705108,65252,1681490455,370329141,,2,/imu_driver,Current time 1681490455 369382858,driver.py,driver,56,"['/imu', '/rosout']"
1681490455.3953726,65253,1681490455,395166873,,2,/imu_driver,Current time 1681490455 394160270,driver.py,driver,56,"['/imu', '/rosout']"
1681490455.4206774,65254,1681490455,420199155,,2,/imu_driver,Current time 1681490455 419229507,driver.py,driver,56,"['/imu', '/rosout']"
1681490455.4482915,65255,1681490455,447992324,,2,/imu_driver,Current time 1681490455 446795940,driver.py,driver,56,"['/imu', '/rosout']"
1681490455.4710183,65256,1681490455,470813989,,2,/imu_driver,Current time 1681490455 469637155,driver.py,driver,56,"['/imu', '/rosout']"
1681490455.4954958,65257,1681490455,495222568,,2,/imu_driver,Current time 1681490455 494295835,driver.py,driver,56,"['/imu', '/rosout']"
1681490455.5203247,65258,1681490455,520095825,,2,/imu_driver,Current time 1681490455 519056081,driver.py,driver,56,"['/imu', '/rosout']"
1681490455.5460057,65259,1681490455,545715808,,2,/imu_driver,Current time 1681490455 544041156,driver.py,driver,56,"['/imu', '/rosout']"
1681490455.5703022,65260,1681490455,570126295,,2,/imu_driver,Current time 1681490455 569170951,driver.py,driver,56,"['/imu', '/rosout']"
1681490455.5958478,65261,1681490455,595538139,,2,/imu_driver,Current time 1681490455 594466924,driver.py,driver,56,"['/imu', '/rosout']"
1681490455.6204448,65262,1681490455,620218992,,2,/imu_driver,Current time 1681490455 619251728,driver.py,driver,56,"['/imu', '/rosout']"
1681490455.6452715,65263,1681490455,645104646,,2,/imu_driver,Current time 1681490455 644040107,driver.py,driver,56,"['/imu', '/rosout']"
1681490455.6704185,65264,1681490455,669963836,,2,/imu_driver,Current time 1681490455 669013023,driver.py,driver,56,"['/imu', '/rosout']"
1681490455.6960695,65265,1681490455,695446729,,2,/imu_driver,Current time 1681490455 694075107,driver.py,driver,56,"['/imu', '/rosout']"
1681490455.7209845,65266,1681490455,720400571,,2,/imu_driver,Current time 1681490455 719042062,driver.py,driver,56,"['/imu', '/rosout']"
1681490455.7459295,65267,1681490455,745267152,,2,/imu_driver,Current time 1681490455 743993043,driver.py,driver,56,"['/imu', '/rosout']"
1681490455.7713506,65268,1681490455,770740270,,2,/imu_driver,Current time 1681490455 769509553,driver.py,driver,56,"['/imu', '/rosout']"
1681490455.7968707,65269,1681490455,795848846,,2,/imu_driver,Current time 1681490455 794181585,driver.py,driver,56,"['/imu', '/rosout']"
1681490455.8210828,65270,1681490455,820348978,,2,/imu_driver,Current time 1681490455 818968296,driver.py,driver,56,"['/imu', '/rosout']"
1681490455.8472629,65271,1681490455,846227884,,2,/imu_driver,Current time 1681490455 844775915,driver.py,driver,56,"['/imu', '/rosout']"
1681490455.871577,65272,1681490455,870107412,,2,/imu_driver,Current time 1681490455 868937015,driver.py,driver,56,"['/imu', '/rosout']"
1681490455.895381,65273,1681490455,895081520,,2,/imu_driver,Current time 1681490455 893973350,driver.py,driver,56,"['/imu', '/rosout']"
1681490455.92071,65274,1681490455,919987678,,2,/imu_driver,Current time 1681490455 918966531,driver.py,driver,56,"['/imu', '/rosout']"
1681490455.9457147,65275,1681490455,945243120,,2,/imu_driver,Current time 1681490455 943993806,driver.py,driver,56,"['/imu', '/rosout']"
1681490455.9704897,65276,1681490455,969933032,,2,/imu_driver,Current time 1681490455 968718767,driver.py,driver,56,"['/imu', '/rosout']"
1681490455.9950225,65277,1681490455,994734287,,2,/imu_driver,Current time 1681490455 993723869,driver.py,driver,56,"['/imu', '/rosout']"
1681490456.020194,65278,1681490456,19953250,,2,/imu_driver,Current time 1681490456 18917322,driver.py,driver,56,"['/imu', '/rosout']"
1681490456.0467377,65279,1681490456,46434402,,2,/imu_driver,Current time 1681490456 45186996,driver.py,driver,56,"['/imu', '/rosout']"
1681490456.07077,65280,1681490456,69940805,,2,/imu_driver,Current time 1681490456 68755388,driver.py,driver,56,"['/imu', '/rosout']"
1681490456.095584,65281,1681490456,94988584,,2,/imu_driver,Current time 1681490456 93791723,driver.py,driver,56,"['/imu', '/rosout']"
1681490456.1216881,65282,1681490456,119714498,,2,/imu_driver,Current time 1681490456 118635177,driver.py,driver,56,"['/imu', '/rosout']"
1681490456.1454265,65283,1681490456,144953966,,2,/imu_driver,Current time 1681490456 143857240,driver.py,driver,56,"['/imu', '/rosout']"
1681490456.1708753,65284,1681490456,170133352,,2,/imu_driver,Current time 1681490456 169003248,driver.py,driver,56,"['/imu', '/rosout']"
1681490456.1975045,65285,1681490456,194943666,,2,/imu_driver,Current time 1681490456 193601131,driver.py,driver,56,"['/imu', '/rosout']"
1681490456.2206578,65286,1681490456,219531774,,2,/imu_driver,Current time 1681490456 218614101,driver.py,driver,56,"['/imu', '/rosout']"
1681490456.2449439,65287,1681490456,244734048,,2,/imu_driver,Current time 1681490456 243693828,driver.py,driver,56,"['/imu', '/rosout']"
1681490456.269926,65288,1681490456,269680023,,2,/imu_driver,Current time 1681490456 268500566,driver.py,driver,56,"['/imu', '/rosout']"
1681490456.2980034,65289,1681490456,294812679,,2,/imu_driver,Current time 1681490456 293537139,driver.py,driver,56,"['/imu', '/rosout']"
1681490456.3196874,65290,1681490456,319533586,,2,/imu_driver,Current time 1681490456 318613052,driver.py,driver,56,"['/imu', '/rosout']"
1681490456.347237,65291,1681490456,345732927,,2,/imu_driver,Current time 1681490456 343681573,driver.py,driver,56,"['/imu', '/rosout']"
1681490456.3705745,65292,1681490456,369893074,,2,/imu_driver,Current time 1681490456 368764877,driver.py,driver,56,"['/imu', '/rosout']"
1681490456.3954859,65293,1681490456,394824028,,2,/imu_driver,Current time 1681490456 393738985,driver.py,driver,56,"['/imu', '/rosout']"
1681490456.4199984,65294,1681490456,419458150,,2,/imu_driver,Current time 1681490456 418538808,driver.py,driver,56,"['/imu', '/rosout']"
1681490456.4460952,65295,1681490456,445389747,,2,/imu_driver,Current time 1681490456 444028139,driver.py,driver,56,"['/imu', '/rosout']"
1681490456.471401,65296,1681490456,470726251,,2,/imu_driver,Current time 1681490456 469621658,driver.py,driver,56,"['/imu', '/rosout']"
1681490456.4949841,65297,1681490456,494519948,,2,/imu_driver,Current time 1681490456 493616580,driver.py,driver,56,"['/imu', '/rosout']"
1681490456.5212996,65298,1681490456,520628213,,2,/imu_driver,Current time 1681490456 519465684,driver.py,driver,56,"['/imu', '/rosout']"
1681490456.5502572,65299,1681490456,545757532,,2,/imu_driver,Current time 1681490456 544328212,driver.py,driver,56,"['/imu', '/rosout']"
1681490456.5707967,65300,1681490456,570327520,,2,/imu_driver,Current time 1681490456 569301605,driver.py,driver,56,"['/imu', '/rosout']"
1681490456.596314,65301,1681490456,595450162,,2,/imu_driver,Current time 1681490456 594434261,driver.py,driver,56,"['/imu', '/rosout']"
1681490456.620775,65302,1681490456,620325326,,2,/imu_driver,Current time 1681490456 619324445,driver.py,driver,56,"['/imu', '/rosout']"
1681490456.6465764,65303,1681490456,645393848,,2,/imu_driver,Current time 1681490456 644448518,driver.py,driver,56,"['/imu', '/rosout']"
1681490456.6709292,65304,1681490456,670467138,,2,/imu_driver,Current time 1681490456 669452190,driver.py,driver,56,"['/imu', '/rosout']"
1681490456.6964297,65305,1681490456,695529937,,2,/imu_driver,Current time 1681490456 694266796,driver.py,driver,56,"['/imu', '/rosout']"
1681490456.7212331,65306,1681490456,720637321,,2,/imu_driver,Current time 1681490456 719521522,driver.py,driver,56,"['/imu', '/rosout']"
1681490456.7456782,65307,1681490456,745192050,,2,/imu_driver,Current time 1681490456 744231462,driver.py,driver,56,"['/imu', '/rosout']"
1681490456.7707217,65308,1681490456,770495653,,2,/imu_driver,Current time 1681490456 769380331,driver.py,driver,56,"['/imu', '/rosout']"
1681490456.7959614,65309,1681490456,795702457,,2,/imu_driver,Current time 1681490456 794223785,driver.py,driver,56,"['/imu', '/rosout']"
1681490456.8204386,65310,1681490456,820213556,,2,/imu_driver,Current time 1681490456 819239616,driver.py,driver,56,"['/imu', '/rosout']"
1681490456.8454182,65311,1681490456,845233678,,2,/imu_driver,Current time 1681490456 844158172,driver.py,driver,56,"['/imu', '/rosout']"
1681490456.8703673,65312,1681490456,870183706,,2,/imu_driver,Current time 1681490456 869199275,driver.py,driver,56,"['/imu', '/rosout']"
1681490456.8957086,65313,1681490456,895256519,,2,/imu_driver,Current time 1681490456 894141435,driver.py,driver,56,"['/imu', '/rosout']"
1681490456.9327743,65314,1681490456,930987119,,2,/imu_driver,Current time 1681490456 929350614,driver.py,driver,56,"['/imu', '/rosout']"
1681490456.9477623,65315,1681490456,947454690,,2,/imu_driver,Current time 1681490456 944027185,driver.py,driver,56,"['/imu', '/rosout']"
1681490456.971648,65316,1681490456,971411466,,2,/imu_driver,Current time 1681490456 969154357,driver.py,driver,56,"['/imu', '/rosout']"
1681490456.9953942,65317,1681490456,995186805,,2,/imu_driver,Current time 1681490456 993980884,driver.py,driver,56,"['/imu', '/rosout']"
1681490457.0205483,65318,1681490457,20233392,,2,/imu_driver,Current time 1681490457 18968820,driver.py,driver,56,"['/imu', '/rosout']"
1681490457.0460968,65319,1681490457,45832157,,2,/imu_driver,Current time 1681490457 44178962,driver.py,driver,56,"['/imu', '/rosout']"
1681490457.070259,65320,1681490457,70031404,,2,/imu_driver,Current time 1681490457 69010496,driver.py,driver,56,"['/imu', '/rosout']"
1681490457.0960019,65321,1681490457,95711708,,2,/imu_driver,Current time 1681490457 94135999,driver.py,driver,56,"['/imu', '/rosout']"
1681490457.1205199,65322,1681490457,120306015,,2,/imu_driver,Current time 1681490457 118975162,driver.py,driver,56,"['/imu', '/rosout']"
1681490457.145285,65323,1681490457,144992589,,2,/imu_driver,Current time 1681490457 143844842,driver.py,driver,56,"['/imu', '/rosout']"
1681490457.1703115,65324,1681490457,170038938,,2,/imu_driver,Current time 1681490457 168963909,driver.py,driver,56,"['/imu', '/rosout']"
1681490457.1962788,65325,1681490457,195293188,,2,/imu_driver,Current time 1681490457 193795680,driver.py,driver,56,"['/imu', '/rosout']"
1681490457.2203996,65326,1681490457,219886541,,2,/imu_driver,Current time 1681490457 218813896,driver.py,driver,56,"['/imu', '/rosout']"
1681490457.2452292,65327,1681490457,244795322,,2,/imu_driver,Current time 1681490457 243829965,driver.py,driver,56,"['/imu', '/rosout']"
1681490457.2708106,65328,1681490457,269976854,,2,/imu_driver,Current time 1681490457 268714904,driver.py,driver,56,"['/imu', '/rosout']"
1681490457.295393,65329,1681490457,295127153,,2,/imu_driver,Current time 1681490457 293782472,driver.py,driver,56,"['/imu', '/rosout']"
1681490457.3207333,65330,1681490457,319977760,,2,/imu_driver,Current time 1681490457 318946599,driver.py,driver,56,"['/imu', '/rosout']"
1681490457.3468199,65331,1681490457,345137596,,2,/imu_driver,Current time 1681490457 343855619,driver.py,driver,56,"['/imu', '/rosout']"
1681490457.37022,65332,1681490457,369791507,,2,/imu_driver,Current time 1681490457 368704080,driver.py,driver,56,"['/imu', '/rosout']"
1681490457.3959274,65333,1681490457,394975185,,2,/imu_driver,Current time 1681490457 393798828,driver.py,driver,56,"['/imu', '/rosout']"
1681490457.4205344,65334,1681490457,419667243,,2,/imu_driver,Current time 1681490457 418678283,driver.py,driver,56,"['/imu', '/rosout']"
1681490457.445885,65335,1681490457,445253372,,2,/imu_driver,Current time 1681490457 443934440,driver.py,driver,56,"['/imu', '/rosout']"
1681490457.4700344,65336,1681490457,469635009,,2,/imu_driver,Current time 1681490457 468613386,driver.py,driver,56,"['/imu', '/rosout']"
1681490457.4956238,65337,1681490457,494673490,,2,/imu_driver,Current time 1681490457 493751049,driver.py,driver,56,"['/imu', '/rosout']"
1681490457.5203593,65338,1681490457,519787788,,2,/imu_driver,Current time 1681490457 518576622,driver.py,driver,56,"['/imu', '/rosout']"
1681490457.5453682,65339,1681490457,544761657,,2,/imu_driver,Current time 1681490457 543625116,driver.py,driver,56,"['/imu', '/rosout']"
1681490457.5701022,65340,1681490457,569540977,,2,/imu_driver,Current time 1681490457 568648099,driver.py,driver,56,"['/imu', '/rosout']"
1681490457.59866,65341,1681490457,595367670,,2,/imu_driver,Current time 1681490457 594053745,driver.py,driver,56,"['/imu', '/rosout']"
1681490457.6205957,65342,1681490457,619515657,,2,/imu_driver,Current time 1681490457 618622303,driver.py,driver,56,"['/imu', '/rosout']"
1681490457.645413,65343,1681490457,644777536,,2,/imu_driver,Current time 1681490457 643543243,driver.py,driver,56,"['/imu', '/rosout']"
1681490457.6699975,65344,1681490457,669712543,,2,/imu_driver,Current time 1681490457 668696641,driver.py,driver,56,"['/imu', '/rosout']"
1681490457.6960378,65345,1681490457,695241928,,2,/imu_driver,Current time 1681490457 693697452,driver.py,driver,56,"['/imu', '/rosout']"
1681490457.7198865,65346,1681490457,719702005,,2,/imu_driver,Current time 1681490457 718675374,driver.py,driver,56,"['/imu', '/rosout']"
1681490457.745907,65347,1681490457,744568824,,2,/imu_driver,Current time 1681490457 743552923,driver.py,driver,56,"['/imu', '/rosout']"
1681490457.7701073,65348,1681490457,769742012,,2,/imu_driver,Current time 1681490457 768634557,driver.py,driver,56,"['/imu', '/rosout']"
1681490457.7950811,65349,1681490457,794623136,,2,/imu_driver,Current time 1681490457 793620586,driver.py,driver,56,"['/imu', '/rosout']"
1681490457.8211837,65350,1681490457,820425987,,2,/imu_driver,Current time 1681490457 819416284,driver.py,driver,56,"['/imu', '/rosout']"
1681490457.8453665,65351,1681490457,844955921,,2,/imu_driver,Current time 1681490457 843417406,driver.py,driver,56,"['/imu', '/rosout']"
1681490457.8715627,65352,1681490457,870481252,,2,/imu_driver,Current time 1681490457 869440555,driver.py,driver,56,"['/imu', '/rosout']"
1681490457.8964732,65353,1681490457,895808935,,2,/imu_driver,Current time 1681490457 894573211,driver.py,driver,56,"['/imu', '/rosout']"
1681490457.921096,65354,1681490457,920438766,,2,/imu_driver,Current time 1681490457 919286251,driver.py,driver,56,"['/imu', '/rosout']"
1681490457.9463558,65355,1681490457,945692300,,2,/imu_driver,Current time 1681490457 944307565,driver.py,driver,56,"['/imu', '/rosout']"
1681490457.9708812,65356,1681490457,970297098,,2,/imu_driver,Current time 1681490457 969307661,driver.py,driver,56,"['/imu', '/rosout']"
1681490457.9962103,65357,1681490457,995399713,,2,/imu_driver,Current time 1681490457 994190692,driver.py,driver,56,"['/imu', '/rosout']"
1681490458.021065,65358,1681490458,20431041,,2,/imu_driver,Current time 1681490458 19386529,driver.py,driver,56,"['/imu', '/rosout']"
1681490458.0457988,65359,1681490458,45219898,,2,/imu_driver,Current time 1681490458 44170141,driver.py,driver,56,"['/imu', '/rosout']"
1681490458.0711563,65360,1681490458,70394277,,2,/imu_driver,Current time 1681490458 69242000,driver.py,driver,56,"['/imu', '/rosout']"
1681490458.0968835,65361,1681490458,95789909,,2,/imu_driver,Current time 1681490458 94322204,driver.py,driver,56,"['/imu', '/rosout']"
1681490458.1214643,65362,1681490458,120466470,,2,/imu_driver,Current time 1681490458 119224309,driver.py,driver,56,"['/imu', '/rosout']"
1681490458.146127,65363,1681490458,145467996,,2,/imu_driver,Current time 1681490458 144209384,driver.py,driver,56,"['/imu', '/rosout']"
1681490458.1711376,65364,1681490458,170275211,,2,/imu_driver,Current time 1681490458 169097423,driver.py,driver,56,"['/imu', '/rosout']"
1681490458.196492,65365,1681490458,195715188,,2,/imu_driver,Current time 1681490458 194163084,driver.py,driver,56,"['/imu', '/rosout']"
1681490458.2207553,65366,1681490458,220125436,,2,/imu_driver,Current time 1681490458 219068050,driver.py,driver,56,"['/imu', '/rosout']"
1681490458.2461684,65367,1681490458,245342254,,2,/imu_driver,Current time 1681490458 244011878,driver.py,driver,56,"['/imu', '/rosout']"
1681490458.2707152,65368,1681490458,270069837,,2,/imu_driver,Current time 1681490458 269033670,driver.py,driver,56,"['/imu', '/rosout']"
1681490458.295884,65369,1681490458,295183897,,2,/imu_driver,Current time 1681490458 294014930,driver.py,driver,56,"['/imu', '/rosout']"
1681490458.3207843,65370,1681490458,320140600,,2,/imu_driver,Current time 1681490458 319013357,driver.py,driver,56,"['/imu', '/rosout']"
1681490458.34608,65371,1681490458,345561265,,2,/imu_driver,Current time 1681490458 344337940,driver.py,driver,56,"['/imu', '/rosout']"
1681490458.3703115,65372,1681490458,370122671,,2,/imu_driver,Current time 1681490458 368999242,driver.py,driver,56,"['/imu', '/rosout']"
1681490458.3950098,65373,1681490458,394836664,,2,/imu_driver,Current time 1681490458 393824815,driver.py,driver,56,"['/imu', '/rosout']"
1681490458.4086676,15,1681490458,408559269,,4,/record_1681490238361869733,Less than 5 x 1G of space free on disk with '2023-04-14-12-37-18.bag.active'.,/tmp/binarydeb/ros-noetic-rosbag-1.15.15/src/recorder.cpp,Recorder::checkDisk,771,['/rosout']
1681490458.419941,65374,1681490458,419746875,,2,/imu_driver,Current time 1681490458 418811798,driver.py,driver,56,"['/imu', '/rosout']"
1681490458.4454734,65375,1681490458,445239782,,2,/imu_driver,Current time 1681490458 443911075,driver.py,driver,56,"['/imu', '/rosout']"
1681490458.4702785,65376,1681490458,470108270,,2,/imu_driver,Current time 1681490458 468944311,driver.py,driver,56,"['/imu', '/rosout']"
1681490458.4952688,65377,1681490458,495024681,,2,/imu_driver,Current time 1681490458 493899583,driver.py,driver,56,"['/imu', '/rosout']"
1681490458.5202274,65378,1681490458,519957304,,2,/imu_driver,Current time 1681490458 518946409,driver.py,driver,56,"['/imu', '/rosout']"
1681490458.5453064,65379,1681490458,545022964,,2,/imu_driver,Current time 1681490458 543887853,driver.py,driver,56,"['/imu', '/rosout']"
1681490458.5701149,65380,1681490458,569893121,,2,/imu_driver,Current time 1681490458 568866014,driver.py,driver,56,"['/imu', '/rosout']"
1681490458.5953896,65381,1681490458,595007896,,2,/imu_driver,Current time 1681490458 593833684,driver.py,driver,56,"['/imu', '/rosout']"
1681490458.6207867,65382,1681490458,620569944,,2,/imu_driver,Current time 1681490458 619118690,driver.py,driver,56,"['/imu', '/rosout']"
1681490458.6449986,65383,1681490458,644743680,,2,/imu_driver,Current time 1681490458 643753290,driver.py,driver,56,"['/imu', '/rosout']"
1681490458.6702268,65384,1681490458,669985771,,2,/imu_driver,Current time 1681490458 668902397,driver.py,driver,56,"['/imu', '/rosout']"
1681490458.6954162,65385,1681490458,695146322,,2,/imu_driver,Current time 1681490458 693772554,driver.py,driver,56,"['/imu', '/rosout']"
1681490458.720586,65386,1681490458,720235586,,2,/imu_driver,Current time 1681490458 718874454,driver.py,driver,56,"['/imu', '/rosout']"
1681490458.745299,65387,1681490458,745023965,,2,/imu_driver,Current time 1681490458 743666887,driver.py,driver,56,"['/imu', '/rosout']"
1681490458.7700107,65388,1681490458,769805908,,2,/imu_driver,Current time 1681490458 768800258,driver.py,driver,56,"['/imu', '/rosout']"
1681490458.7950506,65389,1681490458,794789075,,2,/imu_driver,Current time 1681490458 793746948,driver.py,driver,56,"['/imu', '/rosout']"
1681490458.8201582,65390,1681490458,819832801,,2,/imu_driver,Current time 1681490458 818782091,driver.py,driver,56,"['/imu', '/rosout']"
1681490458.8450518,65391,1681490458,844783544,,2,/imu_driver,Current time 1681490458 843492746,driver.py,driver,56,"['/imu', '/rosout']"
1681490458.8702447,65392,1681490458,869954109,,2,/imu_driver,Current time 1681490458 868738412,driver.py,driver,56,"['/imu', '/rosout']"
1681490458.8947582,65393,1681490458,894496679,,2,/imu_driver,Current time 1681490458 893532276,driver.py,driver,56,"['/imu', '/rosout']"
1681490458.9201047,65394,1681490458,919815540,,2,/imu_driver,Current time 1681490458 918724060,driver.py,driver,56,"['/imu', '/rosout']"
1681490458.9450066,65395,1681490458,944786548,,2,/imu_driver,Current time 1681490458 943585872,driver.py,driver,56,"['/imu', '/rosout']"
1681490458.9697738,65396,1681490458,969509601,,2,/imu_driver,Current time 1681490458 968517780,driver.py,driver,56,"['/imu', '/rosout']"
1681490458.9948869,65397,1681490458,994622468,,2,/imu_driver,Current time 1681490458 993545770,driver.py,driver,56,"['/imu', '/rosout']"
1681490459.0208664,65398,1681490459,20578145,,2,/imu_driver,Current time 1681490459 19449949,driver.py,driver,56,"['/imu', '/rosout']"
1681490459.0450518,65399,1681490459,44808149,,2,/imu_driver,Current time 1681490459 43546676,driver.py,driver,56,"['/imu', '/rosout']"
1681490459.0700827,65400,1681490459,69742441,,2,/imu_driver,Current time 1681490459 68719863,driver.py,driver,56,"['/imu', '/rosout']"
1681490459.096988,65401,1681490459,95104694,,2,/imu_driver,Current time 1681490459 93712329,driver.py,driver,56,"['/imu', '/rosout']"
1681490459.1209762,65402,1681490459,120769262,,2,/imu_driver,Current time 1681490459 119385480,driver.py,driver,56,"['/imu', '/rosout']"
1681490459.145749,65403,1681490459,145529031,,2,/imu_driver,Current time 1681490459 144487857,driver.py,driver,56,"['/imu', '/rosout']"
1681490459.1709554,65404,1681490459,170592308,,2,/imu_driver,Current time 1681490459 169422626,driver.py,driver,56,"['/imu', '/rosout']"
1681490459.1966858,65405,1681490459,195785045,,2,/imu_driver,Current time 1681490459 194355010,driver.py,driver,56,"['/imu', '/rosout']"
1681490459.222484,65406,1681490459,221491098,,2,/imu_driver,Current time 1681490459 219697713,driver.py,driver,56,"['/imu', '/rosout']"
1681490459.2476904,65407,1681490459,245732069,,2,/imu_driver,Current time 1681490459 244354963,driver.py,driver,56,"['/imu', '/rosout']"
1681490459.2711072,65408,1681490459,270725011,,2,/imu_driver,Current time 1681490459 269349813,driver.py,driver,56,"['/imu', '/rosout']"
1681490459.2966232,65409,1681490459,295838356,,2,/imu_driver,Current time 1681490459 294520616,driver.py,driver,56,"['/imu', '/rosout']"
1681490459.3206148,65410,1681490459,320312023,,2,/imu_driver,Current time 1681490459 319154977,driver.py,driver,56,"['/imu', '/rosout']"
1681490459.3480964,65411,1681490459,347471714,,2,/imu_driver,Current time 1681490459 346185445,driver.py,driver,56,"['/imu', '/rosout']"
1681490459.370683,65412,1681490459,370365142,,2,/imu_driver,Current time 1681490459 369132995,driver.py,driver,56,"['/imu', '/rosout']"
1681490459.3954582,65413,1681490459,395100593,,2,/imu_driver,Current time 1681490459 394186496,driver.py,driver,56,"['/imu', '/rosout']"
1681490459.4204605,65414,1681490459,420227050,,2,/imu_driver,Current time 1681490459 419109344,driver.py,driver,56,"['/imu', '/rosout']"
1681490459.4455223,65415,1681490459,445353746,,2,/imu_driver,Current time 1681490459 444396972,driver.py,driver,56,"['/imu', '/rosout']"
1681490459.4703825,65416,1681490459,470159769,,2,/imu_driver,Current time 1681490459 469143867,driver.py,driver,56,"['/imu', '/rosout']"
1681490459.4958708,65417,1681490459,495645999,,2,/imu_driver,Current time 1681490459 494297027,driver.py,driver,56,"['/imu', '/rosout']"
1681490459.5202043,65418,1681490459,520022153,,2,/imu_driver,Current time 1681490459 519032716,driver.py,driver,56,"['/imu', '/rosout']"
1681490459.5457418,65419,1681490459,545505762,,2,/imu_driver,Current time 1681490459 544066905,driver.py,driver,56,"['/imu', '/rosout']"
1681490459.5704525,65420,1681490459,570266962,,2,/imu_driver,Current time 1681490459 569229364,driver.py,driver,56,"['/imu', '/rosout']"
1681490459.595897,65421,1681490459,595638990,,2,/imu_driver,Current time 1681490459 594254016,driver.py,driver,56,"['/imu', '/rosout']"
1681490459.620347,65422,1681490459,620207309,,2,/imu_driver,Current time 1681490459 619044780,driver.py,driver,56,"['/imu', '/rosout']"
1681490459.6453774,65423,1681490459,645114898,,2,/imu_driver,Current time 1681490459 643941164,driver.py,driver,56,"['/imu', '/rosout']"
1681490459.670637,65424,1681490459,670132637,,2,/imu_driver,Current time 1681490459 669062852,driver.py,driver,56,"['/imu', '/rosout']"
1681490459.6953373,65425,1681490459,694992542,,2,/imu_driver,Current time 1681490459 694028854,driver.py,driver,56,"['/imu', '/rosout']"
1681490459.7205229,65426,1681490459,720012426,,2,/imu_driver,Current time 1681490459 718909502,driver.py,driver,56,"['/imu', '/rosout']"
1681490459.7471766,65427,1681490459,745302438,,2,/imu_driver,Current time 1681490459 743903636,driver.py,driver,56,"['/imu', '/rosout']"
1681490459.771365,65428,1681490459,769904613,,2,/imu_driver,Current time 1681490459 768883943,driver.py,driver,56,"['/imu', '/rosout']"
1681490459.795232,65429,1681490459,795011520,,2,/imu_driver,Current time 1681490459 793966770,driver.py,driver,56,"['/imu', '/rosout']"
1681490459.820129,65430,1681490459,819878578,,2,/imu_driver,Current time 1681490459 818836450,driver.py,driver,56,"['/imu', '/rosout']"
1681490459.8453867,65431,1681490459,845187902,,2,/imu_driver,Current time 1681490459 843812942,driver.py,driver,56,"['/imu', '/rosout']"
1681490459.8700945,65432,1681490459,869914293,,2,/imu_driver,Current time 1681490459 868860006,driver.py,driver,56,"['/imu', '/rosout']"
1681490459.8952959,65433,1681490459,894984006,,2,/imu_driver,Current time 1681490459 893944740,driver.py,driver,56,"['/imu', '/rosout']"
1681490459.9207451,65434,1681490459,919976234,,2,/imu_driver,Current time 1681490459 918806552,driver.py,driver,56,"['/imu', '/rosout']"
1681490459.945653,65435,1681490459,945039510,,2,/imu_driver,Current time 1681490459 943926334,driver.py,driver,56,"['/imu', '/rosout']"
1681490459.970403,65436,1681490459,969737052,,2,/imu_driver,Current time 1681490459 968713045,driver.py,driver,56,"['/imu', '/rosout']"
1681490459.9957678,65437,1681490459,995453119,,2,/imu_driver,Current time 1681490459 994052410,driver.py,driver,56,"['/imu', '/rosout']"
1681490460.0218725,65438,1681490460,19752740,,2,/imu_driver,Current time 1681490460 18776178,driver.py,driver,56,"['/imu', '/rosout']"
1681490460.0449557,65439,1681490460,44790029,,2,/imu_driver,Current time 1681490460 43709516,driver.py,driver,56,"['/imu', '/rosout']"
1681490460.0699873,65440,1681490460,69821834,,2,/imu_driver,Current time 1681490460 68775653,driver.py,driver,56,"['/imu', '/rosout']"
1681490460.0954535,65441,1681490460,95250844,,2,/imu_driver,Current time 1681490460 93941926,driver.py,driver,56,"['/imu', '/rosout']"
1681490460.1204207,65442,1681490460,120199441,,2,/imu_driver,Current time 1681490460 118671178,driver.py,driver,56,"['/imu', '/rosout']"
1681490460.146633,65443,1681490460,146333217,,2,/imu_driver,Current time 1681490460 144306898,driver.py,driver,56,"['/imu', '/rosout']"
1681490460.1700325,65444,1681490460,169893026,,2,/imu_driver,Current time 1681490460 168862581,driver.py,driver,56,"['/imu', '/rosout']"
1681490460.1950507,65445,1681490460,194715976,,2,/imu_driver,Current time 1681490460 193651676,driver.py,driver,56,"['/imu', '/rosout']"
1681490460.219847,65446,1681490460,219662189,,2,/imu_driver,Current time 1681490460 218622446,driver.py,driver,56,"['/imu', '/rosout']"
1681490460.2475317,65447,1681490460,244889020,,2,/imu_driver,Current time 1681490460 243685960,driver.py,driver,56,"['/imu', '/rosout']"
1681490460.2710106,65448,1681490460,270691633,,2,/imu_driver,Current time 1681490460 269656896,driver.py,driver,56,"['/imu', '/rosout']"
1681490460.2949948,65449,1681490460,294476032,,2,/imu_driver,Current time 1681490460 293538331,driver.py,driver,56,"['/imu', '/rosout']"
1681490460.3203456,65450,1681490460,319652080,,2,/imu_driver,Current time 1681490460 318702936,driver.py,driver,56,"['/imu', '/rosout']"
1681490460.3457236,65451,1681490460,344923019,,2,/imu_driver,Current time 1681490460 343477010,driver.py,driver,56,"['/imu', '/rosout']"
1681490460.3840065,65452,1681490460,383228302,,2,/imu_driver,Current time 1681490460 381956100,driver.py,driver,56,"['/imu', '/rosout']"
1681490460.3975053,65453,1681490460,396231174,,2,/imu_driver,Current time 1681490460 394662618,driver.py,driver,56,"['/imu', '/rosout']"
1681490460.422077,65454,1681490460,421434879,,2,/imu_driver,Current time 1681490460 419905424,driver.py,driver,56,"['/imu', '/rosout']"
1681490460.445213,65455,1681490460,444935798,,2,/imu_driver,Current time 1681490460 443660736,driver.py,driver,56,"['/imu', '/rosout']"
1681490460.4708161,65456,1681490460,470507144,,2,/imu_driver,Current time 1681490460 469278573,driver.py,driver,56,"['/imu', '/rosout']"
1681490460.496059,65457,1681490460,495775461,,2,/imu_driver,Current time 1681490460 494322538,driver.py,driver,56,"['/imu', '/rosout']"
1681490460.5210257,65458,1681490460,520837306,,2,/imu_driver,Current time 1681490460 519678115,driver.py,driver,56,"['/imu', '/rosout']"
1681490460.545463,65459,1681490460,545312881,,2,/imu_driver,Current time 1681490460 544375896,driver.py,driver,56,"['/imu', '/rosout']"
1681490460.5705216,65460,1681490460,570319414,,2,/imu_driver,Current time 1681490460 569249868,driver.py,driver,56,"['/imu', '/rosout']"
1681490460.5964406,65461,1681490460,596226930,,2,/imu_driver,Current time 1681490460 594957113,driver.py,driver,56,"['/imu', '/rosout']"
1681490460.62055,65462,1681490460,620312213,,2,/imu_driver,Current time 1681490460 619224309,driver.py,driver,56,"['/imu', '/rosout']"
1681490460.6458657,65463,1681490460,645652055,,2,/imu_driver,Current time 1681490460 644191503,driver.py,driver,56,"['/imu', '/rosout']"
1681490460.670413,65464,1681490460,670211076,,2,/imu_driver,Current time 1681490460 669308662,driver.py,driver,56,"['/imu', '/rosout']"
1681490460.6958706,65465,1681490460,695229291,,2,/imu_driver,Current time 1681490460 694178104,driver.py,driver,56,"['/imu', '/rosout']"
1681490460.720886,65466,1681490460,720266580,,2,/imu_driver,Current time 1681490460 719171047,driver.py,driver,56,"['/imu', '/rosout']"
1681490460.745881,65467,1681490460,745673418,,2,/imu_driver,Current time 1681490460 744297981,driver.py,driver,56,"['/imu', '/rosout']"
1681490460.7711294,65468,1681490460,770828485,,2,/imu_driver,Current time 1681490460 769556760,driver.py,driver,56,"['/imu', '/rosout']"
1681490460.7953594,65469,1681490460,795180797,,2,/imu_driver,Current time 1681490460 794033050,driver.py,driver,56,"['/imu', '/rosout']"
1681490460.820298,65470,1681490460,820107221,,2,/imu_driver,Current time 1681490460 819089651,driver.py,driver,56,"['/imu', '/rosout']"
1681490460.8495438,65471,1681490460,847930908,,2,/imu_driver,Current time 1681490460 846385002,driver.py,driver,56,"['/imu', '/rosout']"
1681490460.8707395,65472,1681490460,870350837,,2,/imu_driver,Current time 1681490460 869079828,driver.py,driver,56,"['/imu', '/rosout']"
1681490460.8959785,65473,1681490460,895738601,,2,/imu_driver,Current time 1681490460 894529342,driver.py,driver,56,"['/imu', '/rosout']"
1681490460.9204628,65474,1681490460,919981718,,2,/imu_driver,Current time 1681490460 918967008,driver.py,driver,56,"['/imu', '/rosout']"
1681490460.9453454,65475,1681490460,945129632,,2,/imu_driver,Current time 1681490460 944156169,driver.py,driver,56,"['/imu', '/rosout']"
1681490460.9703364,65476,1681490460,970080137,,2,/imu_driver,Current time 1681490460 969072818,driver.py,driver,56,"['/imu', '/rosout']"
1681490460.9960082,65477,1681490460,995475292,,2,/imu_driver,Current time 1681490460 993993282,driver.py,driver,56,"['/imu', '/rosout']"
1681490461.02059,65478,1681490461,20080089,,2,/imu_driver,Current time 1681490461 18981933,driver.py,driver,56,"['/imu', '/rosout']"
1681490461.045888,65479,1681490461,45041561,,2,/imu_driver,Current time 1681490461 44026613,driver.py,driver,56,"['/imu', '/rosout']"
1681490461.0703192,65480,1681490461,70049047,,2,/imu_driver,Current time 1681490461 69012403,driver.py,driver,56,"['/imu', '/rosout']"
1681490461.0963392,65481,1681490461,95104932,,2,/imu_driver,Current time 1681490461 93860387,driver.py,driver,56,"['/imu', '/rosout']"
1681490461.1208498,65482,1681490461,120083808,,2,/imu_driver,Current time 1681490461 118864059,driver.py,driver,56,"['/imu', '/rosout']"
1681490461.1458929,65483,1681490461,145148515,,2,/imu_driver,Current time 1681490461 143875837,driver.py,driver,56,"['/imu', '/rosout']"
1681490461.1708107,65484,1681490461,170166015,,2,/imu_driver,Current time 1681490461 169082880,driver.py,driver,56,"['/imu', '/rosout']"
1681490461.195356,65485,1681490461,195013284,,2,/imu_driver,Current time 1681490461 193919658,driver.py,driver,56,"['/imu', '/rosout']"
1681490461.2206063,65486,1681490461,219984054,,2,/imu_driver,Current time 1681490461 218881130,driver.py,driver,56,"['/imu', '/rosout']"
1681490461.248097,65487,1681490461,247607946,,2,/imu_driver,Current time 1681490461 246366262,driver.py,driver,56,"['/imu', '/rosout']"
1681490461.270633,65488,1681490461,270052433,,2,/imu_driver,Current time 1681490461 268829584,driver.py,driver,56,"['/imu', '/rosout']"
1681490461.2955096,65489,1681490461,294842958,,2,/imu_driver,Current time 1681490461 293878793,driver.py,driver,56,"['/imu', '/rosout']"
1681490461.320884,65490,1681490461,320179462,,2,/imu_driver,Current time 1681490461 318959712,driver.py,driver,56,"['/imu', '/rosout']"
1681490461.345486,65491,1681490461,344946861,,2,/imu_driver,Current time 1681490461 343906641,driver.py,driver,56,"['/imu', '/rosout']"
1681490461.3705444,65492,1681490461,369986057,,2,/imu_driver,Current time 1681490461 368877410,driver.py,driver,56,"['/imu', '/rosout']"
1681490461.3960347,65493,1681490461,395757198,,2,/imu_driver,Current time 1681490461 394467115,driver.py,driver,56,"['/imu', '/rosout']"
1681490461.4203777,65494,1681490461,419762134,,2,/imu_driver,Current time 1681490461 418859481,driver.py,driver,56,"['/imu', '/rosout']"
1681490461.445538,65495,1681490461,445131063,,2,/imu_driver,Current time 1681490461 443749189,driver.py,driver,56,"['/imu', '/rosout']"
1681490461.4701526,65496,1681490461,469706773,,2,/imu_driver,Current time 1681490461 468688726,driver.py,driver,56,"['/imu', '/rosout']"
1681490461.4951031,65497,1681490461,494855165,,2,/imu_driver,Current time 1681490461 493660449,driver.py,driver,56,"['/imu', '/rosout']"
1681490461.5203047,65498,1681490461,519827365,,2,/imu_driver,Current time 1681490461 518653869,driver.py,driver,56,"['/imu', '/rosout']"
1681490461.5464177,65499,1681490461,545631170,,2,/imu_driver,Current time 1681490461 544014930,driver.py,driver,56,"['/imu', '/rosout']"
1681490461.5711024,65500,1681490461,569953203,,2,/imu_driver,Current time 1681490461 568675518,driver.py,driver,56,"['/imu', '/rosout']"
1681490461.5955489,65501,1681490461,594757318,,2,/imu_driver,Current time 1681490461 593588829,driver.py,driver,56,"['/imu', '/rosout']"
1681490461.6216626,65502,1681490461,621106147,,2,/imu_driver,Current time 1681490461 619643211,driver.py,driver,56,"['/imu', '/rosout']"
1681490461.6459243,65503,1681490461,645169734,,2,/imu_driver,Current time 1681490461 643548965,driver.py,driver,56,"['/imu', '/rosout']"
1681490461.6712582,65504,1681490461,670500516,,2,/imu_driver,Current time 1681490461 669481039,driver.py,driver,56,"['/imu', '/rosout']"
1681490461.6950977,65505,1681490461,694549322,,2,/imu_driver,Current time 1681490461 693629741,driver.py,driver,56,"['/imu', '/rosout']"
1681490461.7209792,65506,1681490461,720361948,,2,/imu_driver,Current time 1681490461 719316244,driver.py,driver,56,"['/imu', '/rosout']"
1681490461.7464705,65507,1681490461,746182203,,2,/imu_driver,Current time 1681490461 744864225,driver.py,driver,56,"['/imu', '/rosout']"
1681490461.7707102,65508,1681490461,770528316,,2,/imu_driver,Current time 1681490461 769383668,driver.py,driver,56,"['/imu', '/rosout']"
1681490461.7955275,65509,1681490461,795384168,,2,/imu_driver,Current time 1681490461 794389009,driver.py,driver,56,"['/imu', '/rosout']"
1681490461.8207211,65510,1681490461,820501565,,2,/imu_driver,Current time 1681490461 819359540,driver.py,driver,56,"['/imu', '/rosout']"
1681490461.8457506,65511,1681490461,845557451,,2,/imu_driver,Current time 1681490461 844433546,driver.py,driver,56,"['/imu', '/rosout']"
1681490461.8704946,65512,1681490461,870356321,,2,/imu_driver,Current time 1681490461 869300127,driver.py,driver,56,"['/imu', '/rosout']"
1681490461.8972623,65513,1681490461,896445035,,2,/imu_driver,Current time 1681490461 894799947,driver.py,driver,56,"['/imu', '/rosout']"
1681490461.9210536,65514,1681490461,920214891,,2,/imu_driver,Current time 1681490461 919334888,driver.py,driver,56,"['/imu', '/rosout']"
1681490461.9460392,65515,1681490461,945356845,,2,/imu_driver,Current time 1681490461 944335699,driver.py,driver,56,"['/imu', '/rosout']"
1681490461.9706852,65516,1681490461,970115423,,2,/imu_driver,Current time 1681490461 969135761,driver.py,driver,56,"['/imu', '/rosout']"
1681490461.996281,65517,1681490461,995587348,,2,/imu_driver,Current time 1681490461 994313001,driver.py,driver,56,"['/imu', '/rosout']"
1681490462.0209308,65518,1681490462,20271062,,2,/imu_driver,Current time 1681490462 19280672,driver.py,driver,56,"['/imu', '/rosout']"
1681490462.0460277,65519,1681490462,45318841,,2,/imu_driver,Current time 1681490462 44139623,driver.py,driver,56,"['/imu', '/rosout']"
1681490462.0704396,65520,1681490462,70099353,,2,/imu_driver,Current time 1681490462 68997383,driver.py,driver,56,"['/imu', '/rosout']"
1681490462.0954206,65521,1681490462,94998359,,2,/imu_driver,Current time 1681490462 94045162,driver.py,driver,56,"['/imu', '/rosout']"
1681490462.1206632,65522,1681490462,120192766,,2,/imu_driver,Current time 1681490462 119169950,driver.py,driver,56,"['/imu', '/rosout']"
1681490462.1482437,65523,1681490462,145845413,,2,/imu_driver,Current time 1681490462 144411802,driver.py,driver,56,"['/imu', '/rosout']"
1681490462.170918,65524,1681490462,170048475,,2,/imu_driver,Current time 1681490462 169021606,driver.py,driver,56,"['/imu', '/rosout']"
1681490462.1955345,65525,1681490462,194991588,,2,/imu_driver,Current time 1681490462 194033622,driver.py,driver,56,"['/imu', '/rosout']"
1681490462.2208407,65526,1681490462,220235347,,2,/imu_driver,Current time 1681490462 219154357,driver.py,driver,56,"['/imu', '/rosout']"
1681490462.2473302,65527,1681490462,246519804,,2,/imu_driver,Current time 1681490462 245038509,driver.py,driver,56,"['/imu', '/rosout']"
1681490462.2705655,65528,1681490462,270035982,,2,/imu_driver,Current time 1681490462 268997669,driver.py,driver,56,"['/imu', '/rosout']"
1681490462.2955017,65529,1681490462,294954538,,2,/imu_driver,Current time 1681490462 294025659,driver.py,driver,56,"['/imu', '/rosout']"
1681490462.3205378,65530,1681490462,319966554,,2,/imu_driver,Current time 1681490462 318973541,driver.py,driver,56,"['/imu', '/rosout']"
1681490462.3455176,65531,1681490462,344938755,,2,/imu_driver,Current time 1681490462 343852758,driver.py,driver,56,"['/imu', '/rosout']"
1681490462.370211,65532,1681490462,369989395,,2,/imu_driver,Current time 1681490462 368990898,driver.py,driver,56,"['/imu', '/rosout']"
1681490462.3958185,65533,1681490462,395012617,,2,/imu_driver,Current time 1681490462 393949270,driver.py,driver,56,"['/imu', '/rosout']"
1681490462.4201903,65534,1681490462,419890165,,2,/imu_driver,Current time 1681490462 418940782,driver.py,driver,56,"['/imu', '/rosout']"
1681490462.4458053,65535,1681490462,445449829,,2,/imu_driver,Current time 1681490462 444128036,driver.py,driver,56,"['/imu', '/rosout']"
1681490462.470525,65536,1681490462,470245122,,2,/imu_driver,Current time 1681490462 468884706,driver.py,driver,56,"['/imu', '/rosout']"
1681490462.4966488,65537,1681490462,496387958,,2,/imu_driver,Current time 1681490462 493893384,driver.py,driver,56,"['/imu', '/rosout']"
1681490462.5202272,65538,1681490462,519959926,,2,/imu_driver,Current time 1681490462 518948078,driver.py,driver,56,"['/imu', '/rosout']"
1681490462.5451922,65539,1681490462,544933557,,2,/imu_driver,Current time 1681490462 543916702,driver.py,driver,56,"['/imu', '/rosout']"
1681490462.5701382,65540,1681490462,569874763,,2,/imu_driver,Current time 1681490462 568658828,driver.py,driver,56,"['/imu', '/rosout']"
1681490462.5965285,65541,1681490462,595889568,,2,/imu_driver,Current time 1681490462 594471454,driver.py,driver,56,"['/imu', '/rosout']"
1681490462.6203098,65542,1681490462,619736433,,2,/imu_driver,Current time 1681490462 618689298,driver.py,driver,56,"['/imu', '/rosout']"
1681490462.6460056,65543,1681490462,645010709,,2,/imu_driver,Current time 1681490462 643785238,driver.py,driver,56,"['/imu', '/rosout']"
1681490462.6705756,65544,1681490462,669853687,,2,/imu_driver,Current time 1681490462 668815374,driver.py,driver,56,"['/imu', '/rosout']"
1681490462.6952288,65545,1681490462,694905996,,2,/imu_driver,Current time 1681490462 693807601,driver.py,driver,56,"['/imu', '/rosout']"
1681490462.7209747,65546,1681490462,720089912,,2,/imu_driver,Current time 1681490462 718763589,driver.py,driver,56,"['/imu', '/rosout']"
1681490462.7461584,65547,1681490462,745434761,,2,/imu_driver,Current time 1681490462 743833065,driver.py,driver,56,"['/imu', '/rosout']"
1681490462.7711937,65548,1681490462,769957542,,2,/imu_driver,Current time 1681490462 768735885,driver.py,driver,56,"['/imu', '/rosout']"
1681490462.7952473,65549,1681490462,794927358,,2,/imu_driver,Current time 1681490462 793748617,driver.py,driver,56,"['/imu', '/rosout']"
1681490462.8219886,65550,1681490462,821706295,,2,/imu_driver,Current time 1681490462 820147991,driver.py,driver,56,"['/imu', '/rosout']"
1681490462.846237,65551,1681490462,845879554,,2,/imu_driver,Current time 1681490462 844115734,driver.py,driver,56,"['/imu', '/rosout']"
1681490462.8710728,65552,1681490462,870782613,,2,/imu_driver,Current time 1681490462 869716405,driver.py,driver,56,"['/imu', '/rosout']"
1681490462.8957045,65553,1681490462,895380973,,2,/imu_driver,Current time 1681490462 893446207,driver.py,driver,56,"['/imu', '/rosout']"
1681490462.9211137,65554,1681490462,920655727,,2,/imu_driver,Current time 1681490462 919581413,driver.py,driver,56,"['/imu', '/rosout']"
1681490462.9459264,65555,1681490462,945580005,,2,/imu_driver,Current time 1681490462 944428682,driver.py,driver,56,"['/imu', '/rosout']"
1681490462.971192,65556,1681490462,970794916,,2,/imu_driver,Current time 1681490462 969456672,driver.py,driver,56,"['/imu', '/rosout']"
1681490462.9956253,65557,1681490462,995250463,,2,/imu_driver,Current time 1681490462 993808984,driver.py,driver,56,"['/imu', '/rosout']"
1681490463.0211282,65558,1681490463,20828247,,2,/imu_driver,Current time 1681490463 19448518,driver.py,driver,56,"['/imu', '/rosout']"
1681490463.0458553,65559,1681490463,45498132,,2,/imu_driver,Current time 1681490463 44483184,driver.py,driver,56,"['/imu', '/rosout']"
1681490463.0707202,65560,1681490463,70509195,,2,/imu_driver,Current time 1681490463 69443225,driver.py,driver,56,"['/imu', '/rosout']"
1681490463.0966027,65561,1681490463,96423625,,2,/imu_driver,Current time 1681490463 95130681,driver.py,driver,56,"['/imu', '/rosout']"
1681490463.1208715,65562,1681490463,120572566,,2,/imu_driver,Current time 1681490463 119421243,driver.py,driver,56,"['/imu', '/rosout']"
1681490463.1458209,65563,1681490463,145584821,,2,/imu_driver,Current time 1681490463 144418001,driver.py,driver,56,"['/imu', '/rosout']"
1681490463.170501,65564,1681490463,170350313,,2,/imu_driver,Current time 1681490463 169413805,driver.py,driver,56,"['/imu', '/rosout']"
1681490463.1956315,65565,1681490463,195431947,,2,/imu_driver,Current time 1681490463 194431543,driver.py,driver,56,"['/imu', '/rosout']"
1681490463.2205038,65566,1681490463,220295906,,2,/imu_driver,Current time 1681490463 219200849,driver.py,driver,56,"['/imu', '/rosout']"
1681490463.245647,65567,1681490463,245385408,,2,/imu_driver,Current time 1681490463 244162559,driver.py,driver,56,"['/imu', '/rosout']"
1681490463.2704954,65568,1681490463,270296573,,2,/imu_driver,Current time 1681490463 269258022,driver.py,driver,56,"['/imu', '/rosout']"
1681490463.295532,65569,1681490463,295334339,,2,/imu_driver,Current time 1681490463 294290542,driver.py,driver,56,"['/imu', '/rosout']"
1681490463.320568,65570,1681490463,320391416,,2,/imu_driver,Current time 1681490463 319289684,driver.py,driver,56,"['/imu', '/rosout']"
1681490463.3453283,65571,1681490463,345124959,,2,/imu_driver,Current time 1681490463 344130754,driver.py,driver,56,"['/imu', '/rosout']"
1681490463.370329,65572,1681490463,370167493,,2,/imu_driver,Current time 1681490463 369209766,driver.py,driver,56,"['/imu', '/rosout']"
1681490463.395693,65573,1681490463,395444393,,2,/imu_driver,Current time 1681490463 394158363,driver.py,driver,56,"['/imu', '/rosout']"
1681490463.4203281,65574,1681490463,420142412,,2,/imu_driver,Current time 1681490463 419241428,driver.py,driver,56,"['/imu', '/rosout']"
1681490463.4456282,65575,1681490463,445429325,,2,/imu_driver,Current time 1681490463 444285392,driver.py,driver,56,"['/imu', '/rosout']"
1681490463.4701924,65576,1681490463,470020771,,2,/imu_driver,Current time 1681490463 469012022,driver.py,driver,56,"['/imu', '/rosout']"
1681490463.4957924,65577,1681490463,495451450,,2,/imu_driver,Current time 1681490463 494001388,driver.py,driver,56,"['/imu', '/rosout']"
1681490463.520412,65578,1681490463,520245790,,2,/imu_driver,Current time 1681490463 519082069,driver.py,driver,56,"['/imu', '/rosout']"
1681490463.545337,65579,1681490463,545130014,,2,/imu_driver,Current time 1681490463 544036388,driver.py,driver,56,"['/imu', '/rosout']"
1681490463.5704992,65580,1681490463,570307254,,2,/imu_driver,Current time 1681490463 569152355,driver.py,driver,56,"['/imu', '/rosout']"
1681490463.595464,65581,1681490463,595289707,,2,/imu_driver,Current time 1681490463 594200849,driver.py,driver,56,"['/imu', '/rosout']"
1681490463.6203222,65582,1681490463,620160818,,2,/imu_driver,Current time 1681490463 619112253,driver.py,driver,56,"['/imu', '/rosout']"
1681490463.6454556,65583,1681490463,645201444,,2,/imu_driver,Current time 1681490463 643963336,driver.py,driver,56,"['/imu', '/rosout']"
1681490463.6702385,65584,1681490463,670051813,,2,/imu_driver,Current time 1681490463 669098854,driver.py,driver,56,"['/imu', '/rosout']"
1681490463.6951907,65585,1681490463,694997549,,2,/imu_driver,Current time 1681490463 693902730,driver.py,driver,56,"['/imu', '/rosout']"
1681490463.7204123,65586,1681490463,720075845,,2,/imu_driver,Current time 1681490463 719018936,driver.py,driver,56,"['/imu', '/rosout']"
1681490463.745471,65587,1681490463,745265483,,2,/imu_driver,Current time 1681490463 743988275,driver.py,driver,56,"['/imu', '/rosout']"
1681490463.7701533,65588,1681490463,769993543,,2,/imu_driver,Current time 1681490463 769002914,driver.py,driver,56,"['/imu', '/rosout']"
1681490463.7950354,65589,1681490463,794773101,,2,/imu_driver,Current time 1681490463 793792247,driver.py,driver,56,"['/imu', '/rosout']"
1681490463.8206806,65590,1681490463,820379734,,2,/imu_driver,Current time 1681490463 818964958,driver.py,driver,56,"['/imu', '/rosout']"
1681490463.846089,65591,1681490463,845677137,,2,/imu_driver,Current time 1681490463 844068050,driver.py,driver,56,"['/imu', '/rosout']"
1681490463.8720944,65592,1681490463,871780633,,2,/imu_driver,Current time 1681490463 870454072,driver.py,driver,56,"['/imu', '/rosout']"
1681490463.8956215,65593,1681490463,895382165,,2,/imu_driver,Current time 1681490463 894103765,driver.py,driver,56,"['/imu', '/rosout']"
1681490463.9204957,65594,1681490463,920268058,,2,/imu_driver,Current time 1681490463 918921470,driver.py,driver,56,"['/imu', '/rosout']"
1681490463.9456475,65595,1681490463,944962501,,2,/imu_driver,Current time 1681490463 943744659,driver.py,driver,56,"['/imu', '/rosout']"
1681490463.9703655,65596,1681490463,969654560,,2,/imu_driver,Current time 1681490463 968617200,driver.py,driver,56,"['/imu', '/rosout']"
1681490464.0008283,65597,1681490463,998623132,,2,/imu_driver,Current time 1681490463 994310140,driver.py,driver,56,"['/imu', '/rosout']"
1681490464.0202694,65598,1681490464,19859552,,2,/imu_driver,Current time 1681490464 18701076,driver.py,driver,56,"['/imu', '/rosout']"
1681490464.0452516,65599,1681490464,44991731,,2,/imu_driver,Current time 1681490464 43858528,driver.py,driver,56,"['/imu', '/rosout']"
1681490464.0703914,65600,1681490464,69902896,,2,/imu_driver,Current time 1681490464 68760633,driver.py,driver,56,"['/imu', '/rosout']"
1681490464.0955095,65601,1681490464,94773292,,2,/imu_driver,Current time 1681490464 93711614,driver.py,driver,56,"['/imu', '/rosout']"
1681490464.1202528,65602,1681490464,119786739,,2,/imu_driver,Current time 1681490464 118567228,driver.py,driver,56,"['/imu', '/rosout']"
1681490464.150227,65603,1681490464,146224975,,2,/imu_driver,Current time 1681490464 144987821,driver.py,driver,56,"['/imu', '/rosout']"
1681490464.1717057,65604,1681490464,171157360,,2,/imu_driver,Current time 1681490464 170010089,driver.py,driver,56,"['/imu', '/rosout']"
1681490464.1953151,65605,1681490464,194587945,,2,/imu_driver,Current time 1681490464 193662405,driver.py,driver,56,"['/imu', '/rosout']"
1681490464.2211142,65606,1681490464,220704793,,2,/imu_driver,Current time 1681490464 219509601,driver.py,driver,56,"['/imu', '/rosout']"
1681490464.245114,65607,1681490464,244775533,,2,/imu_driver,Current time 1681490464 243455410,driver.py,driver,56,"['/imu', '/rosout']"
1681490464.270842,65608,1681490464,270575761,,2,/imu_driver,Current time 1681490464 269622564,driver.py,driver,56,"['/imu', '/rosout']"
1681490464.2966774,65609,1681490464,296369075,,2,/imu_driver,Current time 1681490464 294690132,driver.py,driver,56,"['/imu', '/rosout']"
1681490464.3206272,65610,1681490464,320433139,,2,/imu_driver,Current time 1681490464 319334983,driver.py,driver,56,"['/imu', '/rosout']"
1681490464.345759,65611,1681490464,345500230,,2,/imu_driver,Current time 1681490464 344521522,driver.py,driver,56,"['/imu', '/rosout']"
1681490464.370699,65612,1681490464,370473146,,2,/imu_driver,Current time 1681490464 369490385,driver.py,driver,56,"['/imu', '/rosout']"
1681490464.39622,65613,1681490464,395607471,,2,/imu_driver,Current time 1681490464 394305706,driver.py,driver,56,"['/imu', '/rosout']"
1681490464.4208531,65614,1681490464,420425653,,2,/imu_driver,Current time 1681490464 419317483,driver.py,driver,56,"['/imu', '/rosout']"
1681490464.4455752,65615,1681490464,445375442,,2,/imu_driver,Current time 1681490464 444301128,driver.py,driver,56,"['/imu', '/rosout']"
1681490464.4713888,65616,1681490464,470397710,,2,/imu_driver,Current time 1681490464 469363212,driver.py,driver,56,"['/imu', '/rosout']"
1681490464.4979727,65617,1681490464,497678518,,2,/imu_driver,Current time 1681490464 496441602,driver.py,driver,56,"['/imu', '/rosout']"
1681490464.5204835,65618,1681490464,520207405,,2,/imu_driver,Current time 1681490464 519174098,driver.py,driver,56,"['/imu', '/rosout']"
1681490464.5466144,65619,1681490464,545922756,,2,/imu_driver,Current time 1681490464 544183015,driver.py,driver,56,"['/imu', '/rosout']"
1681490464.5705788,65620,1681490464,570138692,,2,/imu_driver,Current time 1681490464 569143772,driver.py,driver,56,"['/imu', '/rosout']"
1681490464.5955462,65621,1681490464,595300436,,2,/imu_driver,Current time 1681490464 594250679,driver.py,driver,56,"['/imu', '/rosout']"
1681490464.6212275,65622,1681490464,620370149,,2,/imu_driver,Current time 1681490464 619236946,driver.py,driver,56,"['/imu', '/rosout']"
1681490464.648206,65623,1681490464,647929906,,2,/imu_driver,Current time 1681490464 646530389,driver.py,driver,56,"['/imu', '/rosout']"
1681490464.6706278,65624,1681490464,670409679,,2,/imu_driver,Current time 1681490464 669147968,driver.py,driver,56,"['/imu', '/rosout']"
1681490464.6953175,65625,1681490464,695168495,,2,/imu_driver,Current time 1681490464 694200038,driver.py,driver,56,"['/imu', '/rosout']"
1681490464.720447,65626,1681490464,720242261,,2,/imu_driver,Current time 1681490464 719125032,driver.py,driver,56,"['/imu', '/rosout']"
1681490464.7467284,65627,1681490464,746306657,,2,/imu_driver,Current time 1681490464 744471311,driver.py,driver,56,"['/imu', '/rosout']"
1681490464.7706082,65628,1681490464,770144224,,2,/imu_driver,Current time 1681490464 769091129,driver.py,driver,56,"['/imu', '/rosout']"
1681490464.7971182,65629,1681490464,796293258,,2,/imu_driver,Current time 1681490464 795031070,driver.py,driver,56,"['/imu', '/rosout']"
1681490464.8206668,65630,1681490464,820088148,,2,/imu_driver,Current time 1681490464 819089651,driver.py,driver,56,"['/imu', '/rosout']"
1681490464.8453534,65631,1681490464,845081090,,2,/imu_driver,Current time 1681490464 844037532,driver.py,driver,56,"['/imu', '/rosout']"
1681490464.8706918,65632,1681490464,870023012,,2,/imu_driver,Current time 1681490464 868972301,driver.py,driver,56,"['/imu', '/rosout']"
1681490464.897113,65633,1681490464,895803689,,2,/imu_driver,Current time 1681490464 894212245,driver.py,driver,56,"['/imu', '/rosout']"
1681490464.9207406,65634,1681490464,919987440,,2,/imu_driver,Current time 1681490464 918912172,driver.py,driver,56,"['/imu', '/rosout']"
1681490464.9455266,65635,1681490464,945281982,,2,/imu_driver,Current time 1681490464 943942070,driver.py,driver,56,"['/imu', '/rosout']"
1681490464.9703734,65636,1681490464,970070838,,2,/imu_driver,Current time 1681490464 968915939,driver.py,driver,56,"['/imu', '/rosout']"
1681490464.9963877,65637,1681490464,995578765,,2,/imu_driver,Current time 1681490464 994285106,driver.py,driver,56,"['/imu', '/rosout']"
1681490465.020686,65638,1681490465,20030498,,2,/imu_driver,Current time 1681490465 18798828,driver.py,driver,56,"['/imu', '/rosout']"
1681490465.0499501,65639,1681490465,47921657,,2,/imu_driver,Current time 1681490465 46216487,driver.py,driver,56,"['/imu', '/rosout']"
1681490465.0705824,65640,1681490465,70193290,,2,/imu_driver,Current time 1681490465 68899393,driver.py,driver,56,"['/imu', '/rosout']"
1681490465.0960257,65641,1681490465,95291614,,2,/imu_driver,Current time 1681490465 94233274,driver.py,driver,56,"['/imu', '/rosout']"
1681490465.1212976,65642,1681490465,120620727,,2,/imu_driver,Current time 1681490465 118675231,driver.py,driver,56,"['/imu', '/rosout']"
1681490465.146925,65643,1681490465,145492792,,2,/imu_driver,Current time 1681490465 143992424,driver.py,driver,56,"['/imu', '/rosout']"
1681490465.1702642,65644,1681490465,169965267,,2,/imu_driver,Current time 1681490465 168786287,driver.py,driver,56,"['/imu', '/rosout']"
1681490465.195091,65645,1681490465,194846153,,2,/imu_driver,Current time 1681490465 193733215,driver.py,driver,56,"['/imu', '/rosout']"
1681490465.2199538,65646,1681490465,219772815,,2,/imu_driver,Current time 1681490465 218794584,driver.py,driver,56,"['/imu', '/rosout']"
1681490465.2451842,65647,1681490465,244939327,,2,/imu_driver,Current time 1681490465 243834733,driver.py,driver,56,"['/imu', '/rosout']"
1681490465.2702026,65648,1681490465,269905328,,2,/imu_driver,Current time 1681490465 268812894,driver.py,driver,56,"['/imu', '/rosout']"
1681490465.296254,65649,1681490465,296044111,,2,/imu_driver,Current time 1681490465 294711351,driver.py,driver,56,"['/imu', '/rosout']"
1681490465.3204563,65650,1681490465,320303201,,2,/imu_driver,Current time 1681490465 319053173,driver.py,driver,56,"['/imu', '/rosout']"
1681490465.3450742,65651,1681490465,344844102,,2,/imu_driver,Current time 1681490465 343727588,driver.py,driver,56,"['/imu', '/rosout']"
1681490465.3707488,65652,1681490465,370566368,,2,/imu_driver,Current time 1681490465 369489192,driver.py,driver,56,"['/imu', '/rosout']"
1681490465.3958979,65653,1681490465,395686388,,2,/imu_driver,Current time 1681490465 394152402,driver.py,driver,56,"['/imu', '/rosout']"
1681490465.4207304,65654,1681490465,420527219,,2,/imu_driver,Current time 1681490465 419598579,driver.py,driver,56,"['/imu', '/rosout']"
1681490465.4462667,65655,1681490465,445775985,,2,/imu_driver,Current time 1681490465 444517850,driver.py,driver,56,"['/imu', '/rosout']"
1681490465.4710314,65656,1681490465,470436811,,2,/imu_driver,Current time 1681490465 469490528,driver.py,driver,56,"['/imu', '/rosout']"
1681490465.4959955,65657,1681490465,495403289,,2,/imu_driver,Current time 1681490465 494495153,driver.py,driver,56,"['/imu', '/rosout']"
1681490465.5210567,65658,1681490465,520570516,,2,/imu_driver,Current time 1681490465 519510030,driver.py,driver,56,"['/imu', '/rosout']"
1681490465.5470777,65659,1681490465,546217918,,2,/imu_driver,Current time 1681490465 544767141,driver.py,driver,56,"['/imu', '/rosout']"
1681490465.5710173,65660,1681490465,570669412,,2,/imu_driver,Current time 1681490465 569504976,driver.py,driver,56,"['/imu', '/rosout']"
1681490465.595656,65661,1681490465,595331430,,2,/imu_driver,Current time 1681490465 594326496,driver.py,driver,56,"['/imu', '/rosout']"
1681490465.6213994,65662,1681490465,620547771,,2,/imu_driver,Current time 1681490465 619366645,driver.py,driver,56,"['/imu', '/rosout']"
1681490465.649254,65663,1681490465,647861719,,2,/imu_driver,Current time 1681490465 646707057,driver.py,driver,56,"['/imu', '/rosout']"
1681490465.6712291,65664,1681490465,670499563,,2,/imu_driver,Current time 1681490465 669368028,driver.py,driver,56,"['/imu', '/rosout']"
1681490465.6959443,65665,1681490465,695658445,,2,/imu_driver,Current time 1681490465 694406032,driver.py,driver,56,"['/imu', '/rosout']"
1681490465.7213,65666,1681490465,720374822,,2,/imu_driver,Current time 1681490465 719392061,driver.py,driver,56,"['/imu', '/rosout']"
1681490465.7454872,65667,1681490465,745221614,,2,/imu_driver,Current time 1681490465 744223117,driver.py,driver,56,"['/imu', '/rosout']"
1681490465.770569,65668,1681490465,770380020,,2,/imu_driver,Current time 1681490465 769356966,driver.py,driver,56,"['/imu', '/rosout']"
1681490465.797094,65669,1681490465,796056985,,2,/imu_driver,Current time 1681490465 794620513,driver.py,driver,56,"['/imu', '/rosout']"
1681490465.821261,65670,1681490465,821061134,,2,/imu_driver,Current time 1681490465 819560289,driver.py,driver,56,"['/imu', '/rosout']"
1681490465.8459234,65671,1681490465,845456600,,2,/imu_driver,Current time 1681490465 844227075,driver.py,driver,56,"['/imu', '/rosout']"
1681490465.870453,65672,1681490465,870281696,,2,/imu_driver,Current time 1681490465 869274854,driver.py,driver,56,"['/imu', '/rosout']"
1681490465.8967004,65673,1681490465,896165370,,2,/imu_driver,Current time 1681490465 894669055,driver.py,driver,56,"['/imu', '/rosout']"
1681490465.9213088,65674,1681490465,920354843,,2,/imu_driver,Current time 1681490465 919237852,driver.py,driver,56,"['/imu', '/rosout']"
1681490465.9477465,65675,1681490465,945648908,,2,/imu_driver,Current time 1681490465 944285392,driver.py,driver,56,"['/imu', '/rosout']"
1681490465.9709358,65676,1681490465,970262765,,2,/imu_driver,Current time 1681490465 969272375,driver.py,driver,56,"['/imu', '/rosout']"
1681490465.9959807,65677,1681490465,995335340,,2,/imu_driver,Current time 1681490465 994153261,driver.py,driver,56,"['/imu', '/rosout']"
1681490466.0208638,65678,1681490466,20175933,,2,/imu_driver,Current time 1681490466 19191741,driver.py,driver,56,"['/imu', '/rosout']"
1681490466.0461931,65679,1681490466,45561790,,2,/imu_driver,Current time 1681490466 44076204,driver.py,driver,56,"['/imu', '/rosout']"
1681490466.0706632,65680,1681490466,70407152,,2,/imu_driver,Current time 1681490466 69184541,driver.py,driver,56,"['/imu', '/rosout']"
1681490466.0953925,65681,1681490466,95101594,,2,/imu_driver,Current time 1681490466 94097852,driver.py,driver,56,"['/imu', '/rosout']"
1681490466.1216676,65682,1681490466,121328353,,2,/imu_driver,Current time 1681490466 119986534,driver.py,driver,56,"['/imu', '/rosout']"
1681490466.1504903,65683,1681490466,150157451,,2,/imu_driver,Current time 1681490466 148944139,driver.py,driver,56,"['/imu', '/rosout']"
1681490466.1715481,65684,1681490466,170347213,,2,/imu_driver,Current time 1681490466 169100999,driver.py,driver,56,"['/imu', '/rosout']"
1681490466.195748,65685,1681490466,195072174,,2,/imu_driver,Current time 1681490466 194002389,driver.py,driver,56,"['/imu', '/rosout']"
1681490466.2209063,65686,1681490466,220030069,,2,/imu_driver,Current time 1681490466 218915224,driver.py,driver,56,"['/imu', '/rosout']"
1681490466.2461226,65687,1681490466,245372772,,2,/imu_driver,Current time 1681490466 244028091,driver.py,driver,56,"['/imu', '/rosout']"
1681490466.270514,65688,1681490466,270001411,,2,/imu_driver,Current time 1681490466 269061326,driver.py,driver,56,"['/imu', '/rosout']"
1681490466.2961345,65689,1681490466,295119762,,2,/imu_driver,Current time 1681490466 293869256,driver.py,driver,56,"['/imu', '/rosout']"
1681490466.3205085,65690,1681490466,319981813,,2,/imu_driver,Current time 1681490466 318949699,driver.py,driver,56,"['/imu', '/rosout']"
1681490466.3450255,65691,1681490466,344805717,,2,/imu_driver,Current time 1681490466 343800783,driver.py,driver,56,"['/imu', '/rosout']"
1681490466.3701642,65692,1681490466,369745969,,2,/imu_driver,Current time 1681490466 368754148,driver.py,driver,56,"['/imu', '/rosout']"
1681490466.395394,65693,1681490466,394927501,,2,/imu_driver,Current time 1681490466 393993139,driver.py,driver,56,"['/imu', '/rosout']"
1681490466.420672,65694,1681490466,419955968,,2,/imu_driver,Current time 1681490466 418893575,driver.py,driver,56,"['/imu', '/rosout']"
1681490466.4458456,65695,1681490466,445066928,,2,/imu_driver,Current time 1681490466 443751573,driver.py,driver,56,"['/imu', '/rosout']"
1681490466.4705539,65696,1681490466,469838380,,2,/imu_driver,Current time 1681490466 468824148,driver.py,driver,56,"['/imu', '/rosout']"
1681490466.4956052,65697,1681490466,494956016,,2,/imu_driver,Current time 1681490466 493853092,driver.py,driver,56,"['/imu', '/rosout']"
1681490466.5200853,65698,1681490466,519660949,,2,/imu_driver,Current time 1681490466 518647193,driver.py,driver,56,"['/imu', '/rosout']"
1681490466.5462165,65699,1681490466,545585393,,2,/imu_driver,Current time 1681490466 544262409,driver.py,driver,56,"['/imu', '/rosout']"
1681490466.5701132,65700,1681490466,569859504,,2,/imu_driver,Current time 1681490466 568690061,driver.py,driver,56,"['/imu', '/rosout']"
1681490466.595237,65701,1681490466,594752311,,2,/imu_driver,Current time 1681490466 593722820,driver.py,driver,56,"['/imu', '/rosout']"
1681490466.6210392,65702,1681490466,620748281,,2,/imu_driver,Current time 1681490466 619650840,driver.py,driver,56,"['/imu', '/rosout']"
1681490466.6451511,65703,1681490466,644751787,,2,/imu_driver,Current time 1681490466 643761634,driver.py,driver,56,"['/imu', '/rosout']"
1681490466.671084,65704,1681490466,670630455,,2,/imu_driver,Current time 1681490466 669595956,driver.py,driver,56,"['/imu', '/rosout']"
1681490466.6959045,65705,1681490466,695072174,,2,/imu_driver,Current time 1681490466 693667888,driver.py,driver,56,"['/imu', '/rosout']"
1681490466.721616,65706,1681490466,721051454,,2,/imu_driver,Current time 1681490466 719847440,driver.py,driver,56,"['/imu', '/rosout']"
1681490466.746064,65707,1681490466,745606899,,2,/imu_driver,Current time 1681490466 744662523,driver.py,driver,56,"['/imu', '/rosout']"
1681490466.7715201,65708,1681490466,770595550,,2,/imu_driver,Current time 1681490466 769641637,driver.py,driver,56,"['/imu', '/rosout']"
1681490466.7981083,65709,1681490466,797652244,,2,/imu_driver,Current time 1681490466 794567346,driver.py,driver,56,"['/imu', '/rosout']"
1681490466.8211815,65710,1681490466,820648670,,2,/imu_driver,Current time 1681490466 819519519,driver.py,driver,56,"['/imu', '/rosout']"
1681490466.8470035,65711,1681490466,845818042,,2,/imu_driver,Current time 1681490466 844619750,driver.py,driver,56,"['/imu', '/rosout']"
1681490466.8709183,65712,1681490466,870601892,,2,/imu_driver,Current time 1681490466 869408607,driver.py,driver,56,"['/imu', '/rosout']"
1681490466.8958304,65713,1681490466,895579576,,2,/imu_driver,Current time 1681490466 894644021,driver.py,driver,56,"['/imu', '/rosout']"
1681490466.9210172,65714,1681490466,920784235,,2,/imu_driver,Current time 1681490466 919646024,driver.py,driver,56,"['/imu', '/rosout']"
1681490466.9464405,65715,1681490466,946042776,,2,/imu_driver,Current time 1681490466 944473743,driver.py,driver,56,"['/imu', '/rosout']"
1681490466.970497,65716,1681490466,970294475,,2,/imu_driver,Current time 1681490466 969372749,driver.py,driver,56,"['/imu', '/rosout']"
1681490466.9957662,65717,1681490466,995522499,,2,/imu_driver,Current time 1681490466 994533061,driver.py,driver,56,"['/imu', '/rosout']"
1681490467.0211847,65718,1681490467,20446300,,2,/imu_driver,Current time 1681490467 19450902,driver.py,driver,56,"['/imu', '/rosout']"
1681490467.0463867,65719,1681490467,45790195,,2,/imu_driver,Current time 1681490467 44458866,driver.py,driver,56,"['/imu', '/rosout']"
1681490467.0709403,65720,1681490467,70233106,,2,/imu_driver,Current time 1681490467 69168329,driver.py,driver,56,"['/imu', '/rosout']"
1681490467.0955138,65721,1681490467,95256328,,2,/imu_driver,Current time 1681490467 94236135,driver.py,driver,56,"['/imu', '/rosout']"
1681490467.1205962,65722,1681490467,120380401,,2,/imu_driver,Current time 1681490467 119232416,driver.py,driver,56,"['/imu', '/rosout']"
1681490467.1464093,65723,1681490467,145854473,,2,/imu_driver,Current time 1681490467 144573688,driver.py,driver,56,"['/imu', '/rosout']"
1681490467.170919,65724,1681490467,170340299,,2,/imu_driver,Current time 1681490467 169257164,driver.py,driver,56,"['/imu', '/rosout']"
1681490467.1968791,65725,1681490467,196500539,,2,/imu_driver,Current time 1681490467 195212364,driver.py,driver,56,"['/imu', '/rosout']"
1681490467.2209327,65726,1681490467,220276594,,2,/imu_driver,Current time 1681490467 219114780,driver.py,driver,56,"['/imu', '/rosout']"
1681490467.2457197,65727,1681490467,245242595,,2,/imu_driver,Current time 1681490467 244245290,driver.py,driver,56,"['/imu', '/rosout']"
1681490467.270509,65728,1681490467,270248651,,2,/imu_driver,Current time 1681490467 269189357,driver.py,driver,56,"['/imu', '/rosout']"
1681490467.2961037,65729,1681490467,295432090,,2,/imu_driver,Current time 1681490467 294197797,driver.py,driver,56,"['/imu', '/rosout']"
1681490467.3206933,65730,1681490467,320456504,,2,/imu_driver,Current time 1681490467 319140672,driver.py,driver,56,"['/imu', '/rosout']"
1681490467.3462927,65731,1681490467,345898866,,2,/imu_driver,Current time 1681490467 344336748,driver.py,driver,56,"['/imu', '/rosout']"
1681490467.370535,65732,1681490467,370128154,,2,/imu_driver,Current time 1681490467 369058132,driver.py,driver,56,"['/imu', '/rosout']"
1681490467.3959165,65733,1681490467,395504951,,2,/imu_driver,Current time 1681490467 394141674,driver.py,driver,56,"['/imu', '/rosout']"
1681490467.420422,65734,1681490467,420138597,,2,/imu_driver,Current time 1681490467 419109344,driver.py,driver,56,"['/imu', '/rosout']"
1681490467.4460926,65735,1681490467,445434331,,2,/imu_driver,Current time 1681490467 443945884,driver.py,driver,56,"['/imu', '/rosout']"
1681490467.470775,65736,1681490467,470128297,,2,/imu_driver,Current time 1681490467 468982219,driver.py,driver,56,"['/imu', '/rosout']"
1681490467.495347,65737,1681490467,495049476,,2,/imu_driver,Current time 1681490467 494074106,driver.py,driver,56,"['/imu', '/rosout']"
1681490467.520921,65738,1681490467,520196914,,2,/imu_driver,Current time 1681490467 519161939,driver.py,driver,56,"['/imu', '/rosout']"
1681490467.5459309,65739,1681490467,545153617,,2,/imu_driver,Current time 1681490467 543823719,driver.py,driver,56,"['/imu', '/rosout']"
1681490467.5704267,65740,1681490467,569968223,,2,/imu_driver,Current time 1681490467 568887710,driver.py,driver,56,"['/imu', '/rosout']"
1681490467.595375,65741,1681490467,595175504,,2,/imu_driver,Current time 1681490467 594027996,driver.py,driver,56,"['/imu', '/rosout']"
1681490467.6201956,65742,1681490467,619933366,,2,/imu_driver,Current time 1681490467 618966102,driver.py,driver,56,"['/imu', '/rosout']"
1681490467.6452656,65743,1681490467,645045042,,2,/imu_driver,Current time 1681490467 643913984,driver.py,driver,56,"['/imu', '/rosout']"
1681490467.6701775,65744,1681490467,669956684,,2,/imu_driver,Current time 1681490467 668798208,driver.py,driver,56,"['/imu', '/rosout']"
1681490467.6956518,65745,1681490467,695486545,,2,/imu_driver,Current time 1681490467 694099664,driver.py,driver,56,"['/imu', '/rosout']"
1681490467.7201319,65746,1681490467,719769954,,2,/imu_driver,Current time 1681490467 718860387,driver.py,driver,56,"['/imu', '/rosout']"
1681490467.745012,65747,1681490467,744844913,,2,/imu_driver,Current time 1681490467 743824481,driver.py,driver,56,"['/imu', '/rosout']"
1681490467.770496,65748,1681490467,769912242,,2,/imu_driver,Current time 1681490467 768779039,driver.py,driver,56,"['/imu', '/rosout']"
1681490467.7954218,65749,1681490467,795098066,,2,/imu_driver,Current time 1681490467 793650865,driver.py,driver,56,"['/imu', '/rosout']"
1681490467.8211339,65750,1681490467,820881843,,2,/imu_driver,Current time 1681490467 819812536,driver.py,driver,56,"['/imu', '/rosout']"
1681490467.8480024,65751,1681490467,847010374,,2,/imu_driver,Current time 1681490467 843876361,driver.py,driver,56,"['/imu', '/rosout']"
1681490467.8711443,65752,1681490467,870945215,,2,/imu_driver,Current time 1681490467 869630575,driver.py,driver,56,"['/imu', '/rosout']"
1681490467.8950567,65753,1681490467,894819259,,2,/imu_driver,Current time 1681490467 893746137,driver.py,driver,56,"['/imu', '/rosout']"
1681490467.9213028,65754,1681490467,921000003,,2,/imu_driver,Current time 1681490467 919681787,driver.py,driver,56,"['/imu', '/rosout']"
1681490467.9496753,65755,1681490467,949063062,,2,/imu_driver,Current time 1681490467 947038650,driver.py,driver,56,"['/imu', '/rosout']"
1681490467.97154,65756,1681490467,970670223,,2,/imu_driver,Current time 1681490467 969572544,driver.py,driver,56,"['/imu', '/rosout']"
1681490467.9961662,65757,1681490467,995444774,,2,/imu_driver,Current time 1681490467 994496583,driver.py,driver,56,"['/imu', '/rosout']"
1681490468.0214574,65758,1681490468,20981788,,2,/imu_driver,Current time 1681490468 19700765,driver.py,driver,56,"['/imu', '/rosout']"
1681490468.046691,65759,1681490468,45908451,,2,/imu_driver,Current time 1681490468 44503211,driver.py,driver,56,"['/imu', '/rosout']"
1681490468.0711927,65760,1681490468,70570945,,2,/imu_driver,Current time 1681490468 69458723,driver.py,driver,56,"['/imu', '/rosout']"
1681490468.0952313,65761,1681490468,94748735,,2,/imu_driver,Current time 1681490468 93622684,driver.py,driver,56,"['/imu', '/rosout']"
1681490468.120888,65762,1681490468,120504856,,2,/imu_driver,Current time 1681490468 119467496,driver.py,driver,56,"['/imu', '/rosout']"
1681490468.1465163,65763,1681490468,145826339,,2,/imu_driver,Current time 1681490468 144539833,driver.py,driver,56,"['/imu', '/rosout']"
1681490468.1709995,65764,1681490468,170375347,,2,/imu_driver,Current time 1681490468 169399023,driver.py,driver,56,"['/imu', '/rosout']"
1681490468.1983318,65765,1681490468,197639465,,2,/imu_driver,Current time 1681490468 196415424,driver.py,driver,56,"['/imu', '/rosout']"
1681490468.2219338,65766,1681490468,221544027,,2,/imu_driver,Current time 1681490468 219495058,driver.py,driver,56,"['/imu', '/rosout']"
1681490468.245423,65767,1681490468,245240211,,2,/imu_driver,Current time 1681490468 244332313,driver.py,driver,56,"['/imu', '/rosout']"
1681490468.2706552,65768,1681490468,270426034,,2,/imu_driver,Current time 1681490468 269291162,driver.py,driver,56,"['/imu', '/rosout']"
1681490468.2959201,65769,1681490468,295679092,,2,/imu_driver,Current time 1681490468 294313907,driver.py,driver,56,"['/imu', '/rosout']"
1681490468.3206453,65770,1681490468,320421695,,2,/imu_driver,Current time 1681490468 319262981,driver.py,driver,56,"['/imu', '/rosout']"
1681490468.3467488,65771,1681490468,345549345,,2,/imu_driver,Current time 1681490468 344456911,driver.py,driver,56,"['/imu', '/rosout']"
1681490468.3708084,65772,1681490468,370523691,,2,/imu_driver,Current time 1681490468 369355916,driver.py,driver,56,"['/imu', '/rosout']"
1681490468.3954906,65773,1681490468,395246505,,2,/imu_driver,Current time 1681490468 394239664,driver.py,driver,56,"['/imu', '/rosout']"
1681490468.4210513,65774,1681490468,420336961,,2,/imu_driver,Current time 1681490468 419376134,driver.py,driver,56,"['/imu', '/rosout']"
1681490468.4461486,65775,1681490468,445833206,,2,/imu_driver,Current time 1681490468 444244384,driver.py,driver,56,"['/imu', '/rosout']"
1681490468.4729915,65776,1681490468,472693204,,2,/imu_driver,Current time 1681490468 469317674,driver.py,driver,56,"['/imu', '/rosout']"
1681490468.4964578,65777,1681490468,496038198,,2,/imu_driver,Current time 1681490468 494349002,driver.py,driver,56,"['/imu', '/rosout']"
1681490468.5225358,65778,1681490468,521037817,,2,/imu_driver,Current time 1681490468 519329786,driver.py,driver,56,"['/imu', '/rosout']"
1681490468.5487084,65779,1681490468,545916080,,2,/imu_driver,Current time 1681490468 544329643,driver.py,driver,56,"['/imu', '/rosout']"
1681490468.5708368,65780,1681490468,570340871,,2,/imu_driver,Current time 1681490468 569159746,driver.py,driver,56,"['/imu', '/rosout']"
1681490468.5954258,65781,1681490468,595175504,,2,/imu_driver,Current time 1681490468 594178676,driver.py,driver,56,"['/imu', '/rosout']"
1681490468.6207876,65782,1681490468,620241165,,2,/imu_driver,Current time 1681490468 619133949,driver.py,driver,56,"['/imu', '/rosout']"
1681490468.646165,65783,1681490468,645376443,,2,/imu_driver,Current time 1681490468 644093990,driver.py,driver,56,"['/imu', '/rosout']"
1681490468.6704965,65784,1681490468,670081615,,2,/imu_driver,Current time 1681490468 669017553,driver.py,driver,56,"['/imu', '/rosout']"
1681490468.697472,65785,1681490468,696774005,,2,/imu_driver,Current time 1681490468 695200681,driver.py,driver,56,"['/imu', '/rosout']"
1681490468.7216196,65786,1681490468,720819473,,2,/imu_driver,Current time 1681490468 719327449,driver.py,driver,56,"['/imu', '/rosout']"
1681490468.745858,65787,1681490468,745175361,,2,/imu_driver,Current time 1681490468 744095802,driver.py,driver,56,"['/imu', '/rosout']"
1681490468.7706153,65788,1681490468,769991874,,2,/imu_driver,Current time 1681490468 768957614,driver.py,driver,56,"['/imu', '/rosout']"
1681490468.7961953,65789,1681490468,795637607,,2,/imu_driver,Current time 1681490468 794101715,driver.py,driver,56,"['/imu', '/rosout']"
1681490468.8208916,65790,1681490468,820248603,,2,/imu_driver,Current time 1681490468 819087266,driver.py,driver,56,"['/imu', '/rosout']"
1681490468.8455424,65791,1681490468,845238208,,2,/imu_driver,Current time 1681490468 844107627,driver.py,driver,56,"['/imu', '/rosout']"
1681490468.8706782,65792,1681490468,870135068,,2,/imu_driver,Current time 1681490468 868995666,driver.py,driver,56,"['/imu', '/rosout']"
1681490468.8955545,65793,1681490468,894925117,,2,/imu_driver,Current time 1681490468 893922090,driver.py,driver,56,"['/imu', '/rosout']"
1681490468.920624,65794,1681490468,919952869,,2,/imu_driver,Current time 1681490468 918922185,driver.py,driver,56,"['/imu', '/rosout']"
1681490468.9485795,65795,1681490468,947850704,,2,/imu_driver,Current time 1681490468 944503307,driver.py,driver,56,"['/imu', '/rosout']"
1681490468.971823,65796,1681490468,971153974,,2,/imu_driver,Current time 1681490468 968796253,driver.py,driver,56,"['/imu', '/rosout']"
1681490468.9958732,65797,1681490468,995096921,,2,/imu_driver,Current time 1681490468 994019031,driver.py,driver,56,"['/imu', '/rosout']"
1681490469.0210335,65798,1681490469,20101070,,2,/imu_driver,Current time 1681490469 18862009,driver.py,driver,56,"['/imu', '/rosout']"
1681490469.0479114,65799,1681490469,47486543,,2,/imu_driver,Current time 1681490469 44881343,driver.py,driver,56,"['/imu', '/rosout']"
1681490469.0701864,65800,1681490469,69794654,,2,/imu_driver,Current time 1681490469 68825960,driver.py,driver,56,"['/imu', '/rosout']"
1681490469.0953066,65801,1681490469,94644546,,2,/imu_driver,Current time 1681490469 93652009,driver.py,driver,56,"['/imu', '/rosout']"
1681490469.1202495,65802,1681490469,120015621,,2,/imu_driver,Current time 1681490469 118883848,driver.py,driver,56,"['/imu', '/rosout']"
1681490469.1462793,65803,1681490469,145604133,,2,/imu_driver,Current time 1681490469 144647836,driver.py,driver,56,"['/imu', '/rosout']"
1681490469.1711748,65804,1681490469,170699119,,2,/imu_driver,Current time 1681490469 169698476,driver.py,driver,56,"['/imu', '/rosout']"
1681490469.196691,65805,1681490469,195205926,,2,/imu_driver,Current time 1681490469 193960428,driver.py,driver,56,"['/imu', '/rosout']"
1681490469.2218492,65806,1681490469,220962762,,2,/imu_driver,Current time 1681490469 219726562,driver.py,driver,56,"['/imu', '/rosout']"
1681490469.2448535,65807,1681490469,244611740,,2,/imu_driver,Current time 1681490469 243552446,driver.py,driver,56,"['/imu', '/rosout']"
1681490469.2717946,65808,1681490469,270796298,,2,/imu_driver,Current time 1681490469 269692897,driver.py,driver,56,"['/imu', '/rosout']"
1681490469.299311,65809,1681490469,298772573,,2,/imu_driver,Current time 1681490469 297615766,driver.py,driver,56,"['/imu', '/rosout']"
1681490469.3210182,65810,1681490469,320531129,,2,/imu_driver,Current time 1681490469 319539785,driver.py,driver,56,"['/imu', '/rosout']"
1681490469.3467274,65811,1681490469,345638990,,2,/imu_driver,Current time 1681490469 344540596,driver.py,driver,56,"['/imu', '/rosout']"
1681490469.37124,65812,1681490469,371022224,,2,/imu_driver,Current time 1681490469 369953393,driver.py,driver,56,"['/imu', '/rosout']"
1681490469.3960361,65813,1681490469,395440340,,2,/imu_driver,Current time 1681490469 394342660,driver.py,driver,56,"['/imu', '/rosout']"
1681490469.4213145,65814,1681490469,420577526,,2,/imu_driver,Current time 1681490469 419632196,driver.py,driver,56,"['/imu', '/rosout']"
1681490469.4462304,65815,1681490469,445955991,,2,/imu_driver,Current time 1681490469 444507598,driver.py,driver,56,"['/imu', '/rosout']"
1681490469.4707975,65816,1681490469,470602273,,2,/imu_driver,Current time 1681490469 469453573,driver.py,driver,56,"['/imu', '/rosout']"
1681490469.4957428,65817,1681490469,495529413,,2,/imu_driver,Current time 1681490469 494576692,driver.py,driver,56,"['/imu', '/rosout']"
1681490469.5205612,65818,1681490469,520394325,,2,/imu_driver,Current time 1681490469 519309043,driver.py,driver,56,"['/imu', '/rosout']"
1681490469.5458395,65819,1681490469,545595169,,2,/imu_driver,Current time 1681490469 544289588,driver.py,driver,56,"['/imu', '/rosout']"
1681490469.571013,65820,1681490469,570720434,,2,/imu_driver,Current time 1681490469 569391965,driver.py,driver,56,"['/imu', '/rosout']"
1681490469.5959873,65821,1681490469,595645904,,2,/imu_driver,Current time 1681490469 594391822,driver.py,driver,56,"['/imu', '/rosout']"
1681490469.6208837,65822,1681490469,620600223,,2,/imu_driver,Current time 1681490469 619331598,driver.py,driver,56,"['/imu', '/rosout']"
1681490469.6457288,65823,1681490469,645513534,,2,/imu_driver,Current time 1681490469 644356250,driver.py,driver,56,"['/imu', '/rosout']"
1681490469.6707702,65824,1681490469,670526742,,2,/imu_driver,Current time 1681490469 669376373,driver.py,driver,56,"['/imu', '/rosout']"
1681490469.69571,65825,1681490469,695495367,,2,/imu_driver,Current time 1681490469 694302558,driver.py,driver,56,"['/imu', '/rosout']"
1681490469.720619,65826,1681490469,720359325,,2,/imu_driver,Current time 1681490469 719265460,driver.py,driver,56,"['/imu', '/rosout']"
1681490469.7453194,65827,1681490469,745175600,,2,/imu_driver,Current time 1681490469 744243144,driver.py,driver,56,"['/imu', '/rosout']"
1681490469.7705553,65828,1681490469,770320653,,2,/imu_driver,Current time 1681490469 769278049,driver.py,driver,56,"['/imu', '/rosout']"
1681490469.7974925,65829,1681490469,795952796,,2,/imu_driver,Current time 1681490469 794332981,driver.py,driver,56,"['/imu', '/rosout']"
1681490469.8204532,65830,1681490469,820220708,,2,/imu_driver,Current time 1681490469 819163322,driver.py,driver,56,"['/imu', '/rosout']"
1681490469.8498664,65831,1681490469,846362113,,2,/imu_driver,Current time 1681490469 844886541,driver.py,driver,56,"['/imu', '/rosout']"
1681490469.8708289,65832,1681490469,870065450,,2,/imu_driver,Current time 1681490469 869144201,driver.py,driver,56,"['/imu', '/rosout']"
1681490469.8951995,65833,1681490469,894939899,,2,/imu_driver,Current time 1681490469 893962860,driver.py,driver,56,"['/imu', '/rosout']"
1681490469.9206104,65834,1681490469,920048713,,2,/imu_driver,Current time 1681490469 918979406,driver.py,driver,56,"['/imu', '/rosout']"
1681490469.9457836,65835,1681490469,945475101,,2,/imu_driver,Current time 1681490469 944080829,driver.py,driver,56,"['/imu', '/rosout']"
1681490469.970796,65836,1681490469,970126867,,2,/imu_driver,Current time 1681490469 969009160,driver.py,driver,56,"['/imu', '/rosout']"
1681490469.9956353,65837,1681490469,995147228,,2,/imu_driver,Current time 1681490469 993927955,driver.py,driver,56,"['/imu', '/rosout']"
1681490470.0213544,65838,1681490470,20530939,,2,/imu_driver,Current time 1681490470 19212484,driver.py,driver,56,"['/imu', '/rosout']"
1681490470.0470607,65839,1681490470,46384334,,2,/imu_driver,Current time 1681490470 43947458,driver.py,driver,56,"['/imu', '/rosout']"
1681490470.070462,65840,1681490470,70139646,,2,/imu_driver,Current time 1681490470 69043397,driver.py,driver,56,"['/imu', '/rosout']"
1681490470.100525,65841,1681490470,98378181,,2,/imu_driver,Current time 1681490470 94427824,driver.py,driver,56,"['/imu', '/rosout']"
1681490470.1204793,65842,1681490470,120052337,,2,/imu_driver,Current time 1681490470 119054555,driver.py,driver,56,"['/imu', '/rosout']"
1681490470.145413,65843,1681490470,145065069,,2,/imu_driver,Current time 1681490470 144042968,driver.py,driver,56,"['/imu', '/rosout']"
1681490470.170231,65844,1681490470,170048713,,2,/imu_driver,Current time 1681490470 169073343,driver.py,driver,56,"['/imu', '/rosout']"
1681490470.1958702,65845,1681490470,195684194,,2,/imu_driver,Current time 1681490470 194367647,driver.py,driver,56,"['/imu', '/rosout']"
1681490470.2201998,65846,1681490470,219994068,,2,/imu_driver,Current time 1681490470 218860864,driver.py,driver,56,"['/imu', '/rosout']"
1681490470.2452352,65847,1681490470,245046615,,2,/imu_driver,Current time 1681490470 243957757,driver.py,driver,56,"['/imu', '/rosout']"
1681490470.270981,65848,1681490470,270214080,,2,/imu_driver,Current time 1681490470 268949985,driver.py,driver,56,"['/imu', '/rosout']"
1681490470.296539,65849,1681490470,295555353,,2,/imu_driver,Current time 1681490470 294235229,driver.py,driver,56,"['/imu', '/rosout']"
1681490470.3286185,65850,1681490470,323776721,,2,/imu_driver,Current time 1681490470 319716691,driver.py,driver,56,"['/imu', '/rosout']"
1681490470.3560321,65851,1681490470,353216171,,2,/imu_driver,Current time 1681490470 346153020,driver.py,driver,56,"['/imu', '/rosout']"
1681490470.378102,65852,1681490470,375479698,,2,/imu_driver,Current time 1681490470 370785951,driver.py,driver,56,"['/imu', '/rosout']"
1681490470.4031787,65853,1681490470,401224374,,2,/imu_driver,Current time 1681490470 394902467,driver.py,driver,56,"['/imu', '/rosout']"
1681490470.4312394,65854,1681490470,427971601,,2,/imu_driver,Current time 1681490470 422982454,driver.py,driver,56,"['/imu', '/rosout']"
1681490470.4587846,65855,1681490470,456935882,,2,/imu_driver,Current time 1681490470 453493595,driver.py,driver,56,"['/imu', '/rosout']"
1681490470.4710944,65856,1681490470,470896244,,2,/imu_driver,Current time 1681490470 469739198,driver.py,driver,56,"['/imu', '/rosout']"
1681490470.494895,65857,1681490470,494719505,,2,/imu_driver,Current time 1681490470 493725776,driver.py,driver,56,"['/imu', '/rosout']"
1681490470.521329,65858,1681490470,520730018,,2,/imu_driver,Current time 1681490470 519547224,driver.py,driver,56,"['/imu', '/rosout']"
1681490470.5484138,65859,1681490470,547919988,,2,/imu_driver,Current time 1681490470 546748399,driver.py,driver,56,"['/imu', '/rosout']"
1681490470.5715444,65860,1681490470,571035385,,2,/imu_driver,Current time 1681490470 569531440,driver.py,driver,56,"['/imu', '/rosout']"
1681490470.596063,65861,1681490470,595583677,,2,/imu_driver,Current time 1681490470 594634532,driver.py,driver,56,"['/imu', '/rosout']"
1681490470.6211483,65862,1681490470,620736598,,2,/imu_driver,Current time 1681490470 619615316,driver.py,driver,56,"['/imu', '/rosout']"
1681490470.6461465,65863,1681490470,645946025,,2,/imu_driver,Current time 1681490470 644617557,driver.py,driver,56,"['/imu', '/rosout']"
1681490470.6722412,65864,1681490470,671688079,,2,/imu_driver,Current time 1681490470 669849872,driver.py,driver,56,"['/imu', '/rosout']"
1681490470.6958208,65865,1681490470,695536851,,2,/imu_driver,Current time 1681490470 694446802,driver.py,driver,56,"['/imu', '/rosout']"
1681490470.7234714,65866,1681490470,722938060,,2,/imu_driver,Current time 1681490470 719615221,driver.py,driver,56,"['/imu', '/rosout']"
1681490470.7469163,65867,1681490470,745992183,,2,/imu_driver,Current time 1681490470 744752883,driver.py,driver,56,"['/imu', '/rosout']"
1681490470.7710037,65868,1681490470,770732641,,2,/imu_driver,Current time 1681490470 769386053,driver.py,driver,56,"['/imu', '/rosout']"
1681490470.7970493,65869,1681490470,796085357,,2,/imu_driver,Current time 1681490470 794738769,driver.py,driver,56,"['/imu', '/rosout']"
1681490470.8216753,65870,1681490470,821126222,,2,/imu_driver,Current time 1681490470 819480180,driver.py,driver,56,"['/imu', '/rosout']"
1681490470.8459713,65871,1681490470,845628023,,2,/imu_driver,Current time 1681490470 844461917,driver.py,driver,56,"['/imu', '/rosout']"
1681490470.871371,65872,1681490470,870488166,,2,/imu_driver,Current time 1681490470 869489908,driver.py,driver,56,"['/imu', '/rosout']"
1681490470.8971014,65873,1681490470,896271705,,2,/imu_driver,Current time 1681490470 894494771,driver.py,driver,56,"['/imu', '/rosout']"
1681490470.9205039,65874,1681490470,920285701,,2,/imu_driver,Current time 1681490470 919306993,driver.py,driver,56,"['/imu', '/rosout']"
1681490470.9458525,65875,1681490470,945539951,,2,/imu_driver,Current time 1681490470 944365262,driver.py,driver,56,"['/imu', '/rosout']"
1681490470.9705343,65876,1681490470,970407962,,2,/imu_driver,Current time 1681490470 969419240,driver.py,driver,56,"['/imu', '/rosout']"
1681490470.9956334,65877,1681490470,995461940,,2,/imu_driver,Current time 1681490470 994412660,driver.py,driver,56,"['/imu', '/rosout']"
1681490471.0205183,65878,1681490471,20370483,,2,/imu_driver,Current time 1681490471 19233465,driver.py,driver,56,"['/imu', '/rosout']"
1681490471.0483017,65879,1681490471,47630786,,2,/imu_driver,Current time 1681490471 46257734,driver.py,driver,56,"['/imu', '/rosout']"
1681490471.0704384,65880,1681490471,70319414,,2,/imu_driver,Current time 1681490471 69296360,driver.py,driver,56,"['/imu', '/rosout']"
1681490471.0953255,65881,1681490471,95197200,,2,/imu_driver,Current time 1681490471 94182968,driver.py,driver,56,"['/imu', '/rosout']"
1681490471.1204538,65882,1681490471,120319604,,2,/imu_driver,Current time 1681490471 119304895,driver.py,driver,56,"['/imu', '/rosout']"
1681490471.1460903,65883,1681490471,145760536,,2,/imu_driver,Current time 1681490471 144465208,driver.py,driver,56,"['/imu', '/rosout']"
1681490471.1711106,65884,1681490471,170256614,,2,/imu_driver,Current time 1681490471 169132947,driver.py,driver,56,"['/imu', '/rosout']"
1681490471.1963034,65885,1681490471,195287227,,2,/imu_driver,Current time 1681490471 194140911,driver.py,driver,56,"['/imu', '/rosout']"
1681490471.2208393,65886,1681490471,220131158,,2,/imu_driver,Current time 1681490471 219038248,driver.py,driver,56,"['/imu', '/rosout']"
1681490471.245428,65887,1681490471,245170831,,2,/imu_driver,Current time 1681490471 244192600,driver.py,driver,56,"['/imu', '/rosout']"
1681490471.2703307,65888,1681490471,270110368,,2,/imu_driver,Current time 1681490471 269040346,driver.py,driver,56,"['/imu', '/rosout']"
1681490471.2989874,65889,1681490471,295706987,,2,/imu_driver,Current time 1681490471 294404268,driver.py,driver,56,"['/imu', '/rosout']"
1681490471.320333,65890,1681490471,320088624,,2,/imu_driver,Current time 1681490471 319074153,driver.py,driver,56,"['/imu', '/rosout']"
1681490471.3453395,65891,1681490471,345110893,,2,/imu_driver,Current time 1681490471 344099283,driver.py,driver,56,"['/imu', '/rosout']"
1681490471.3705978,65892,1681490471,370113849,,2,/imu_driver,Current time 1681490471 369071006,driver.py,driver,56,"['/imu', '/rosout']"
1681490471.395189,65893,1681490471,394973278,,2,/imu_driver,Current time 1681490471 393955469,driver.py,driver,56,"['/imu', '/rosout']"
1681490471.4202049,65894,1681490471,419949769,,2,/imu_driver,Current time 1681490471 418897867,driver.py,driver,56,"['/imu', '/rosout']"
1681490471.4456544,65895,1681490471,445318460,,2,/imu_driver,Current time 1681490471 443956375,driver.py,driver,56,"['/imu', '/rosout']"
1681490471.4706,65896,1681490471,470049858,,2,/imu_driver,Current time 1681490471 469158172,driver.py,driver,56,"['/imu', '/rosout']"
1681490471.4951763,65897,1681490471,494957208,,2,/imu_driver,Current time 1681490471 493988037,driver.py,driver,56,"['/imu', '/rosout']"
1681490471.5203183,65898,1681490471,520034313,,2,/imu_driver,Current time 1681490471 518933534,driver.py,driver,56,"['/imu', '/rosout']"
1681490471.545832,65899,1681490471,545492887,,2,/imu_driver,Current time 1681490471 543932914,driver.py,driver,56,"['/imu', '/rosout']"
1681490471.570233,65900,1681490471,570015192,,2,/imu_driver,Current time 1681490471 569018602,driver.py,driver,56,"['/imu', '/rosout']"
1681490471.5950873,65901,1681490471,594890594,,2,/imu_driver,Current time 1681490471 593806505,driver.py,driver,56,"['/imu', '/rosout']"
1681490471.6202054,65902,1681490471,619983434,,2,/imu_driver,Current time 1681490471 618937969,driver.py,driver,56,"['/imu', '/rosout']"
1681490471.6450822,65903,1681490471,644910335,,2,/imu_driver,Current time 1681490471 643892049,driver.py,driver,56,"['/imu', '/rosout']"
1681490471.6716297,65904,1681490471,670892477,,2,/imu_driver,Current time 1681490471 669749975,driver.py,driver,56,"['/imu', '/rosout']"
1681490471.6968174,65905,1681490471,696276664,,2,/imu_driver,Current time 1681490471 693815469,driver.py,driver,56,"['/imu', '/rosout']"
1681490471.7205153,65906,1681490471,719874382,,2,/imu_driver,Current time 1681490471 718739271,driver.py,driver,56,"['/imu', '/rosout']"
1681490471.747787,65907,1681490471,746798276,,2,/imu_driver,Current time 1681490471 744780778,driver.py,driver,56,"['/imu', '/rosout']"
1681490471.7772593,65908,1681490471,775740385,,2,/imu_driver,Current time 1681490471 772927999,driver.py,driver,56,"['/imu', '/rosout']"
1681490471.7987618,65909,1681490471,798156261,,2,/imu_driver,Current time 1681490471 796761035,driver.py,driver,56,"['/imu', '/rosout']"
1681490471.822103,65910,1681490471,821165323,,2,/imu_driver,Current time 1681490471 819975137,driver.py,driver,56,"['/imu', '/rosout']"
1681490471.8473217,65911,1681490471,846242666,,2,/imu_driver,Current time 1681490471 844768762,driver.py,driver,56,"['/imu', '/rosout']"
1681490471.8710446,65912,1681490471,870643138,,2,/imu_driver,Current time 1681490471 869577646,driver.py,driver,56,"['/imu', '/rosout']"
1681490471.9021177,65913,1681490471,901796340,,2,/imu_driver,Current time 1681490471 899452686,driver.py,driver,56,"['/imu', '/rosout']"
1681490471.9212692,65914,1681490471,921004772,,2,/imu_driver,Current time 1681490471 919600486,driver.py,driver,56,"['/imu', '/rosout']"
1681490471.9513388,65915,1681490471,946096181,,2,/imu_driver,Current time 1681490471 944705963,driver.py,driver,56,"['/imu', '/rosout']"
1681490471.9717023,65916,1681490471,970905542,,2,/imu_driver,Current time 1681490471 969605207,driver.py,driver,56,"['/imu', '/rosout']"
1681490471.99615,65917,1681490471,995867490,,2,/imu_driver,Current time 1681490471 994751930,driver.py,driver,56,"['/imu', '/rosout']"
1681490472.0214658,65918,1681490472,20704269,,2,/imu_driver,Current time 1681490472 19455432,driver.py,driver,56,"['/imu', '/rosout']"
1681490472.046285,65919,1681490472,45924425,,2,/imu_driver,Current time 1681490472 44581174,driver.py,driver,56,"['/imu', '/rosout']"
1681490472.0708282,65920,1681490472,70610761,,2,/imu_driver,Current time 1681490472 69593667,driver.py,driver,56,"['/imu', '/rosout']"
1681490472.097527,65921,1681490472,96299886,,2,/imu_driver,Current time 1681490472 94861745,driver.py,driver,56,"['/imu', '/rosout']"
1681490472.1208677,65922,1681490472,120594978,,2,/imu_driver,Current time 1681490472 119467020,driver.py,driver,56,"['/imu', '/rosout']"
1681490472.1458888,65923,1681490472,145638227,,2,/imu_driver,Current time 1681490472 144663810,driver.py,driver,56,"['/imu', '/rosout']"
1681490472.1712945,65924,1681490472,170622825,,2,/imu_driver,Current time 1681490472 169535398,driver.py,driver,56,"['/imu', '/rosout']"
1681490472.199418,65925,1681490472,198706626,,2,/imu_driver,Current time 1681490472 194712400,driver.py,driver,56,"['/imu', '/rosout']"
1681490472.220863,65926,1681490472,220583438,,2,/imu_driver,Current time 1681490472 219453811,driver.py,driver,56,"['/imu', '/rosout']"
1681490472.245782,65927,1681490472,245611190,,2,/imu_driver,Current time 1681490472 244335889,driver.py,driver,56,"['/imu', '/rosout']"
1681490472.271009,65928,1681490472,270465135,,2,/imu_driver,Current time 1681490472 269434452,driver.py,driver,56,"['/imu', '/rosout']"
1681490472.2962956,65929,1681490472,296042680,,2,/imu_driver,Current time 1681490472 294454574,driver.py,driver,56,"['/imu', '/rosout']"
1681490472.3215647,65930,1681490472,321307897,,2,/imu_driver,Current time 1681490472 319696426,driver.py,driver,56,"['/imu', '/rosout']"
1681490472.345956,65931,1681490472,345740318,,2,/imu_driver,Current time 1681490472 344339132,driver.py,driver,56,"['/imu', '/rosout']"
1681490472.3708532,65932,1681490472,370267629,,2,/imu_driver,Current time 1681490472 369224309,driver.py,driver,56,"['/imu', '/rosout']"
1681490472.39545,65933,1681490472,395159959,,2,/imu_driver,Current time 1681490472 394234895,driver.py,driver,56,"['/imu', '/rosout']"
1681490472.4206405,65934,1681490472,420224666,,2,/imu_driver,Current time 1681490472 419219255,driver.py,driver,56,"['/imu', '/rosout']"
1681490472.4462514,65935,1681490472,445593595,,2,/imu_driver,Current time 1681490472 444291353,driver.py,driver,56,"['/imu', '/rosout']"
1681490472.4707358,65936,1681490472,470199346,,2,/imu_driver,Current time 1681490472 469283103,driver.py,driver,56,"['/imu', '/rosout']"
1681490472.4957395,65937,1681490472,495122194,,2,/imu_driver,Current time 1681490472 494170188,driver.py,driver,56,"['/imu', '/rosout']"
1681490472.5207245,65938,1681490472,520089149,,2,/imu_driver,Current time 1681490472 519138813,driver.py,driver,56,"['/imu', '/rosout']"
1681490472.5463753,65939,1681490472,546037197,,2,/imu_driver,Current time 1681490472 544267177,driver.py,driver,56,"['/imu', '/rosout']"
1681490472.5704024,65940,1681490472,570210456,,2,/imu_driver,Current time 1681490472 569204330,driver.py,driver,56,"['/imu', '/rosout']"
1681490472.595512,65941,1681490472,595347642,,2,/imu_driver,Current time 1681490472 594213008,driver.py,driver,56,"['/imu', '/rosout']"
1681490472.6203396,65942,1681490472,620147228,,2,/imu_driver,Current time 1681490472 619107007,driver.py,driver,56,"['/imu', '/rosout']"
1681490472.6452653,65943,1681490472,645084857,,2,/imu_driver,Current time 1681490472 644159317,driver.py,driver,56,"['/imu', '/rosout']"
1681490472.6708167,65944,1681490472,670564651,,2,/imu_driver,Current time 1681490472 669097661,driver.py,driver,56,"['/imu', '/rosout']"
1681490472.6984775,65945,1681490472,698228836,,2,/imu_driver,Current time 1681490472 697045564,driver.py,driver,56,"['/imu', '/rosout']"
1681490472.7209039,65946,1681490472,720490932,,2,/imu_driver,Current time 1681490472 718915224,driver.py,driver,56,"['/imu', '/rosout']"
1681490472.7456114,65947,1681490472,745079755,,2,/imu_driver,Current time 1681490472 744001865,driver.py,driver,56,"['/imu', '/rosout']"
1681490472.7701452,65948,1681490472,769927024,,2,/imu_driver,Current time 1681490472 768930196,driver.py,driver,56,"['/imu', '/rosout']"
1681490472.7956614,65949,1681490472,795387983,,2,/imu_driver,Current time 1681490472 794100522,driver.py,driver,56,"['/imu', '/rosout']"
1681490472.8204122,65950,1681490472,820120573,,2,/imu_driver,Current time 1681490472 819014310,driver.py,driver,56,"['/imu', '/rosout']"
1681490472.8457475,65951,1681490472,845070838,,2,/imu_driver,Current time 1681490472 843969821,driver.py,driver,56,"['/imu', '/rosout']"
1681490472.8707743,65952,1681490472,870256185,,2,/imu_driver,Current time 1681490472 868912458,driver.py,driver,56,"['/imu', '/rosout']"
1681490472.8950899,65953,1681490472,894922256,,2,/imu_driver,Current time 1681490472 893950700,driver.py,driver,56,"['/imu', '/rosout']"
1681490472.9206028,65954,1681490472,920308828,,2,/imu_driver,Current time 1681490472 918963909,driver.py,driver,56,"['/imu', '/rosout']"
1681490472.94623,65955,1681490472,945514678,,2,/imu_driver,Current time 1681490472 943906784,driver.py,driver,56,"['/imu', '/rosout']"
1681490472.970611,65956,1681490472,970049619,,2,/imu_driver,Current time 1681490472 968867778,driver.py,driver,56,"['/imu', '/rosout']"
1681490472.995398,65957,1681490472,994899749,,2,/imu_driver,Current time 1681490472 993873119,driver.py,driver,56,"['/imu', '/rosout']"
1681490473.0217543,65958,1681490473,21112918,,2,/imu_driver,Current time 1681490473 19792318,driver.py,driver,56,"['/imu', '/rosout']"
1681490473.046704,65959,1681490473,45525074,,2,/imu_driver,Current time 1681490473 44022321,driver.py,driver,56,"['/imu', '/rosout']"
1681490473.0717418,65960,1681490473,71027517,,2,/imu_driver,Current time 1681490473 69700002,driver.py,driver,56,"['/imu', '/rosout']"
1681490473.0982533,65961,1681490473,97221136,,2,/imu_driver,Current time 1681490473 95360755,driver.py,driver,56,"['/imu', '/rosout']"
1681490473.1233559,65962,1681490473,121693849,,2,/imu_driver,Current time 1681490473 120050191,driver.py,driver,56,"['/imu', '/rosout']"
1681490473.1463664,65963,1681490473,145892381,,2,/imu_driver,Current time 1681490473 144814014,driver.py,driver,56,"['/imu', '/rosout']"
1681490473.1721396,65964,1681490473,171378374,,2,/imu_driver,Current time 1681490473 169870615,driver.py,driver,56,"['/imu', '/rosout']"
1681490473.1991546,65965,1681490473,198824644,,2,/imu_driver,Current time 1681490473 197692155,driver.py,driver,56,"['/imu', '/rosout']"
1681490473.2211928,65966,1681490473,220730781,,2,/imu_driver,Current time 1681490473 219626665,driver.py,driver,56,"['/imu', '/rosout']"
1681490473.2462149,65967,1681490473,245724201,,2,/imu_driver,Current time 1681490473 244706869,driver.py,driver,56,"['/imu', '/rosout']"
1681490473.2713337,65968,1681490473,270583629,,2,/imu_driver,Current time 1681490473 269528388,driver.py,driver,56,"['/imu', '/rosout']"
1681490473.2957284,65969,1681490473,295511960,,2,/imu_driver,Current time 1681490473 294539451,driver.py,driver,56,"['/imu', '/rosout']"
1681490473.321452,65970,1681490473,320640087,,2,/imu_driver,Current time 1681490473 319512844,driver.py,driver,56,"['/imu', '/rosout']"
1681490473.3475115,65971,1681490473,346692085,,2,/imu_driver,Current time 1681490473 345252513,driver.py,driver,56,"['/imu', '/rosout']"
1681490473.3722036,65972,1681490473,370945453,,2,/imu_driver,Current time 1681490473 369853019,driver.py,driver,56,"['/imu', '/rosout']"
1681490473.3957186,65973,1681490473,395519256,,2,/imu_driver,Current time 1681490473 394607305,driver.py,driver,56,"['/imu', '/rosout']"
1681490473.421107,65974,1681490473,420667886,,2,/imu_driver,Current time 1681490473 419621229,driver.py,driver,56,"['/imu', '/rosout']"
1681490473.4463296,65975,1681490473,445828437,,2,/imu_driver,Current time 1681490473 444493055,driver.py,driver,56,"['/imu', '/rosout']"
1681490473.471338,65976,1681490473,470647811,,2,/imu_driver,Current time 1681490473 469527006,driver.py,driver,56,"['/imu', '/rosout']"
1681490473.4955614,65977,1681490473,495385408,,2,/imu_driver,Current time 1681490473 494493722,driver.py,driver,56,"['/imu', '/rosout']"
1681490473.5214565,65978,1681490473,520622014,,2,/imu_driver,Current time 1681490473 519575834,driver.py,driver,56,"['/imu', '/rosout']"
1681490473.5461254,65979,1681490473,545678377,,2,/imu_driver,Current time 1681490473 544304847,driver.py,driver,56,"['/imu', '/rosout']"
1681490473.5709143,65980,1681490473,570455789,,2,/imu_driver,Current time 1681490473 569392681,driver.py,driver,56,"['/imu', '/rosout']"
1681490473.5958946,65981,1681490473,595443010,,2,/imu_driver,Current time 1681490473 594334602,driver.py,driver,56,"['/imu', '/rosout']"
1681490473.6203988,65982,1681490473,620256662,,2,/imu_driver,Current time 1681490473 619266271,driver.py,driver,56,"['/imu', '/rosout']"
1681490473.6455152,65983,1681490473,645305871,,2,/imu_driver,Current time 1681490473 644239187,driver.py,driver,56,"['/imu', '/rosout']"
1681490473.6704955,65984,1681490473,670360088,,2,/imu_driver,Current time 1681490473 669408321,driver.py,driver,56,"['/imu', '/rosout']"
1681490473.6966944,65985,1681490473,696476221,,2,/imu_driver,Current time 1681490473 695236682,driver.py,driver,56,"['/imu', '/rosout']"
1681490473.7205987,65986,1681490473,720347642,,2,/imu_driver,Current time 1681490473 719320058,driver.py,driver,56,"['/imu', '/rosout']"
1681490473.745517,65987,1681490473,745381832,,2,/imu_driver,Current time 1681490473 744371652,driver.py,driver,56,"['/imu', '/rosout']"
1681490473.7704408,65988,1681490473,770267248,,2,/imu_driver,Current time 1681490473 769297122,driver.py,driver,56,"['/imu', '/rosout']"
1681490473.7958043,65989,1681490473,795505046,,2,/imu_driver,Current time 1681490473 794210672,driver.py,driver,56,"['/imu', '/rosout']"
1681490473.8204503,65990,1681490473,820176839,,2,/imu_driver,Current time 1681490473 819102287,driver.py,driver,56,"['/imu', '/rosout']"
1681490473.845497,65991,1681490473,845270156,,2,/imu_driver,Current time 1681490473 844155550,driver.py,driver,56,"['/imu', '/rosout']"
1681490473.8706598,65992,1681490473,870426416,,2,/imu_driver,Current time 1681490473 869110822,driver.py,driver,56,"['/imu', '/rosout']"
1681490473.8953936,65993,1681490473,895241498,,2,/imu_driver,Current time 1681490473 894250392,driver.py,driver,56,"['/imu', '/rosout']"
1681490473.920791,65994,1681490473,920228719,,2,/imu_driver,Current time 1681490473 919017553,driver.py,driver,56,"['/imu', '/rosout']"
1681490473.9457664,65995,1681490473,945458412,,2,/imu_driver,Current time 1681490473 944095134,driver.py,driver,56,"['/imu', '/rosout']"
1681490473.9705153,65996,1681490473,970203399,,2,/imu_driver,Current time 1681490473 969086408,driver.py,driver,56,"['/imu', '/rosout']"
1681490473.9958167,65997,1681490473,995111227,,2,/imu_driver,Current time 1681490473 994158029,driver.py,driver,56,"['/imu', '/rosout']"
1681490474.0203965,65998,1681490474,20196914,,2,/imu_driver,Current time 1681490474 19174814,driver.py,driver,56,"['/imu', '/rosout']"
1681490474.0461872,65999,1681490474,45572757,,2,/imu_driver,Current time 1681490474 44270992,driver.py,driver,56,"['/imu', '/rosout']"
1681490474.0702875,66000,1681490474,70053339,,2,/imu_driver,Current time 1681490474 68947553,driver.py,driver,56,"['/imu', '/rosout']"
1681490474.0951836,66001,1681490474,94966173,,2,/imu_driver,Current time 1681490474 93906879,driver.py,driver,56,"['/imu', '/rosout']"
1681490474.1204312,66002,1681490474,119992017,,2,/imu_driver,Current time 1681490474 118965387,driver.py,driver,56,"['/imu', '/rosout']"
1681490474.1455579,66003,1681490474,145135402,,2,/imu_driver,Current time 1681490474 144007444,driver.py,driver,56,"['/imu', '/rosout']"
1681490474.1706882,66004,1681490474,170122861,,2,/imu_driver,Current time 1681490474 168999433,driver.py,driver,56,"['/imu', '/rosout']"
1681490474.1965475,66005,1681490474,196320533,,2,/imu_driver,Current time 1681490474 194918870,driver.py,driver,56,"['/imu', '/rosout']"
1681490474.220421,66006,1681490474,220173835,,2,/imu_driver,Current time 1681490474 218890428,driver.py,driver,56,"['/imu', '/rosout']"
1681490474.245444,66007,1681490474,245289564,,2,/imu_driver,Current time 1681490474 244101047,driver.py,driver,56,"['/imu', '/rosout']"
1681490474.2706738,66008,1681490474,270349025,,2,/imu_driver,Current time 1681490474 269054889,driver.py,driver,56,"['/imu', '/rosout']"
1681490474.2965949,66009,1681490474,296290159,,2,/imu_driver,Current time 1681490474 294549703,driver.py,driver,56,"['/imu', '/rosout']"
1681490474.320498,66010,1681490474,320110559,,2,/imu_driver,Current time 1681490474 318796634,driver.py,driver,56,"['/imu', '/rosout']"
1681490474.3463638,66011,1681490474,345914840,,2,/imu_driver,Current time 1681490474 344696760,driver.py,driver,56,"['/imu', '/rosout']"
1681490474.3713076,66012,1681490474,370877027,,2,/imu_driver,Current time 1681490474 369807720,driver.py,driver,56,"['/imu', '/rosout']"
1681490474.3951368,66013,1681490474,394871950,,2,/imu_driver,Current time 1681490474 393815994,driver.py,driver,56,"['/imu', '/rosout']"
1681490474.4213908,66014,1681490474,420873165,,2,/imu_driver,Current time 1681490474 419794321,driver.py,driver,56,"['/imu', '/rosout']"
1681490474.4471815,66015,1681490474,446642875,,2,/imu_driver,Current time 1681490474 445318222,driver.py,driver,56,"['/imu', '/rosout']"
1681490474.471334,66016,1681490474,470854759,,2,/imu_driver,Current time 1681490474 469728708,driver.py,driver,56,"['/imu', '/rosout']"
1681490474.496207,66017,1681490474,495558977,,2,/imu_driver,Current time 1681490474 494544982,driver.py,driver,56,"['/imu', '/rosout']"
1681490474.5209525,66018,1681490474,520630836,,2,/imu_driver,Current time 1681490474 519458770,driver.py,driver,56,"['/imu', '/rosout']"
1681490474.549874,66019,1681490474,549311637,,2,/imu_driver,Current time 1681490474 548016309,driver.py,driver,56,"['/imu', '/rosout']"
1681490474.5713508,66020,1681490474,570612668,,2,/imu_driver,Current time 1681490474 569547176,driver.py,driver,56,"['/imu', '/rosout']"
1681490474.5970886,66021,1681490474,596144914,,2,/imu_driver,Current time 1681490474 594573020,driver.py,driver,56,"['/imu', '/rosout']"
1681490474.620895,66022,1681490474,620622158,,2,/imu_driver,Current time 1681490474 619689226,driver.py,driver,56,"['/imu', '/rosout']"
1681490474.650571,66023,1681490474,649915933,,2,/imu_driver,Current time 1681490474 648816585,driver.py,driver,56,"['/imu', '/rosout']"
1681490474.6709652,66024,1681490474,670440196,,2,/imu_driver,Current time 1681490474 669406175,driver.py,driver,56,"['/imu', '/rosout']"
1681490474.6975088,66025,1681490474,696781158,,2,/imu_driver,Current time 1681490474 695412635,driver.py,driver,56,"['/imu', '/rosout']"
1681490474.7215154,66026,1681490474,720558643,,2,/imu_driver,Current time 1681490474 719578266,driver.py,driver,56,"['/imu', '/rosout']"
1681490474.7466226,66027,1681490474,745945692,,2,/imu_driver,Current time 1681490474 744549274,driver.py,driver,56,"['/imu', '/rosout']"
1681490474.7715015,66028,1681490474,770595312,,2,/imu_driver,Current time 1681490474 769411563,driver.py,driver,56,"['/imu', '/rosout']"
1681490474.7959707,66029,1681490474,795470952,,2,/imu_driver,Current time 1681490474 794465541,driver.py,driver,56,"['/imu', '/rosout']"
1681490474.821178,66030,1681490474,820523738,,2,/imu_driver,Current time 1681490474 819418668,driver.py,driver,56,"['/imu', '/rosout']"
1681490474.846733,66031,1681490474,845944881,,2,/imu_driver,Current time 1681490474 844474077,driver.py,driver,56,"['/imu', '/rosout']"
1681490474.8711176,66032,1681490474,870447874,,2,/imu_driver,Current time 1681490474 869401931,driver.py,driver,56,"['/imu', '/rosout']"
1681490474.8963826,66033,1681490474,895670890,,2,/imu_driver,Current time 1681490474 894487857,driver.py,driver,56,"['/imu', '/rosout']"
1681490474.9210844,66034,1681490474,920446395,,2,/imu_driver,Current time 1681490474 919315814,driver.py,driver,56,"['/imu', '/rosout']"
1681490474.946335,66035,1681490474,945750474,,2,/imu_driver,Current time 1681490474 944395303,driver.py,driver,56,"['/imu', '/rosout']"
1681490474.9711044,66036,1681490474,970315933,,2,/imu_driver,Current time 1681490474 969410657,driver.py,driver,56,"['/imu', '/rosout']"
1681490474.995998,66037,1681490474,995434522,,2,/imu_driver,Current time 1681490474 994220972,driver.py,driver,56,"['/imu', '/rosout']"
1681490475.0207117,66038,1681490475,20186424,,2,/imu_driver,Current time 1681490475 19116640,driver.py,driver,56,"['/imu', '/rosout']"
1681490475.0457108,66039,1681490475,45411586,,2,/imu_driver,Current time 1681490475 44412374,driver.py,driver,56,"['/imu', '/rosout']"
1681490475.0709417,66040,1681490475,70301771,,2,/imu_driver,Current time 1681490475 69289922,driver.py,driver,56,"['/imu', '/rosout']"
1681490475.0966728,66041,1681490475,95448017,,2,/imu_driver,Current time 1681490475 94095945,driver.py,driver,56,"['/imu', '/rosout']"
1681490475.1224396,66042,1681490475,122224569,,2,/imu_driver,Current time 1681490475 120988368,driver.py,driver,56,"['/imu', '/rosout']"
1681490475.1453142,66043,1681490475,145066499,,2,/imu_driver,Current time 1681490475 144003152,driver.py,driver,56,"['/imu', '/rosout']"
1681490475.1706474,66044,1681490475,170162916,,2,/imu_driver,Current time 1681490475 169168233,driver.py,driver,56,"['/imu', '/rosout']"
1681490475.196418,66045,1681490475,195761442,,2,/imu_driver,Current time 1681490475 194380760,driver.py,driver,56,"['/imu', '/rosout']"
1681490475.2211115,66046,1681490475,220142602,,2,/imu_driver,Current time 1681490475 219154357,driver.py,driver,56,"['/imu', '/rosout']"
1681490475.2470465,66047,1681490475,246152877,,2,/imu_driver,Current time 1681490475 244807004,driver.py,driver,56,"['/imu', '/rosout']"
1681490475.2709656,66048,1681490475,270111083,,2,/imu_driver,Current time 1681490475 269110441,driver.py,driver,56,"['/imu', '/rosout']"
1681490475.295525,66049,1681490475,295028924,,2,/imu_driver,Current time 1681490475 294008016,driver.py,driver,56,"['/imu', '/rosout']"
1681490475.320796,66050,1681490475,320166349,,2,/imu_driver,Current time 1681490475 319068908,driver.py,driver,56,"['/imu', '/rosout']"
1681490475.346152,66051,1681490475,345906734,,2,/imu_driver,Current time 1681490475 344049692,driver.py,driver,56,"['/imu', '/rosout']"
1681490475.3710318,66052,1681490475,370387792,,2,/imu_driver,Current time 1681490475 369144201,driver.py,driver,56,"['/imu', '/rosout']"
1681490475.397509,66053,1681490475,396034717,,2,/imu_driver,Current time 1681490475 394145727,driver.py,driver,56,"['/imu', '/rosout']"
1681490475.4221122,66054,1681490475,421074390,,2,/imu_driver,Current time 1681490475 419285774,driver.py,driver,56,"['/imu', '/rosout']"
1681490475.4511151,66055,1681490475,448065280,,2,/imu_driver,Current time 1681490475 446096181,driver.py,driver,56,"['/imu', '/rosout']"
1681490475.4705193,66056,1681490475,469967365,,2,/imu_driver,Current time 1681490475 468875885,driver.py,driver,56,"['/imu', '/rosout']"
1681490475.497302,66057,1681490475,497096538,,2,/imu_driver,Current time 1681490475 495010852,driver.py,driver,56,"['/imu', '/rosout']"
1681490475.520509,66058,1681490475,520254611,,2,/imu_driver,Current time 1681490475 518976211,driver.py,driver,56,"['/imu', '/rosout']"
1681490475.5460281,66059,1681490475,545778989,,2,/imu_driver,Current time 1681490475 544773101,driver.py,driver,56,"['/imu', '/rosout']"
1681490475.57033,66060,1681490475,570048809,,2,/imu_driver,Current time 1681490475 568889856,driver.py,driver,56,"['/imu', '/rosout']"
1681490475.5955606,66061,1681490475,595280408,,2,/imu_driver,Current time 1681490475 593785524,driver.py,driver,56,"['/imu', '/rosout']"
1681490475.6216094,66062,1681490475,620815515,,2,/imu_driver,Current time 1681490475 619820356,driver.py,driver,56,"['/imu', '/rosout']"
1681490475.6475956,66063,1681490475,646033525,,2,/imu_driver,Current time 1681490475 644757032,driver.py,driver,56,"['/imu', '/rosout']"
1681490475.6710198,66064,1681490475,670600414,,2,/imu_driver,Current time 1681490475 669625997,driver.py,driver,56,"['/imu', '/rosout']"
1681490475.6960852,66065,1681490475,695605754,,2,/imu_driver,Current time 1681490475 694605112,driver.py,driver,56,"['/imu', '/rosout']"
1681490475.7214682,66066,1681490475,720874786,,2,/imu_driver,Current time 1681490475 719721078,driver.py,driver,56,"['/imu', '/rosout']"
1681490475.7469523,66067,1681490475,745978832,,2,/imu_driver,Current time 1681490475 744675636,driver.py,driver,56,"['/imu', '/rosout']"
1681490475.7712286,66068,1681490475,770665407,,2,/imu_driver,Current time 1681490475 769661664,driver.py,driver,56,"['/imu', '/rosout']"
1681490475.7970386,66069,1681490475,795778274,,2,/imu_driver,Current time 1681490475 794739007,driver.py,driver,56,"['/imu', '/rosout']"
1681490475.8210738,66070,1681490475,820616483,,2,/imu_driver,Current time 1681490475 819522380,driver.py,driver,56,"['/imu', '/rosout']"
1681490475.8468447,66071,1681490475,845727443,,2,/imu_driver,Current time 1681490475 844699144,driver.py,driver,56,"['/imu', '/rosout']"
1681490475.8710234,66072,1681490475,870525360,,2,/imu_driver,Current time 1681490475 869496345,driver.py,driver,56,"['/imu', '/rosout']"
1681490475.896989,66073,1681490475,896575689,,2,/imu_driver,Current time 1681490475 895043849,driver.py,driver,56,"['/imu', '/rosout']"
1681490475.9212892,66074,1681490475,920711278,,2,/imu_driver,Current time 1681490475 919709205,driver.py,driver,56,"['/imu', '/rosout']"
1681490475.9464464,66075,1681490475,945700168,,2,/imu_driver,Current time 1681490475 944471597,driver.py,driver,56,"['/imu', '/rosout']"
1681490475.97126,66076,1681490475,970630884,,2,/imu_driver,Current time 1681490475 969657897,driver.py,driver,56,"['/imu', '/rosout']"
1681490475.9980648,66077,1681490475,997518539,,2,/imu_driver,Current time 1681490475 996335268,driver.py,driver,56,"['/imu', '/rosout']"
1681490476.0214105,66078,1681490476,20721673,,2,/imu_driver,Current time 1681490476 19560813,driver.py,driver,56,"['/imu', '/rosout']"
1681490476.0459042,66079,1681490476,45441389,,2,/imu_driver,Current time 1681490476 44472694,driver.py,driver,56,"['/imu', '/rosout']"
1681490476.070993,66080,1681490476,70485353,,2,/imu_driver,Current time 1681490476 69377899,driver.py,driver,56,"['/imu', '/rosout']"
1681490476.0957983,66081,1681490476,95348119,,2,/imu_driver,Current time 1681490476 94390869,driver.py,driver,56,"['/imu', '/rosout']"
1681490476.1210425,66082,1681490476,120623826,,2,/imu_driver,Current time 1681490476 119360923,driver.py,driver,56,"['/imu', '/rosout']"
1681490476.1491547,66083,1681490476,148663520,,2,/imu_driver,Current time 1681490476 147437095,driver.py,driver,56,"['/imu', '/rosout']"
1681490476.1708536,66084,1681490476,170563936,,2,/imu_driver,Current time 1681490476 169563531,driver.py,driver,56,"['/imu', '/rosout']"
1681490476.1959546,66085,1681490476,195213794,,2,/imu_driver,Current time 1681490476 194299697,driver.py,driver,56,"['/imu', '/rosout']"
1681490476.2211752,66086,1681490476,220649003,,2,/imu_driver,Current time 1681490476 219291925,driver.py,driver,56,"['/imu', '/rosout']"
1681490476.2475343,66087,1681490476,245878219,,2,/imu_driver,Current time 1681490476 244245290,driver.py,driver,56,"['/imu', '/rosout']"
1681490476.2705698,66088,1681490476,270297288,,2,/imu_driver,Current time 1681490476 269257783,driver.py,driver,56,"['/imu', '/rosout']"
1681490476.2956324,66089,1681490476,295387029,,2,/imu_driver,Current time 1681490476 294301986,driver.py,driver,56,"['/imu', '/rosout']"
1681490476.321073,66090,1681490476,320443630,,2,/imu_driver,Current time 1681490476 319362640,driver.py,driver,56,"['/imu', '/rosout']"
1681490476.3462236,66091,1681490476,345533847,,2,/imu_driver,Current time 1681490476 344336748,driver.py,driver,56,"['/imu', '/rosout']"
1681490476.3705878,66092,1681490476,370243310,,2,/imu_driver,Current time 1681490476 369240760,driver.py,driver,56,"['/imu', '/rosout']"
1681490476.3964074,66093,1681490476,395474910,,2,/imu_driver,Current time 1681490476 394116163,driver.py,driver,56,"['/imu', '/rosout']"
1681490476.4209056,66094,1681490476,420141458,,2,/imu_driver,Current time 1681490476 419234275,driver.py,driver,56,"['/imu', '/rosout']"
1681490476.4457319,66095,1681490476,445162773,,2,/imu_driver,Current time 1681490476 444148778,driver.py,driver,56,"['/imu', '/rosout']"
1681490476.4705956,66096,1681490476,470123529,,2,/imu_driver,Current time 1681490476 468960046,driver.py,driver,56,"['/imu', '/rosout']"
1681490476.505295,66097,1681490476,502025842,,2,/imu_driver,Current time 1681490476 500434160,driver.py,driver,56,"['/imu', '/rosout']"
1681490476.5220978,66098,1681490476,521627664,,2,/imu_driver,Current time 1681490476 520205259,driver.py,driver,56,"['/imu', '/rosout']"
1681490476.5469317,66099,1681490476,545301198,,2,/imu_driver,Current time 1681490476 544049978,driver.py,driver,56,"['/imu', '/rosout']"
1681490476.5710156,66100,1681490476,570622205,,2,/imu_driver,Current time 1681490476 569168567,driver.py,driver,56,"['/imu', '/rosout']"
1681490476.595435,66101,1681490476,595140695,,2,/imu_driver,Current time 1681490476 594003200,driver.py,driver,56,"['/imu', '/rosout']"
1681490476.6208274,66102,1681490476,620576620,,2,/imu_driver,Current time 1681490476 619221925,driver.py,driver,56,"['/imu', '/rosout']"
1681490476.6461751,66103,1681490476,645860195,,2,/imu_driver,Current time 1681490476 644236803,driver.py,driver,56,"['/imu', '/rosout']"
1681490476.670357,66104,1681490476,669992923,,2,/imu_driver,Current time 1681490476 668940544,driver.py,driver,56,"['/imu', '/rosout']"
1681490476.6951296,66105,1681490476,694920301,,2,/imu_driver,Current time 1681490476 694011211,driver.py,driver,56,"['/imu', '/rosout']"
1681490476.7202282,66106,1681490476,719901800,,2,/imu_driver,Current time 1681490476 718902826,driver.py,driver,56,"['/imu', '/rosout']"
1681490476.7479703,66107,1681490476,747536420,,2,/imu_driver,Current time 1681490476 744213581,driver.py,driver,56,"['/imu', '/rosout']"
1681490476.7713165,66108,1681490476,770497798,,2,/imu_driver,Current time 1681490476 769313335,driver.py,driver,56,"['/imu', '/rosout']"
1681490476.795435,66109,1681490476,794987440,,2,/imu_driver,Current time 1681490476 793926954,driver.py,driver,56,"['/imu', '/rosout']"
1681490476.8279245,66110,1681490476,825484275,,2,/imu_driver,Current time 1681490476 820282697,driver.py,driver,56,"['/imu', '/rosout']"
1681490476.8512936,66111,1681490476,849289655,,2,/imu_driver,Current time 1681490476 844590902,driver.py,driver,56,"['/imu', '/rosout']"
1681490476.871828,66112,1681490476,871610403,,2,/imu_driver,Current time 1681490476 870220899,driver.py,driver,56,"['/imu', '/rosout']"
1681490476.8965,66113,1681490476,896102190,,2,/imu_driver,Current time 1681490476 894568681,driver.py,driver,56,"['/imu', '/rosout']"
1681490476.9215217,66114,1681490476,920994758,,2,/imu_driver,Current time 1681490476 919789552,driver.py,driver,56,"['/imu', '/rosout']"
1681490476.9464242,66115,1681490476,945880651,,2,/imu_driver,Current time 1681490476 944812536,driver.py,driver,56,"['/imu', '/rosout']"
1681490476.971909,66116,1681490476,970818996,,2,/imu_driver,Current time 1681490476 969678401,driver.py,driver,56,"['/imu', '/rosout']"
1681490476.9969707,66117,1681490476,995875835,,2,/imu_driver,Current time 1681490476 994556665,driver.py,driver,56,"['/imu', '/rosout']"
1681490477.0209708,66118,1681490477,20771741,,2,/imu_driver,Current time 1681490477 19704818,driver.py,driver,56,"['/imu', '/rosout']"
1681490477.0459962,66119,1681490477,45758485,,2,/imu_driver,Current time 1681490477 44672250,driver.py,driver,56,"['/imu', '/rosout']"
1681490477.0707157,66120,1681490477,70459604,,2,/imu_driver,Current time 1681490477 69484949,driver.py,driver,56,"['/imu', '/rosout']"
1681490477.0959327,66121,1681490477,95609903,,2,/imu_driver,Current time 1681490477 94639062,driver.py,driver,56,"['/imu', '/rosout']"
1681490477.1210852,66122,1681490477,120611429,,2,/imu_driver,Current time 1681490477 119464397,driver.py,driver,56,"['/imu', '/rosout']"
1681490477.1462052,66123,1681490477,145844459,,2,/imu_driver,Current time 1681490477 144501924,driver.py,driver,56,"['/imu', '/rosout']"
1681490477.171063,66124,1681490477,170642614,,2,/imu_driver,Current time 1681490477 169469356,driver.py,driver,56,"['/imu', '/rosout']"
1681490477.196001,66125,1681490477,195578098,,2,/imu_driver,Current time 1681490477 194555282,driver.py,driver,56,"['/imu', '/rosout']"
1681490477.2215507,66126,1681490477,220652580,,2,/imu_driver,Current time 1681490477 219483137,driver.py,driver,56,"['/imu', '/rosout']"
1681490477.2482715,66127,1681490477,248061180,,2,/imu_driver,Current time 1681490477 246903657,driver.py,driver,56,"['/imu', '/rosout']"
1681490477.2709367,66128,1681490477,270527839,,2,/imu_driver,Current time 1681490477 269585132,driver.py,driver,56,"['/imu', '/rosout']"
1681490477.2962973,66129,1681490477,295676231,,2,/imu_driver,Current time 1681490477 294461727,driver.py,driver,56,"['/imu', '/rosout']"
1681490477.3211935,66130,1681490477,320490837,,2,/imu_driver,Current time 1681490477 319544315,driver.py,driver,56,"['/imu', '/rosout']"
1681490477.346145,66131,1681490477,345860719,,2,/imu_driver,Current time 1681490477 344696044,driver.py,driver,56,"['/imu', '/rosout']"
1681490477.3707678,66132,1681490477,370375871,,2,/imu_driver,Current time 1681490477 369239091,driver.py,driver,56,"['/imu', '/rosout']"
1681490477.3968792,66133,1681490477,395925283,,2,/imu_driver,Current time 1681490477 394391775,driver.py,driver,56,"['/imu', '/rosout']"
1681490477.4210289,66134,1681490477,420700311,,2,/imu_driver,Current time 1681490477 419605731,driver.py,driver,56,"['/imu', '/rosout']"
1681490477.4456718,66135,1681490477,445391178,,2,/imu_driver,Current time 1681490477 444423913,driver.py,driver,56,"['/imu', '/rosout']"
1681490477.4704533,66136,1681490477,470294713,,2,/imu_driver,Current time 1681490477 469288587,driver.py,driver,56,"['/imu', '/rosout']"
1681490477.495413,66137,1681490477,495216369,,2,/imu_driver,Current time 1681490477 494298458,driver.py,driver,56,"['/imu', '/rosout']"
1681490477.5207026,66138,1681490477,520447969,,2,/imu_driver,Current time 1681490477 519247770,driver.py,driver,56,"['/imu', '/rosout']"
1681490477.5458515,66139,1681490477,545284032,,2,/imu_driver,Current time 1681490477 544193506,driver.py,driver,56,"['/imu', '/rosout']"
1681490477.57074,66140,1681490477,570245742,,2,/imu_driver,Current time 1681490477 569255113,driver.py,driver,56,"['/imu', '/rosout']"
1681490477.595852,66141,1681490477,595224857,,2,/imu_driver,Current time 1681490477 594220399,driver.py,driver,56,"['/imu', '/rosout']"
1681490477.6210167,66142,1681490477,620155334,,2,/imu_driver,Current time 1681490477 619095802,driver.py,driver,56,"['/imu', '/rosout']"
1681490477.6480706,66143,1681490477,647673368,,2,/imu_driver,Current time 1681490477 644034147,driver.py,driver,56,"['/imu', '/rosout']"
1681490477.671654,66144,1681490477,670679330,,2,/imu_driver,Current time 1681490477 669248819,driver.py,driver,56,"['/imu', '/rosout']"
1681490477.695932,66145,1681490477,695261240,,2,/imu_driver,Current time 1681490477 694116115,driver.py,driver,56,"['/imu', '/rosout']"
1681490477.7205093,66146,1681490477,720264196,,2,/imu_driver,Current time 1681490477 719004154,driver.py,driver,56,"['/imu', '/rosout']"
1681490477.7469952,66147,1681490477,746324539,,2,/imu_driver,Current time 1681490477 744764089,driver.py,driver,56,"['/imu', '/rosout']"
1681490477.7704375,66148,1681490477,770246744,,2,/imu_driver,Current time 1681490477 769216060,driver.py,driver,56,"['/imu', '/rosout']"
1681490477.797875,66149,1681490477,795686483,,2,/imu_driver,Current time 1681490477 794094085,driver.py,driver,56,"['/imu', '/rosout']"
1681490477.8207018,66150,1681490477,820214271,,2,/imu_driver,Current time 1681490477 819222211,driver.py,driver,56,"['/imu', '/rosout']"
1681490477.8454156,66151,1681490477,845111608,,2,/imu_driver,Current time 1681490477 844021320,driver.py,driver,56,"['/imu', '/rosout']"
1681490477.8705785,66152,1681490477,870065450,,2,/imu_driver,Current time 1681490477 869109869,driver.py,driver,56,"['/imu', '/rosout']"
1681490477.8956268,66153,1681490477,895302057,,2,/imu_driver,Current time 1681490477 894137620,driver.py,driver,56,"['/imu', '/rosout']"
1681490477.9203508,66154,1681490477,920097351,,2,/imu_driver,Current time 1681490477 918999195,driver.py,driver,56,"['/imu', '/rosout']"
1681490477.945308,66155,1681490477,945112466,,2,/imu_driver,Current time 1681490477 944181203,driver.py,driver,56,"['/imu', '/rosout']"
1681490477.9704428,66156,1681490477,970180034,,2,/imu_driver,Current time 1681490477 969001054,driver.py,driver,56,"['/imu', '/rosout']"
1681490477.9963577,66157,1681490477,995886802,,2,/imu_driver,Current time 1681490477 994282484,driver.py,driver,56,"['/imu', '/rosout']"
1681490478.02026,66158,1681490478,20046949,,2,/imu_driver,Current time 1681490478 19014596,driver.py,driver,56,"['/imu', '/rosout']"
1681490478.0455174,66159,1681490478,45255899,,2,/imu_driver,Current time 1681490478 44030666,driver.py,driver,56,"['/imu', '/rosout']"
1681490478.071062,66160,1681490478,70884704,,2,/imu_driver,Current time 1681490478 69902896,driver.py,driver,56,"['/imu', '/rosout']"
1681490478.0951517,66161,1681490478,94986200,,2,/imu_driver,Current time 1681490478 93962430,driver.py,driver,56,"['/imu', '/rosout']"
1681490478.1203468,66162,1681490478,120031118,,2,/imu_driver,Current time 1681490478 118807077,driver.py,driver,56,"['/imu', '/rosout']"
1681490478.1463318,66163,1681490478,146031141,,2,/imu_driver,Current time 1681490478 144812822,driver.py,driver,56,"['/imu', '/rosout']"
1681490478.1715562,66164,1681490478,170964956,,2,/imu_driver,Current time 1681490478 169856309,driver.py,driver,56,"['/imu', '/rosout']"
1681490478.195533,66165,1681490478,194828033,,2,/imu_driver,Current time 1681490478 193876981,driver.py,driver,56,"['/imu', '/rosout']"
1681490478.2221124,66166,1681490478,221670866,,2,/imu_driver,Current time 1681490478 219839811,driver.py,driver,56,"['/imu', '/rosout']"
1681490478.246274,66167,1681490478,245936155,,2,/imu_driver,Current time 1681490478 244631767,driver.py,driver,56,"['/imu', '/rosout']"
1681490478.27228,66168,1681490478,271758556,,2,/imu_driver,Current time 1681490478 270202159,driver.py,driver,56,"['/imu', '/rosout']"
1681490478.297285,66169,1681490478,296945571,,2,/imu_driver,Current time 1681490478 294688940,driver.py,driver,56,"['/imu', '/rosout']"
1681490478.3213081,66170,1681490478,320894956,,2,/imu_driver,Current time 1681490478 319636583,driver.py,driver,56,"['/imu', '/rosout']"
1681490478.3460283,66171,1681490478,345681905,,2,/imu_driver,Current time 1681490478 344530582,driver.py,driver,56,"['/imu', '/rosout']"
1681490478.37161,66172,1681490478,371177434,,2,/imu_driver,Current time 1681490478 369790792,driver.py,driver,56,"['/imu', '/rosout']"
1681490478.396955,66173,1681490478,396578311,,2,/imu_driver,Current time 1681490478 394987344,driver.py,driver,56,"['/imu', '/rosout']"
1681490478.4212496,66174,1681490478,420933485,,2,/imu_driver,Current time 1681490478 419665575,driver.py,driver,56,"['/imu', '/rosout']"
1681490478.4215343,16,1681490478,421402670,,4,/record_1681490238361869733,Less than 5 x 1G of space free on disk with '2023-04-14-12-37-18.bag.active'.,/tmp/binarydeb/ros-noetic-rosbag-1.15.15/src/recorder.cpp,Recorder::checkDisk,771,['/rosout']
1681490478.446043,66175,1681490478,445754289,,2,/imu_driver,Current time 1681490478 444613933,driver.py,driver,56,"['/imu', '/rosout']"
1681490478.4736087,66176,1681490478,472904205,,2,/imu_driver,Current time 1681490478 471519470,driver.py,driver,56,"['/imu', '/rosout']"
1681490478.4961958,66177,1681490478,495441436,,2,/imu_driver,Current time 1681490478 494499921,driver.py,driver,56,"['/imu', '/rosout']"
1681490478.5212016,66178,1681490478,520722866,,2,/imu_driver,Current time 1681490478 519647598,driver.py,driver,56,"['/imu', '/rosout']"
1681490478.5475872,66179,1681490478,545982360,,2,/imu_driver,Current time 1681490478 544789552,driver.py,driver,56,"['/imu', '/rosout']"
1681490478.5712996,66180,1681490478,570649147,,2,/imu_driver,Current time 1681490478 569696426,driver.py,driver,56,"['/imu', '/rosout']"
1681490478.5966334,66181,1681490478,595788717,,2,/imu_driver,Current time 1681490478 594558000,driver.py,driver,56,"['/imu', '/rosout']"
1681490478.6209395,66182,1681490478,620509386,,2,/imu_driver,Current time 1681490478 619568586,driver.py,driver,56,"['/imu', '/rosout']"
1681490478.6475725,66183,1681490478,646988391,,2,/imu_driver,Current time 1681490478 645182132,driver.py,driver,56,"['/imu', '/rosout']"
1681490478.670809,66184,1681490478,670522451,,2,/imu_driver,Current time 1681490478 669479370,driver.py,driver,56,"['/imu', '/rosout']"
1681490478.6962824,66185,1681490478,695332288,,2,/imu_driver,Current time 1681490478 694327116,driver.py,driver,56,"['/imu', '/rosout']"
1681490478.7207947,66186,1681490478,720528602,,2,/imu_driver,Current time 1681490478 719371080,driver.py,driver,56,"['/imu', '/rosout']"
1681490478.7459722,66187,1681490478,745604038,,2,/imu_driver,Current time 1681490478 744360446,driver.py,driver,56,"['/imu', '/rosout']"
1681490478.7708158,66188,1681490478,770436525,,2,/imu_driver,Current time 1681490478 769351959,driver.py,driver,56,"['/imu', '/rosout']"
1681490478.7961621,66189,1681490478,795711040,,2,/imu_driver,Current time 1681490478 794259309,driver.py,driver,56,"['/imu', '/rosout']"
1681490478.8221943,66190,1681490478,821861743,,2,/imu_driver,Current time 1681490478 819378614,driver.py,driver,56,"['/imu', '/rosout']"
1681490478.8465269,66191,1681490478,846065044,,2,/imu_driver,Current time 1681490478 844401597,driver.py,driver,56,"['/imu', '/rosout']"
1681490478.8706744,66192,1681490478,870358467,,2,/imu_driver,Current time 1681490478 869226455,driver.py,driver,56,"['/imu', '/rosout']"
1681490478.8995905,66193,1681490478,898481130,,2,/imu_driver,Current time 1681490478 894644498,driver.py,driver,56,"['/imu', '/rosout']"
1681490478.9211762,66194,1681490478,920873403,,2,/imu_driver,Current time 1681490478 919441223,driver.py,driver,56,"['/imu', '/rosout']"
1681490478.9458783,66195,1681490478,945287942,,2,/imu_driver,Current time 1681490478 944188833,driver.py,driver,56,"['/imu', '/rosout']"
1681490478.9705043,66196,1681490478,970304965,,2,/imu_driver,Current time 1681490478 969234228,driver.py,driver,56,"['/imu', '/rosout']"
1681490478.9955256,66197,1681490478,995153665,,2,/imu_driver,Current time 1681490478 994203805,driver.py,driver,56,"['/imu', '/rosout']"
1681490479.0204947,66198,1681490479,20278692,,2,/imu_driver,Current time 1681490479 19192457,driver.py,driver,56,"['/imu', '/rosout']"
1681490479.0458739,66199,1681490479,45582294,,2,/imu_driver,Current time 1681490479 44196367,driver.py,driver,56,"['/imu', '/rosout']"
1681490479.070736,66200,1681490479,70192575,,2,/imu_driver,Current time 1681490479 69241523,driver.py,driver,56,"['/imu', '/rosout']"
1681490479.0957954,66201,1681490479,95251560,,2,/imu_driver,Current time 1681490479 94309568,driver.py,driver,56,"['/imu', '/rosout']"
1681490479.1222072,66202,1681490479,121385812,,2,/imu_driver,Current time 1681490479 118966579,driver.py,driver,56,"['/imu', '/rosout']"
1681490479.1463768,66203,1681490479,145657539,,2,/imu_driver,Current time 1681490479 144320726,driver.py,driver,56,"['/imu', '/rosout']"
1681490479.1705122,66204,1681490479,170079708,,2,/imu_driver,Current time 1681490479 169066429,driver.py,driver,56,"['/imu', '/rosout']"
1681490479.1960826,66205,1681490479,195198535,,2,/imu_driver,Current time 1681490479 194151639,driver.py,driver,56,"['/imu', '/rosout']"
1681490479.2201726,66206,1681490479,219968080,,2,/imu_driver,Current time 1681490479 219010353,driver.py,driver,56,"['/imu', '/rosout']"
1681490479.2453935,66207,1681490479,245230436,,2,/imu_driver,Current time 1681490479 244087219,driver.py,driver,56,"['/imu', '/rosout']"
1681490479.2703488,66208,1681490479,270199298,,2,/imu_driver,Current time 1681490479 269049167,driver.py,driver,56,"['/imu', '/rosout']"
1681490479.2957478,66209,1681490479,295521497,,2,/imu_driver,Current time 1681490479 294213294,driver.py,driver,56,"['/imu', '/rosout']"
1681490479.3297677,66210,1681490479,327436685,,2,/imu_driver,Current time 1681490479 322488069,driver.py,driver,56,"['/imu', '/rosout']"
1681490479.3487885,66211,1681490479,348352909,,2,/imu_driver,Current time 1681490479 347298383,driver.py,driver,56,"['/imu', '/rosout']"
1681490479.370858,66212,1681490479,369990587,,2,/imu_driver,Current time 1681490479 368860960,driver.py,driver,56,"['/imu', '/rosout']"
1681490479.3965166,66213,1681490479,395252466,,2,/imu_driver,Current time 1681490479 393882036,driver.py,driver,56,"['/imu', '/rosout']"
1681490479.4215834,66214,1681490479,420962333,,2,/imu_driver,Current time 1681490479 419973611,driver.py,driver,56,"['/imu', '/rosout']"
1681490479.4457476,66215,1681490479,445171594,,2,/imu_driver,Current time 1681490479 443924188,driver.py,driver,56,"['/imu', '/rosout']"
1681490479.471595,66216,1681490479,471108436,,2,/imu_driver,Current time 1681490479 469989538,driver.py,driver,56,"['/imu', '/rosout']"
1681490479.4963906,66217,1681490479,495874166,,2,/imu_driver,Current time 1681490479 494830608,driver.py,driver,56,"['/imu', '/rosout']"
1681490479.521264,66218,1681490479,520749807,,2,/imu_driver,Current time 1681490479 519714117,driver.py,driver,56,"['/imu', '/rosout']"
1681490479.5466568,66219,1681490479,546283245,,2,/imu_driver,Current time 1681490479 544810771,driver.py,driver,56,"['/imu', '/rosout']"
1681490479.5714922,66220,1681490479,570966958,,2,/imu_driver,Current time 1681490479 569772481,driver.py,driver,56,"['/imu', '/rosout']"
1681490479.5964947,66221,1681490479,595878124,,2,/imu_driver,Current time 1681490479 594754457,driver.py,driver,56,"['/imu', '/rosout']"
1681490479.6218002,66222,1681490479,620903015,,2,/imu_driver,Current time 1681490479 619814395,driver.py,driver,56,"['/imu', '/rosout']"
1681490479.6491823,66223,1681490479,648639440,,2,/imu_driver,Current time 1681490479 647413730,driver.py,driver,56,"['/imu', '/rosout']"
1681490479.6710658,66224,1681490479,670562267,,2,/imu_driver,Current time 1681490479 669570922,driver.py,driver,56,"['/imu', '/rosout']"
1681490479.6982644,66225,1681490479,696040153,,2,/imu_driver,Current time 1681490479 694629669,driver.py,driver,56,"['/imu', '/rosout']"
1681490479.7210941,66226,1681490479,720882654,,2,/imu_driver,Current time 1681490479 719769954,driver.py,driver,56,"['/imu', '/rosout']"
1681490479.7460768,66227,1681490479,745762586,,2,/imu_driver,Current time 1681490479 744755983,driver.py,driver,56,"['/imu', '/rosout']"
1681490479.7710092,66228,1681490479,770684003,,2,/imu_driver,Current time 1681490479 769700050,driver.py,driver,56,"['/imu', '/rosout']"
1681490479.7966566,66229,1681490479,795969963,,2,/imu_driver,Current time 1681490479 794577598,driver.py,driver,56,"['/imu', '/rosout']"
1681490479.8213673,66230,1681490479,820724487,,2,/imu_driver,Current time 1681490479 819540262,driver.py,driver,56,"['/imu', '/rosout']"
1681490479.846249,66231,1681490479,845510482,,2,/imu_driver,Current time 1681490479 844580411,driver.py,driver,56,"['/imu', '/rosout']"
1681490479.8713658,66232,1681490479,870818853,,2,/imu_driver,Current time 1681490479 869546651,driver.py,driver,56,"['/imu', '/rosout']"
1681490479.8962812,66233,1681490479,895956754,,2,/imu_driver,Current time 1681490479 894558668,driver.py,driver,56,"['/imu', '/rosout']"
1681490479.921418,66234,1681490479,920734643,,2,/imu_driver,Current time 1681490479 919531583,driver.py,driver,56,"['/imu', '/rosout']"
1681490479.9475884,66235,1681490479,946850299,,2,/imu_driver,Current time 1681490479 945455312,driver.py,driver,56,"['/imu', '/rosout']"
1681490479.971229,66236,1681490479,970495462,,2,/imu_driver,Current time 1681490479 969459056,driver.py,driver,56,"['/imu', '/rosout']"
1681490479.9962428,66237,1681490479,995611190,,2,/imu_driver,Current time 1681490479 994428396,driver.py,driver,56,"['/imu', '/rosout']"
1681490480.0218992,66238,1681490480,20986795,,2,/imu_driver,Current time 1681490480 19497871,driver.py,driver,56,"['/imu', '/rosout']"
1681490480.0466678,66239,1681490480,46224594,,2,/imu_driver,Current time 1681490480 44594526,driver.py,driver,56,"['/imu', '/rosout']"
1681490480.0708122,66240,1681490480,70620059,,2,/imu_driver,Current time 1681490480 69352388,driver.py,driver,56,"['/imu', '/rosout']"
1681490480.0955174,66241,1681490480,95361232,,2,/imu_driver,Current time 1681490480 94389200,driver.py,driver,56,"['/imu', '/rosout']"
1681490480.120805,66242,1681490480,120549440,,2,/imu_driver,Current time 1681490480 119244337,driver.py,driver,56,"['/imu', '/rosout']"
1681490480.1455443,66243,1681490480,145362138,,2,/imu_driver,Current time 1681490480 144253969,driver.py,driver,56,"['/imu', '/rosout']"
1681490480.1707883,66244,1681490480,170242547,,2,/imu_driver,Current time 1681490480 169257879,driver.py,driver,56,"['/imu', '/rosout']"
1681490480.1966767,66245,1681490480,195817708,,2,/imu_driver,Current time 1681490480 194170475,driver.py,driver,56,"['/imu', '/rosout']"
1681490480.220682,66246,1681490480,220433473,,2,/imu_driver,Current time 1681490480 219346284,driver.py,driver,56,"['/imu', '/rosout']"
1681490480.2455542,66247,1681490480,245075464,,2,/imu_driver,Current time 1681490480 244129180,driver.py,driver,56,"['/imu', '/rosout']"
1681490480.2707727,66248,1681490480,270153045,,2,/imu_driver,Current time 1681490480 269102811,driver.py,driver,56,"['/imu', '/rosout']"
1681490480.2964122,66249,1681490480,295599937,,2,/imu_driver,Current time 1681490480 294064283,driver.py,driver,56,"['/imu', '/rosout']"
1681490480.321341,66250,1681490480,320743322,,2,/imu_driver,Current time 1681490480 319313764,driver.py,driver,56,"['/imu', '/rosout']"
1681490480.345377,66251,1681490480,344956874,,2,/imu_driver,Current time 1681490480 344009637,driver.py,driver,56,"['/imu', '/rosout']"
1681490480.370639,66252,1681490480,370148897,,2,/imu_driver,Current time 1681490480 369164228,driver.py,driver,56,"['/imu', '/rosout']"
1681490480.395457,66253,1681490480,395072698,,2,/imu_driver,Current time 1681490480 394149303,driver.py,driver,56,"['/imu', '/rosout']"
1681490480.420629,66254,1681490480,420170307,,2,/imu_driver,Current time 1681490480 419122695,driver.py,driver,56,"['/imu', '/rosout']"
1681490480.4460788,66255,1681490480,445680141,,2,/imu_driver,Current time 1681490480 443936347,driver.py,driver,56,"['/imu', '/rosout']"
1681490480.4706614,66256,1681490480,470206022,,2,/imu_driver,Current time 1681490480 469178915,driver.py,driver,56,"['/imu', '/rosout']"
1681490480.4954069,66257,1681490480,494981527,,2,/imu_driver,Current time 1681490480 494003295,driver.py,driver,56,"['/imu', '/rosout']"
1681490480.5207405,66258,1681490480,520228385,,2,/imu_driver,Current time 1681490480 519144535,driver.py,driver,56,"['/imu', '/rosout']"
1681490480.5464108,66259,1681490480,545368671,,2,/imu_driver,Current time 1681490480 544026613,driver.py,driver,56,"['/imu', '/rosout']"
1681490480.570715,66260,1681490480,569996595,,2,/imu_driver,Current time 1681490480 568945884,driver.py,driver,56,"['/imu', '/rosout']"
1681490480.5959609,66261,1681490480,595064640,,2,/imu_driver,Current time 1681490480 594058275,driver.py,driver,56,"['/imu', '/rosout']"
1681490480.6213243,66262,1681490480,620873451,,2,/imu_driver,Current time 1681490480 619869947,driver.py,driver,56,"['/imu', '/rosout']"
1681490480.646297,66263,1681490480,645957231,,2,/imu_driver,Current time 1681490480 644937038,driver.py,driver,56,"['/imu', '/rosout']"
1681490480.6713653,66264,1681490480,671058177,,2,/imu_driver,Current time 1681490480 669953346,driver.py,driver,56,"['/imu', '/rosout']"
1681490480.696564,66265,1681490480,696094989,,2,/imu_driver,Current time 1681490480 694775581,driver.py,driver,56,"['/imu', '/rosout']"
1681490480.7214942,66266,1681490480,721158027,,2,/imu_driver,Current time 1681490480 720071077,driver.py,driver,56,"['/imu', '/rosout']"
1681490480.746387,66267,1681490480,745967149,,2,/imu_driver,Current time 1681490480 744857788,driver.py,driver,56,"['/imu', '/rosout']"
1681490480.7713165,66268,1681490480,770893335,,2,/imu_driver,Current time 1681490480 769851446,driver.py,driver,56,"['/imu', '/rosout']"
1681490480.7975552,66269,1681490480,796880960,,2,/imu_driver,Current time 1681490480 795626401,driver.py,driver,56,"['/imu', '/rosout']"
1681490480.8212245,66270,1681490480,820782661,,2,/imu_driver,Current time 1681490480 819773435,driver.py,driver,56,"['/imu', '/rosout']"
1681490480.8466053,66271,1681490480,845961332,,2,/imu_driver,Current time 1681490480 844772338,driver.py,driver,56,"['/imu', '/rosout']"
1681490480.8711152,66272,1681490480,870617628,,2,/imu_driver,Current time 1681490480 869588375,driver.py,driver,56,"['/imu', '/rosout']"
1681490480.8960195,66273,1681490480,895771741,,2,/imu_driver,Current time 1681490480 894746541,driver.py,driver,56,"['/imu', '/rosout']"
1681490480.920984,66274,1681490480,920768976,,2,/imu_driver,Current time 1681490480 919656276,driver.py,driver,56,"['/imu', '/rosout']"
1681490480.9490886,66275,1681490480,948867321,,2,/imu_driver,Current time 1681490480 947391271,driver.py,driver,56,"['/imu', '/rosout']"
1681490480.9715295,66276,1681490480,971240997,,2,/imu_driver,Current time 1681490480 969493865,driver.py,driver,56,"['/imu', '/rosout']"
1681490480.9959526,66277,1681490480,995706558,,2,/imu_driver,Current time 1681490480 994536161,driver.py,driver,56,"['/imu', '/rosout']"
1681490481.021002,66278,1681490481,20771026,,2,/imu_driver,Current time 1681490481 19500255,driver.py,driver,56,"['/imu', '/rosout']"
1681490481.0462193,66279,1681490481,45941591,,2,/imu_driver,Current time 1681490481 44527292,driver.py,driver,56,"['/imu', '/rosout']"
1681490481.0707583,66280,1681490481,70569276,,2,/imu_driver,Current time 1681490481 69521665,driver.py,driver,56,"['/imu', '/rosout']"
1681490481.095958,66281,1681490481,95622062,,2,/imu_driver,Current time 1681490481 94408750,driver.py,driver,56,"['/imu', '/rosout']"
1681490481.1210732,66282,1681490481,120869874,,2,/imu_driver,Current time 1681490481 119662284,driver.py,driver,56,"['/imu', '/rosout']"
1681490481.1461976,66283,1681490481,145926475,,2,/imu_driver,Current time 1681490481 144587039,driver.py,driver,56,"['/imu', '/rosout']"
1681490481.1708162,66284,1681490481,170564413,,2,/imu_driver,Current time 1681490481 169425725,driver.py,driver,56,"['/imu', '/rosout']"
1681490481.1965477,66285,1681490481,196204185,,2,/imu_driver,Current time 1681490481 194501399,driver.py,driver,56,"['/imu', '/rosout']"
1681490481.2217762,66286,1681490481,220740318,,2,/imu_driver,Current time 1681490481 219471216,driver.py,driver,56,"['/imu', '/rosout']"
1681490481.2457943,66287,1681490481,245244503,,2,/imu_driver,Current time 1681490481 244273900,driver.py,driver,56,"['/imu', '/rosout']"
1681490481.2709887,66288,1681490481,270427227,,2,/imu_driver,Current time 1681490481 269516468,driver.py,driver,56,"['/imu', '/rosout']"
1681490481.29697,66289,1681490481,295775413,,2,/imu_driver,Current time 1681490481 294440507,driver.py,driver,56,"['/imu', '/rosout']"
1681490481.3207133,66290,1681490481,320451498,,2,/imu_driver,Current time 1681490481 319427013,driver.py,driver,56,"['/imu', '/rosout']"
1681490481.3473501,66291,1681490481,345977544,,2,/imu_driver,Current time 1681490481 344501018,driver.py,driver,56,"['/imu', '/rosout']"
1681490481.3727984,66292,1681490481,370282411,,2,/imu_driver,Current time 1681490481 369368314,driver.py,driver,56,"['/imu', '/rosout']"
1681490481.396024,66293,1681490481,395389795,,2,/imu_driver,Current time 1681490481 394365787,driver.py,driver,56,"['/imu', '/rosout']"
1681490481.4207537,66294,1681490481,420265674,,2,/imu_driver,Current time 1681490481 419266462,driver.py,driver,56,"['/imu', '/rosout']"
1681490481.447776,66295,1681490481,445996284,,2,/imu_driver,Current time 1681490481 444511175,driver.py,driver,56,"['/imu', '/rosout']"
1681490481.4706736,66296,1681490481,470209121,,2,/imu_driver,Current time 1681490481 469093084,driver.py,driver,56,"['/imu', '/rosout']"
1681490481.49647,66297,1681490481,495542049,,2,/imu_driver,Current time 1681490481 494313001,driver.py,driver,56,"['/imu', '/rosout']"
1681490481.5206554,66298,1681490481,520336627,,2,/imu_driver,Current time 1681490481 519243240,driver.py,driver,56,"['/imu', '/rosout']"
1681490481.545922,66299,1681490481,545347929,,2,/imu_driver,Current time 1681490481 544328927,driver.py,driver,56,"['/imu', '/rosout']"
1681490481.5708873,66300,1681490481,570349216,,2,/imu_driver,Current time 1681490481 569252490,driver.py,driver,56,"['/imu', '/rosout']"
1681490481.596069,66301,1681490481,595354318,,2,/imu_driver,Current time 1681490481 594128608,driver.py,driver,56,"['/imu', '/rosout']"
1681490481.621209,66302,1681490481,620175600,,2,/imu_driver,Current time 1681490481 619162797,driver.py,driver,56,"['/imu', '/rosout']"
1681490481.6453931,66303,1681490481,645119190,,2,/imu_driver,Current time 1681490481 644153833,driver.py,driver,56,"['/imu', '/rosout']"
1681490481.670268,66304,1681490481,670128345,,2,/imu_driver,Current time 1681490481 669113159,driver.py,driver,56,"['/imu', '/rosout']"
1681490481.6977997,66305,1681490481,696368217,,2,/imu_driver,Current time 1681490481 694436073,driver.py,driver,56,"['/imu', '/rosout']"
1681490481.720368,66306,1681490481,720166444,,2,/imu_driver,Current time 1681490481 719035863,driver.py,driver,56,"['/imu', '/rosout']"
1681490481.7454288,66307,1681490481,745263814,,2,/imu_driver,Current time 1681490481 743956565,driver.py,driver,56,"['/imu', '/rosout']"
1681490481.7704256,66308,1681490481,770250320,,2,/imu_driver,Current time 1681490481 769177436,driver.py,driver,56,"['/imu', '/rosout']"
1681490481.7952065,66309,1681490481,795030593,,2,/imu_driver,Current time 1681490481 794042348,driver.py,driver,56,"['/imu', '/rosout']"
1681490481.8208096,66310,1681490481,819946050,,2,/imu_driver,Current time 1681490481 819019079,driver.py,driver,56,"['/imu', '/rosout']"
1681490481.8454795,66311,1681490481,845150709,,2,/imu_driver,Current time 1681490481 843893289,driver.py,driver,56,"['/imu', '/rosout']"
1681490481.871659,66312,1681490481,871043920,,2,/imu_driver,Current time 1681490481 869796276,driver.py,driver,56,"['/imu', '/rosout']"
1681490481.8952992,66313,1681490481,894872426,,2,/imu_driver,Current time 1681490481 893866300,driver.py,driver,56,"['/imu', '/rosout']"
1681490481.9220657,66314,1681490481,921448469,,2,/imu_driver,Current time 1681490481 920039653,driver.py,driver,56,"['/imu', '/rosout']"
1681490481.946321,66315,1681490481,946061134,,2,/imu_driver,Current time 1681490481 944857120,driver.py,driver,56,"['/imu', '/rosout']"
1681490481.9716299,66316,1681490481,970959663,,2,/imu_driver,Current time 1681490481 969928026,driver.py,driver,56,"['/imu', '/rosout']"
1681490481.997252,66317,1681490481,996416091,,2,/imu_driver,Current time 1681490481 995220899,driver.py,driver,56,"['/imu', '/rosout']"
1681490482.0220435,66318,1681490482,21426677,,2,/imu_driver,Current time 1681490482 20192623,driver.py,driver,56,"['/imu', '/rosout']"
1681490482.0463197,66319,1681490482,45558691,,2,/imu_driver,Current time 1681490482 44669151,driver.py,driver,56,"['/imu', '/rosout']"
1681490482.07126,66320,1681490482,70826530,,2,/imu_driver,Current time 1681490482 69784641,driver.py,driver,56,"['/imu', '/rosout']"
1681490482.0989394,66321,1681490482,98376274,,2,/imu_driver,Current time 1681490482 97031831,driver.py,driver,56,"['/imu', '/rosout']"
1681490482.1220026,66322,1681490482,121165990,,2,/imu_driver,Current time 1681490482 119989395,driver.py,driver,56,"['/imu', '/rosout']"
1681490482.14625,66323,1681490482,145792245,,2,/imu_driver,Current time 1681490482 144748210,driver.py,driver,56,"['/imu', '/rosout']"
1681490482.1710174,66324,1681490482,170782566,,2,/imu_driver,Current time 1681490482 169764757,driver.py,driver,56,"['/imu', '/rosout']"
1681490482.1978815,66325,1681490482,197665929,,2,/imu_driver,Current time 1681490482 196389675,driver.py,driver,56,"['/imu', '/rosout']"
1681490482.221074,66326,1681490482,220852851,,2,/imu_driver,Current time 1681490482 219744682,driver.py,driver,56,"['/imu', '/rosout']"
1681490482.247018,66327,1681490482,246857881,,2,/imu_driver,Current time 1681490482 244687557,driver.py,driver,56,"['/imu', '/rosout']"
1681490482.2719934,66328,1681490482,271722316,,2,/imu_driver,Current time 1681490482 270083427,driver.py,driver,56,"['/imu', '/rosout']"
1681490482.2964184,66329,1681490482,295817136,,2,/imu_driver,Current time 1681490482 294692754,driver.py,driver,56,"['/imu', '/rosout']"
1681490482.321497,66330,1681490482,320903539,,2,/imu_driver,Current time 1681490482 319516181,driver.py,driver,56,"['/imu', '/rosout']"
1681490482.347288,66331,1681490482,346198320,,2,/imu_driver,Current time 1681490482 344491481,driver.py,driver,56,"['/imu', '/rosout']"
1681490482.371986,66332,1681490482,371304273,,2,/imu_driver,Current time 1681490482 369706153,driver.py,driver,56,"['/imu', '/rosout']"
1681490482.3967154,66333,1681490482,395765781,,2,/imu_driver,Current time 1681490482 394659996,driver.py,driver,56,"['/imu', '/rosout']"
1681490482.420695,66334,1681490482,420499563,,2,/imu_driver,Current time 1681490482 419636726,driver.py,driver,56,"['/imu', '/rosout']"
1681490482.4461641,66335,1681490482,445860862,,2,/imu_driver,Current time 1681490482 444531917,driver.py,driver,56,"['/imu', '/rosout']"
1681490482.4709187,66336,1681490482,470649957,,2,/imu_driver,Current time 1681490482 469549417,driver.py,driver,56,"['/imu', '/rosout']"
1681490482.495743,66337,1681490482,495503902,,2,/imu_driver,Current time 1681490482 494437932,driver.py,driver,56,"['/imu', '/rosout']"
1681490482.521121,66338,1681490482,520534515,,2,/imu_driver,Current time 1681490482 519406557,driver.py,driver,56,"['/imu', '/rosout']"
1681490482.5461063,66339,1681490482,545550584,,2,/imu_driver,Current time 1681490482 544563055,driver.py,driver,56,"['/imu', '/rosout']"
1681490482.5710073,66340,1681490482,570670127,,2,/imu_driver,Current time 1681490482 569554328,driver.py,driver,56,"['/imu', '/rosout']"
1681490482.5968556,66341,1681490482,596128225,,2,/imu_driver,Current time 1681490482 594375133,driver.py,driver,56,"['/imu', '/rosout']"
1681490482.6220937,66342,1681490482,620505094,,2,/imu_driver,Current time 1681490482 619441747,driver.py,driver,56,"['/imu', '/rosout']"
1681490482.6457348,66343,1681490482,645466327,,2,/imu_driver,Current time 1681490482 644405603,driver.py,driver,56,"['/imu', '/rosout']"
1681490482.671115,66344,1681490482,670451402,,2,/imu_driver,Current time 1681490482 669454097,driver.py,driver,56,"['/imu', '/rosout']"
1681490482.6977196,66345,1681490482,696990966,,2,/imu_driver,Current time 1681490482 694549083,driver.py,driver,56,"['/imu', '/rosout']"
1681490482.7208524,66346,1681490482,720348358,,2,/imu_driver,Current time 1681490482 719332933,driver.py,driver,56,"['/imu', '/rosout']"
1681490482.7461073,66347,1681490482,745420455,,2,/imu_driver,Current time 1681490482 744507312,driver.py,driver,56,"['/imu', '/rosout']"
1681490482.7707922,66348,1681490482,770237445,,2,/imu_driver,Current time 1681490482 769206762,driver.py,driver,56,"['/imu', '/rosout']"
1681490482.7956402,66349,1681490482,795241117,,2,/imu_driver,Current time 1681490482 794264793,driver.py,driver,56,"['/imu', '/rosout']"
1681490482.820687,66350,1681490482,820398330,,2,/imu_driver,Current time 1681490482 819355249,driver.py,driver,56,"['/imu', '/rosout']"
1681490482.8463688,66351,1681490482,845595598,,2,/imu_driver,Current time 1681490482 844233751,driver.py,driver,56,"['/imu', '/rosout']"
1681490482.8706462,66352,1681490482,870257854,,2,/imu_driver,Current time 1681490482 869332551,driver.py,driver,56,"['/imu', '/rosout']"
1681490482.8953836,66353,1681490482,895172834,,2,/imu_driver,Current time 1681490482 894204854,driver.py,driver,56,"['/imu', '/rosout']"
1681490482.9209485,66354,1681490482,920288085,,2,/imu_driver,Current time 1681490482 919224739,driver.py,driver,56,"['/imu', '/rosout']"
1681490482.9466596,66355,1681490482,946048259,,2,/imu_driver,Current time 1681490482 944470167,driver.py,driver,56,"['/imu', '/rosout']"
1681490482.9706593,66356,1681490482,970102787,,2,/imu_driver,Current time 1681490482 969186305,driver.py,driver,56,"['/imu', '/rosout']"
1681490482.9957314,66357,1681490482,995212078,,2,/imu_driver,Current time 1681490482 994204521,driver.py,driver,56,"['/imu', '/rosout']"
1681490483.0210743,66358,1681490483,20327329,,2,/imu_driver,Current time 1681490483 19140958,driver.py,driver,56,"['/imu', '/rosout']"
1681490483.0461714,66359,1681490483,45296907,,2,/imu_driver,Current time 1681490483 44335603,driver.py,driver,56,"['/imu', '/rosout']"
1681490483.0708344,66360,1681490483,70132732,,2,/imu_driver,Current time 1681490483 69080352,driver.py,driver,56,"['/imu', '/rosout']"
1681490483.097014,66361,1681490483,96474885,,2,/imu_driver,Current time 1681490483 94909667,driver.py,driver,56,"['/imu', '/rosout']"
1681490483.1208365,66362,1681490483,120177507,,2,/imu_driver,Current time 1681490483 119142293,driver.py,driver,56,"['/imu', '/rosout']"
1681490483.1460567,66363,1681490483,145400762,,2,/imu_driver,Current time 1681490483 144241809,driver.py,driver,56,"['/imu', '/rosout']"
1681490483.1705797,66364,1681490483,170047044,,2,/imu_driver,Current time 1681490483 168950557,driver.py,driver,56,"['/imu', '/rosout']"
1681490483.1971328,66365,1681490483,196292161,,2,/imu_driver,Current time 1681490483 194969654,driver.py,driver,56,"['/imu', '/rosout']"
1681490483.221305,66366,1681490483,221007347,,2,/imu_driver,Current time 1681490483 219919681,driver.py,driver,56,"['/imu', '/rosout']"
1681490483.2462287,66367,1681490483,245974063,,2,/imu_driver,Current time 1681490483 244091987,driver.py,driver,56,"['/imu', '/rosout']"
1681490483.2711496,66368,1681490483,270927906,,2,/imu_driver,Current time 1681490483 269936561,driver.py,driver,56,"['/imu', '/rosout']"
1681490483.2951005,66369,1681490483,294849395,,2,/imu_driver,Current time 1681490483 293868541,driver.py,driver,56,"['/imu', '/rosout']"
1681490483.3228052,66370,1681490483,320917844,,2,/imu_driver,Current time 1681490483 319799900,driver.py,driver,56,"['/imu', '/rosout']"
1681490483.347038,66371,1681490483,346400022,,2,/imu_driver,Current time 1681490483 345094680,driver.py,driver,56,"['/imu', '/rosout']"
1681490483.371847,66372,1681490483,371136188,,2,/imu_driver,Current time 1681490483 369955301,driver.py,driver,56,"['/imu', '/rosout']"
1681490483.3967447,66373,1681490483,395786523,,2,/imu_driver,Current time 1681490483 394656419,driver.py,driver,56,"['/imu', '/rosout']"
1681490483.421632,66374,1681490483,420961380,,2,/imu_driver,Current time 1681490483 419772624,driver.py,driver,56,"['/imu', '/rosout']"
1681490483.4467478,66375,1681490483,446194887,,2,/imu_driver,Current time 1681490483 444872379,driver.py,driver,56,"['/imu', '/rosout']"
1681490483.4719238,66376,1681490483,471161842,,2,/imu_driver,Current time 1681490483 470021724,driver.py,driver,56,"['/imu', '/rosout']"
1681490483.496752,66377,1681490483,495981931,,2,/imu_driver,Current time 1681490483 494761943,driver.py,driver,56,"['/imu', '/rosout']"
1681490483.5212379,66378,1681490483,520968437,,2,/imu_driver,Current time 1681490483 519683837,driver.py,driver,56,"['/imu', '/rosout']"
1681490483.5460505,66379,1681490483,545762538,,2,/imu_driver,Current time 1681490483 544627904,driver.py,driver,56,"['/imu', '/rosout']"
1681490483.5712,66380,1681490483,570662975,,2,/imu_driver,Current time 1681490483 569736242,driver.py,driver,56,"['/imu', '/rosout']"
1681490483.5969818,66381,1681490483,596174955,,2,/imu_driver,Current time 1681490483 594694375,driver.py,driver,56,"['/imu', '/rosout']"
1681490483.6211343,66382,1681490483,620808124,,2,/imu_driver,Current time 1681490483 619613885,driver.py,driver,56,"['/imu', '/rosout']"
1681490483.6458073,66383,1681490483,645368576,,2,/imu_driver,Current time 1681490483 644462347,driver.py,driver,56,"['/imu', '/rosout']"
1681490483.6713452,66384,1681490483,670736789,,2,/imu_driver,Current time 1681490483 669680356,driver.py,driver,56,"['/imu', '/rosout']"
1681490483.6969812,66385,1681490483,696098089,,2,/imu_driver,Current time 1681490483 694470405,driver.py,driver,56,"['/imu', '/rosout']"
1681490483.7213347,66386,1681490483,720767974,,2,/imu_driver,Current time 1681490483 719569921,driver.py,driver,56,"['/imu', '/rosout']"
1681490483.746234,66387,1681490483,745631933,,2,/imu_driver,Current time 1681490483 744502067,driver.py,driver,56,"['/imu', '/rosout']"
1681490483.7706618,66388,1681490483,770407915,,2,/imu_driver,Current time 1681490483 769472360,driver.py,driver,56,"['/imu', '/rosout']"
1681490483.796202,66389,1681490483,795573711,,2,/imu_driver,Current time 1681490483 794454336,driver.py,driver,56,"['/imu', '/rosout']"
1681490483.8210838,66390,1681490483,820576906,,2,/imu_driver,Current time 1681490483 819446325,driver.py,driver,56,"['/imu', '/rosout']"
1681490483.8467457,66391,1681490483,846120119,,2,/imu_driver,Current time 1681490483 844407796,driver.py,driver,56,"['/imu', '/rosout']"
1681490483.8710754,66392,1681490483,870446920,,2,/imu_driver,Current time 1681490483 869456052,driver.py,driver,56,"['/imu', '/rosout']"
1681490483.8956194,66393,1681490483,895338058,,2,/imu_driver,Current time 1681490483 894332170,driver.py,driver,56,"['/imu', '/rosout']"
1681490483.9209013,66394,1681490483,920490980,,2,/imu_driver,Current time 1681490483 919456005,driver.py,driver,56,"['/imu', '/rosout']"
1681490483.947894,66395,1681490483,946053028,,2,/imu_driver,Current time 1681490483 944699048,driver.py,driver,56,"['/imu', '/rosout']"
1681490483.9709382,66396,1681490483,970537424,,2,/imu_driver,Current time 1681490483 969442605,driver.py,driver,56,"['/imu', '/rosout']"
1681490483.9960356,66397,1681490483,995726108,,2,/imu_driver,Current time 1681490483 994616985,driver.py,driver,56,"['/imu', '/rosout']"
1681490484.0206866,66398,1681490484,20413398,,2,/imu_driver,Current time 1681490484 19403457,driver.py,driver,56,"['/imu', '/rosout']"
1681490484.0456502,66399,1681490484,45407056,,2,/imu_driver,Current time 1681490484 44436454,driver.py,driver,56,"['/imu', '/rosout']"
1681490484.0710273,66400,1681490484,70699930,,2,/imu_driver,Current time 1681490484 69562911,driver.py,driver,56,"['/imu', '/rosout']"
1681490484.0959127,66401,1681490484,95629453,,2,/imu_driver,Current time 1681490484 94281911,driver.py,driver,56,"['/imu', '/rosout']"
1681490484.1213796,66402,1681490484,120757818,,2,/imu_driver,Current time 1681490484 119524002,driver.py,driver,56,"['/imu', '/rosout']"
1681490484.145521,66403,1681490484,145263671,,2,/imu_driver,Current time 1681490484 144161701,driver.py,driver,56,"['/imu', '/rosout']"
1681490484.1803703,66404,1681490484,170281887,,2,/imu_driver,Current time 1681490484 169118642,driver.py,driver,56,"['/imu', '/rosout']"
1681490484.1967483,66405,1681490484,195761442,,2,/imu_driver,Current time 1681490484 194286346,driver.py,driver,56,"['/imu', '/rosout']"
1681490484.2216642,66406,1681490484,220586538,,2,/imu_driver,Current time 1681490484 219306468,driver.py,driver,56,"['/imu', '/rosout']"
1681490484.2459643,66407,1681490484,245265960,,2,/imu_driver,Current time 1681490484 244191884,driver.py,driver,56,"['/imu', '/rosout']"
1681490484.2710702,66408,1681490484,270083427,,2,/imu_driver,Current time 1681490484 269178867,driver.py,driver,56,"['/imu', '/rosout']"
1681490484.296023,66409,1681490484,295119524,,2,/imu_driver,Current time 1681490484 294096708,driver.py,driver,56,"['/imu', '/rosout']"
1681490484.320632,66410,1681490484,320259809,,2,/imu_driver,Current time 1681490484 319172859,driver.py,driver,56,"['/imu', '/rosout']"
1681490484.352645,66411,1681490484,349735975,,2,/imu_driver,Current time 1681490484 344790458,driver.py,driver,56,"['/imu', '/rosout']"
1681490484.3850765,66412,1681490484,381012678,,2,/imu_driver,Current time 1681490484 377139806,driver.py,driver,56,"['/imu', '/rosout']"
1681490484.3992224,66413,1681490484,398711204,,2,/imu_driver,Current time 1681490484 397719383,driver.py,driver,56,"['/imu', '/rosout']"
1681490484.4203925,66414,1681490484,420083761,,2,/imu_driver,Current time 1681490484 419183254,driver.py,driver,56,"['/imu', '/rosout']"
1681490484.4455483,66415,1681490484,445253133,,2,/imu_driver,Current time 1681490484 443997383,driver.py,driver,56,"['/imu', '/rosout']"
1681490484.4703238,66416,1681490484,470104217,,2,/imu_driver,Current time 1681490484 468998432,driver.py,driver,56,"['/imu', '/rosout']"
1681490484.4958591,66417,1681490484,495538473,,2,/imu_driver,Current time 1681490484 493984699,driver.py,driver,56,"['/imu', '/rosout']"
1681490484.5202372,66418,1681490484,520075082,,2,/imu_driver,Current time 1681490484 519079208,driver.py,driver,56,"['/imu', '/rosout']"
1681490484.5460958,66419,1681490484,545954465,,2,/imu_driver,Current time 1681490484 544928789,driver.py,driver,56,"['/imu', '/rosout']"
1681490484.571565,66420,1681490484,571078300,,2,/imu_driver,Current time 1681490484 569908142,driver.py,driver,56,"['/imu', '/rosout']"
1681490484.5972366,66421,1681490484,596069335,,2,/imu_driver,Current time 1681490484 594302415,driver.py,driver,56,"['/imu', '/rosout']"
1681490484.6224313,66422,1681490484,621501684,,2,/imu_driver,Current time 1681490484 620235443,driver.py,driver,56,"['/imu', '/rosout']"
1681490484.6465254,66423,1681490484,646298646,,2,/imu_driver,Current time 1681490484 644935131,driver.py,driver,56,"['/imu', '/rosout']"
1681490484.671462,66424,1681490484,670958518,,2,/imu_driver,Current time 1681490484 669794559,driver.py,driver,56,"['/imu', '/rosout']"
1681490484.696548,66425,1681490484,696236610,,2,/imu_driver,Current time 1681490484 694892406,driver.py,driver,56,"['/imu', '/rosout']"
1681490484.721459,66426,1681490484,721165895,,2,/imu_driver,Current time 1681490484 720063447,driver.py,driver,56,"['/imu', '/rosout']"
1681490484.746417,66427,1681490484,746006965,,2,/imu_driver,Current time 1681490484 744841814,driver.py,driver,56,"['/imu', '/rosout']"
1681490484.7710648,66428,1681490484,770911693,,2,/imu_driver,Current time 1681490484 769928693,driver.py,driver,56,"['/imu', '/rosout']"
1681490484.7961023,66429,1681490484,795857906,,2,/imu_driver,Current time 1681490484 794773817,driver.py,driver,56,"['/imu', '/rosout']"
1681490484.82107,66430,1681490484,820848703,,2,/imu_driver,Current time 1681490484 819714069,driver.py,driver,56,"['/imu', '/rosout']"
1681490484.847702,66431,1681490484,846744537,,2,/imu_driver,Current time 1681490484 845537424,driver.py,driver,56,"['/imu', '/rosout']"
1681490484.8721852,66432,1681490484,871578216,,2,/imu_driver,Current time 1681490484 869871616,driver.py,driver,56,"['/imu', '/rosout']"
1681490484.8961573,66433,1681490484,895622491,,2,/imu_driver,Current time 1681490484 894649505,driver.py,driver,56,"['/imu', '/rosout']"
1681490484.9214244,66434,1681490484,920861721,,2,/imu_driver,Current time 1681490484 919802427,driver.py,driver,56,"['/imu', '/rosout']"
1681490484.9529343,66435,1681490484,947734117,,2,/imu_driver,Current time 1681490484 945109128,driver.py,driver,56,"['/imu', '/rosout']"
1681490484.9710228,66436,1681490484,970668554,,2,/imu_driver,Current time 1681490484 969678401,driver.py,driver,56,"['/imu', '/rosout']"
1681490484.997137,66437,1681490484,996178865,,2,/imu_driver,Current time 1681490484 994647979,driver.py,driver,56,"['/imu', '/rosout']"
1681490485.0211422,66438,1681490485,20769596,,2,/imu_driver,Current time 1681490485 19570112,driver.py,driver,56,"['/imu', '/rosout']"
1681490485.0458484,66439,1681490485,45629978,,2,/imu_driver,Current time 1681490485 44639825,driver.py,driver,56,"['/imu', '/rosout']"
1681490485.070646,66440,1681490485,70356369,,2,/imu_driver,Current time 1681490485 69081544,driver.py,driver,56,"['/imu', '/rosout']"
1681490485.0978136,66441,1681490485,96466779,,2,/imu_driver,Current time 1681490485 94957113,driver.py,driver,56,"['/imu', '/rosout']"
1681490485.1221297,66442,1681490485,120942831,,2,/imu_driver,Current time 1681490485 119704723,driver.py,driver,56,"['/imu', '/rosout']"
1681490485.1466258,66443,1681490485,145695447,,2,/imu_driver,Current time 1681490485 144532918,driver.py,driver,56,"['/imu', '/rosout']"
1681490485.1710758,66444,1681490485,170508384,,2,/imu_driver,Current time 1681490485 169612169,driver.py,driver,56,"['/imu', '/rosout']"
1681490485.1964247,66445,1681490485,195929050,,2,/imu_driver,Current time 1681490485 194398880,driver.py,driver,56,"['/imu', '/rosout']"
1681490485.220886,66446,1681490485,220658779,,2,/imu_driver,Current time 1681490485 219619512,driver.py,driver,56,"['/imu', '/rosout']"
1681490485.247123,66447,1681490485,246846675,,2,/imu_driver,Current time 1681490485 244840145,driver.py,driver,56,"['/imu', '/rosout']"
1681490485.2710395,66448,1681490485,270717382,,2,/imu_driver,Current time 1681490485 269670963,driver.py,driver,56,"['/imu', '/rosout']"
1681490485.2963698,66449,1681490485,296003580,,2,/imu_driver,Current time 1681490485 294716119,driver.py,driver,56,"['/imu', '/rosout']"
1681490485.3209336,66450,1681490485,320698976,,2,/imu_driver,Current time 1681490485 319602489,driver.py,driver,56,"['/imu', '/rosout']"
1681490485.3466036,66451,1681490485,346186161,,2,/imu_driver,Current time 1681490485 344463586,driver.py,driver,56,"['/imu', '/rosout']"
1681490485.3707364,66452,1681490485,370438098,,2,/imu_driver,Current time 1681490485 369422912,driver.py,driver,56,"['/imu', '/rosout']"
1681490485.3957176,66453,1681490485,395446300,,2,/imu_driver,Current time 1681490485 394393205,driver.py,driver,56,"['/imu', '/rosout']"
1681490485.4210236,66454,1681490485,420302867,,2,/imu_driver,Current time 1681490485 419347763,driver.py,driver,56,"['/imu', '/rosout']"
1681490485.446599,66455,1681490485,445992946,,2,/imu_driver,Current time 1681490485 444334745,driver.py,driver,56,"['/imu', '/rosout']"
1681490485.4710174,66456,1681490485,470526456,,2,/imu_driver,Current time 1681490485 469410419,driver.py,driver,56,"['/imu', '/rosout']"
1681490485.496164,66457,1681490485,495296955,,2,/imu_driver,Current time 1681490485 494371414,driver.py,driver,56,"['/imu', '/rosout']"
1681490485.5205083,66458,1681490485,520326614,,2,/imu_driver,Current time 1681490485 519334793,driver.py,driver,56,"['/imu', '/rosout']"
1681490485.5456147,66459,1681490485,545266151,,2,/imu_driver,Current time 1681490485 544195652,driver.py,driver,56,"['/imu', '/rosout']"
1681490485.5714917,66460,1681490485,570407629,,2,/imu_driver,Current time 1681490485 569333314,driver.py,driver,56,"['/imu', '/rosout']"
1681490485.5977373,66461,1681490485,597182035,,2,/imu_driver,Current time 1681490485 594346523,driver.py,driver,56,"['/imu', '/rosout']"
1681490485.6208436,66462,1681490485,620229721,,2,/imu_driver,Current time 1681490485 619285345,driver.py,driver,56,"['/imu', '/rosout']"
1681490485.6455636,66463,1681490485,645175457,,2,/imu_driver,Current time 1681490485 644160747,driver.py,driver,56,"['/imu', '/rosout']"
1681490485.6708415,66464,1681490485,670325756,,2,/imu_driver,Current time 1681490485 669107437,driver.py,driver,56,"['/imu', '/rosout']"
1681490485.7116542,66465,1681490485,710995912,,2,/imu_driver,Current time 1681490485 694101572,driver.py,driver,56,"['/imu', '/rosout']"
1681490485.720983,66466,1681490485,720614194,,2,/imu_driver,Current time 1681490485 719250440,driver.py,driver,56,"['/imu', '/rosout']"
1681490485.7465417,66467,1681490485,745720863,,2,/imu_driver,Current time 1681490485 744235754,driver.py,driver,56,"['/imu', '/rosout']"
1681490485.7717946,66468,1681490485,770935535,,2,/imu_driver,Current time 1681490485 769369602,driver.py,driver,56,"['/imu', '/rosout']"
1681490485.79592,66469,1681490485,795717954,,2,/imu_driver,Current time 1681490485 794226884,driver.py,driver,56,"['/imu', '/rosout']"
1681490485.8216336,66470,1681490485,821282148,,2,/imu_driver,Current time 1681490485 820047855,driver.py,driver,56,"['/imu', '/rosout']"
1681490485.845557,66471,1681490485,845304489,,2,/imu_driver,Current time 1681490485 843997240,driver.py,driver,56,"['/imu', '/rosout']"
1681490485.8711245,66472,1681490485,870954275,,2,/imu_driver,Current time 1681490485 869982242,driver.py,driver,56,"['/imu', '/rosout']"
1681490485.895269,66473,1681490485,894864082,,2,/imu_driver,Current time 1681490485 893942832,driver.py,driver,56,"['/imu', '/rosout']"
1681490485.9218814,66474,1681490485,921528100,,2,/imu_driver,Current time 1681490485 920046329,driver.py,driver,56,"['/imu', '/rosout']"
1681490485.9467554,66475,1681490485,946226835,,2,/imu_driver,Current time 1681490485 945034027,driver.py,driver,56,"['/imu', '/rosout']"
1681490485.9712849,66476,1681490485,970957517,,2,/imu_driver,Current time 1681490485 970061540,driver.py,driver,56,"['/imu', '/rosout']"
1681490485.9959497,66477,1681490485,995816707,,2,/imu_driver,Current time 1681490485 994915723,driver.py,driver,56,"['/imu', '/rosout']"
1681490486.021003,66478,1681490486,20811557,,2,/imu_driver,Current time 1681490486 19826650,driver.py,driver,56,"['/imu', '/rosout']"
1681490486.0461693,66479,1681490486,45971393,,2,/imu_driver,Current time 1681490486 44836044,driver.py,driver,56,"['/imu', '/rosout']"
1681490486.0709994,66480,1681490486,70770502,,2,/imu_driver,Current time 1681490486 69782733,driver.py,driver,56,"['/imu', '/rosout']"
1681490486.0980418,66481,1681490486,97342729,,2,/imu_driver,Current time 1681490486 96168994,driver.py,driver,56,"['/imu', '/rosout']"
1681490486.1224039,66482,1681490486,121611118,,2,/imu_driver,Current time 1681490486 120346784,driver.py,driver,56,"['/imu', '/rosout']"
1681490486.1463683,66483,1681490486,145844459,,2,/imu_driver,Current time 1681490486 144869089,driver.py,driver,56,"['/imu', '/rosout']"
1681490486.1711018,66484,1681490486,170854330,,2,/imu_driver,Current time 1681490486 169777154,driver.py,driver,56,"['/imu', '/rosout']"
1681490486.1967342,66485,1681490486,196290016,,2,/imu_driver,Current time 1681490486 194911956,driver.py,driver,56,"['/imu', '/rosout']"
1681490486.2215025,66486,1681490486,220985412,,2,/imu_driver,Current time 1681490486 219896554,driver.py,driver,56,"['/imu', '/rosout']"
1681490486.2460918,66487,1681490486,245841503,,2,/imu_driver,Current time 1681490486 244739532,driver.py,driver,56,"['/imu', '/rosout']"
1681490486.2708676,66488,1681490486,270689249,,2,/imu_driver,Current time 1681490486 269703865,driver.py,driver,56,"['/imu', '/rosout']"
1681490486.2962646,66489,1681490486,296056509,,2,/imu_driver,Current time 1681490486 294652938,driver.py,driver,56,"['/imu', '/rosout']"
1681490486.321051,66490,1681490486,320816993,,2,/imu_driver,Current time 1681490486 319766521,driver.py,driver,56,"['/imu', '/rosout']"
1681490486.349253,66491,1681490486,346746921,,2,/imu_driver,Current time 1681490486 345396280,driver.py,driver,56,"['/imu', '/rosout']"
1681490486.3716424,66492,1681490486,370896100,,2,/imu_driver,Current time 1681490486 369707345,driver.py,driver,56,"['/imu', '/rosout']"
1681490486.3958256,66493,1681490486,395655632,,2,/imu_driver,Current time 1681490486 394668340,driver.py,driver,56,"['/imu', '/rosout']"
1681490486.4212654,66494,1681490486,420728921,,2,/imu_driver,Current time 1681490486 419576883,driver.py,driver,56,"['/imu', '/rosout']"
1681490486.446734,66495,1681490486,446007251,,2,/imu_driver,Current time 1681490486 444661140,driver.py,driver,56,"['/imu', '/rosout']"
1681490486.4710765,66496,1681490486,470556259,,2,/imu_driver,Current time 1681490486 469634532,driver.py,driver,56,"['/imu', '/rosout']"
1681490486.4965491,66497,1681490486,495701313,,2,/imu_driver,Current time 1681490486 494684457,driver.py,driver,56,"['/imu', '/rosout']"
1681490486.5209525,66498,1681490486,520608425,,2,/imu_driver,Current time 1681490486 519596099,driver.py,driver,56,"['/imu', '/rosout']"
1681490486.545822,66499,1681490486,545562267,,2,/imu_driver,Current time 1681490486 544571876,driver.py,driver,56,"['/imu', '/rosout']"
1681490486.5707371,66500,1681490486,570484161,,2,/imu_driver,Current time 1681490486 569559097,driver.py,driver,56,"['/imu', '/rosout']"
1681490486.595719,66501,1681490486,595518827,,2,/imu_driver,Current time 1681490486 594482421,driver.py,driver,56,"['/imu', '/rosout']"
1681490486.6207662,66502,1681490486,620509147,,2,/imu_driver,Current time 1681490486 619551181,driver.py,driver,56,"['/imu', '/rosout']"
1681490486.6457496,66503,1681490486,645541667,,2,/imu_driver,Current time 1681490486 644587278,driver.py,driver,56,"['/imu', '/rosout']"
1681490486.6709821,66504,1681490486,670664310,,2,/imu_driver,Current time 1681490486 669602632,driver.py,driver,56,"['/imu', '/rosout']"
1681490486.6962616,66505,1681490486,696022510,,2,/imu_driver,Current time 1681490486 694540262,driver.py,driver,56,"['/imu', '/rosout']"
1681490486.7207665,66506,1681490486,720535993,,2,/imu_driver,Current time 1681490486 719516277,driver.py,driver,56,"['/imu', '/rosout']"
1681490486.7460437,66507,1681490486,745555400,,2,/imu_driver,Current time 1681490486 744371175,driver.py,driver,56,"['/imu', '/rosout']"
1681490486.7706497,66508,1681490486,770443439,,2,/imu_driver,Current time 1681490486 769394636,driver.py,driver,56,"['/imu', '/rosout']"
1681490486.7957647,66509,1681490486,795542716,,2,/imu_driver,Current time 1681490486 794555187,driver.py,driver,56,"['/imu', '/rosout']"
1681490486.8207114,66510,1681490486,820476770,,2,/imu_driver,Current time 1681490486 819339513,driver.py,driver,56,"['/imu', '/rosout']"
1681490486.8516853,66511,1681490486,851367235,,2,/imu_driver,Current time 1681490486 847767829,driver.py,driver,56,"['/imu', '/rosout']"
1681490486.8712146,66512,1681490486,870962381,,2,/imu_driver,Current time 1681490486 869919538,driver.py,driver,56,"['/imu', '/rosout']"
1681490486.8958213,66513,1681490486,895447254,,2,/imu_driver,Current time 1681490486 894320011,driver.py,driver,56,"['/imu', '/rosout']"
1681490486.9209697,66514,1681490486,920807838,,2,/imu_driver,Current time 1681490486 919601202,driver.py,driver,56,"['/imu', '/rosout']"
1681490486.947701,66515,1681490486,946737289,,2,/imu_driver,Current time 1681490486 945173740,driver.py,driver,56,"['/imu', '/rosout']"
1681490486.9708529,66516,1681490486,970355033,,2,/imu_driver,Current time 1681490486 969287633,driver.py,driver,56,"['/imu', '/rosout']"
1681490486.9956813,66517,1681490486,995219469,,2,/imu_driver,Current time 1681490486 994241714,driver.py,driver,56,"['/imu', '/rosout']"
1681490487.020644,66518,1681490487,20231246,,2,/imu_driver,Current time 1681490487 19271850,driver.py,driver,56,"['/imu', '/rosout']"
1681490487.0459838,66519,1681490487,45215129,,2,/imu_driver,Current time 1681490487 44292449,driver.py,driver,56,"['/imu', '/rosout']"
1681490487.070945,66520,1681490487,70490121,,2,/imu_driver,Current time 1681490487 69394350,driver.py,driver,56,"['/imu', '/rosout']"
1681490487.0967426,66521,1681490487,96112966,,2,/imu_driver,Current time 1681490487 94810724,driver.py,driver,56,"['/imu', '/rosout']"
1681490487.1208985,66522,1681490487,120218992,,2,/imu_driver,Current time 1681490487 119102716,driver.py,driver,56,"['/imu', '/rosout']"
1681490487.14569,66523,1681490487,145241498,,2,/imu_driver,Current time 1681490487 144206523,driver.py,driver,56,"['/imu', '/rosout']"
1681490487.1705427,66524,1681490487,170114278,,2,/imu_driver,Current time 1681490487 169064998,driver.py,driver,56,"['/imu', '/rosout']"
1681490487.1966321,66525,1681490487,195844173,,2,/imu_driver,Current time 1681490487 194472551,driver.py,driver,56,"['/imu', '/rosout']"
1681490487.2218082,66526,1681490487,221201658,,2,/imu_driver,Current time 1681490487 220173597,driver.py,driver,56,"['/imu', '/rosout']"
1681490487.2456267,66527,1681490487,245157480,,2,/imu_driver,Current time 1681490487 244171857,driver.py,driver,56,"['/imu', '/rosout']"
1681490487.271911,66528,1681490487,271144628,,2,/imu_driver,Current time 1681490487 270091295,driver.py,driver,56,"['/imu', '/rosout']"
1681490487.2957914,66529,1681490487,295215845,,2,/imu_driver,Current time 1681490487 294208765,driver.py,driver,56,"['/imu', '/rosout']"
1681490487.321976,66530,1681490487,321133136,,2,/imu_driver,Current time 1681490487 320031166,driver.py,driver,56,"['/imu', '/rosout']"
1681490487.3468904,66531,1681490487,346494197,,2,/imu_driver,Current time 1681490487 345248222,driver.py,driver,56,"['/imu', '/rosout']"
1681490487.3721867,66532,1681490487,371926546,,2,/imu_driver,Current time 1681490487 369994401,driver.py,driver,56,"['/imu', '/rosout']"
1681490487.396478,66533,1681490487,396142482,,2,/imu_driver,Current time 1681490487 394917726,driver.py,driver,56,"['/imu', '/rosout']"
1681490487.4210756,66534,1681490487,420895338,,2,/imu_driver,Current time 1681490487 419884681,driver.py,driver,56,"['/imu', '/rosout']"
1681490487.4492393,66535,1681490487,449022769,,2,/imu_driver,Current time 1681490487 447794198,driver.py,driver,56,"['/imu', '/rosout']"
1681490487.4709187,66536,1681490487,470752239,,2,/imu_driver,Current time 1681490487 469836235,driver.py,driver,56,"['/imu', '/rosout']"
1681490487.4961,66537,1681490487,495896100,,2,/imu_driver,Current time 1681490487 494875907,driver.py,driver,56,"['/imu', '/rosout']"
1681490487.5213423,66538,1681490487,521038055,,2,/imu_driver,Current time 1681490487 519875288,driver.py,driver,56,"['/imu', '/rosout']"
1681490487.5460057,66539,1681490487,545809268,,2,/imu_driver,Current time 1681490487 544881343,driver.py,driver,56,"['/imu', '/rosout']"
1681490487.5711136,66540,1681490487,570783853,,2,/imu_driver,Current time 1681490487 569766759,driver.py,driver,56,"['/imu', '/rosout']"
1681490487.5966477,66541,1681490487,596390724,,2,/imu_driver,Current time 1681490487 594813585,driver.py,driver,56,"['/imu', '/rosout']"
1681490487.6212368,66542,1681490487,621052503,,2,/imu_driver,Current time 1681490487 619766712,driver.py,driver,56,"['/imu', '/rosout']"
1681490487.646144,66543,1681490487,645972251,,2,/imu_driver,Current time 1681490487 644956111,driver.py,driver,56,"['/imu', '/rosout']"
1681490487.670887,66544,1681490487,670651674,,2,/imu_driver,Current time 1681490487 669652700,driver.py,driver,56,"['/imu', '/rosout']"
1681490487.6970398,66545,1681490487,696735143,,2,/imu_driver,Current time 1681490487 695327520,driver.py,driver,56,"['/imu', '/rosout']"
1681490487.7210286,66546,1681490487,720749139,,2,/imu_driver,Current time 1681490487 719594001,driver.py,driver,56,"['/imu', '/rosout']"
1681490487.7461567,66547,1681490487,745974540,,2,/imu_driver,Current time 1681490487 744786739,driver.py,driver,56,"['/imu', '/rosout']"
1681490487.7708435,66548,1681490487,770646810,,2,/imu_driver,Current time 1681490487 769600152,driver.py,driver,56,"['/imu', '/rosout']"
1681490487.7959762,66549,1681490487,795818805,,2,/imu_driver,Current time 1681490487 794803380,driver.py,driver,56,"['/imu', '/rosout']"
1681490487.8210857,66550,1681490487,820877313,,2,/imu_driver,Current time 1681490487 819689035,driver.py,driver,56,"['/imu', '/rosout']"
1681490487.8466005,66551,1681490487,846347332,,2,/imu_driver,Current time 1681490487 844534873,driver.py,driver,56,"['/imu', '/rosout']"
1681490487.8709166,66552,1681490487,870720148,,2,/imu_driver,Current time 1681490487 869508028,driver.py,driver,56,"['/imu', '/rosout']"
1681490487.8957932,66553,1681490487,895568847,,2,/imu_driver,Current time 1681490487 894569158,driver.py,driver,56,"['/imu', '/rosout']"
1681490487.9209244,66554,1681490487,920786142,,2,/imu_driver,Current time 1681490487 919705867,driver.py,driver,56,"['/imu', '/rosout']"
1681490487.9466782,66555,1681490487,946436643,,2,/imu_driver,Current time 1681490487 944845676,driver.py,driver,56,"['/imu', '/rosout']"
1681490487.9707325,66556,1681490487,970509052,,2,/imu_driver,Current time 1681490487 969581604,driver.py,driver,56,"['/imu', '/rosout']"
1681490487.9959526,66557,1681490487,995674848,,2,/imu_driver,Current time 1681490487 994475841,driver.py,driver,56,"['/imu', '/rosout']"
1681490488.0211163,66558,1681490488,20819425,,2,/imu_driver,Current time 1681490488 19681215,driver.py,driver,56,"['/imu', '/rosout']"
1681490488.046051,66559,1681490488,45691728,,2,/imu_driver,Current time 1681490488 44512748,driver.py,driver,56,"['/imu', '/rosout']"
1681490488.0709853,66560,1681490488,70758104,,2,/imu_driver,Current time 1681490488 69485664,driver.py,driver,56,"['/imu', '/rosout']"
1681490488.0964763,66561,1681490488,96073865,,2,/imu_driver,Current time 1681490488 94653606,driver.py,driver,56,"['/imu', '/rosout']"
1681490488.1217024,66562,1681490488,120887994,,2,/imu_driver,Current time 1681490488 119651556,driver.py,driver,56,"['/imu', '/rosout']"
1681490488.1462271,66563,1681490488,145565509,,2,/imu_driver,Current time 1681490488 144561052,driver.py,driver,56,"['/imu', '/rosout']"
1681490488.1709318,66564,1681490488,170305490,,2,/imu_driver,Current time 1681490488 169356584,driver.py,driver,56,"['/imu', '/rosout']"
1681490488.197277,66565,1681490488,196093320,,2,/imu_driver,Current time 1681490488 194771289,driver.py,driver,56,"['/imu', '/rosout']"
1681490488.2213,66566,1681490488,220612764,,2,/imu_driver,Current time 1681490488 219580888,driver.py,driver,56,"['/imu', '/rosout']"
1681490488.2460177,66567,1681490488,245424985,,2,/imu_driver,Current time 1681490488 244519710,driver.py,driver,56,"['/imu', '/rosout']"
1681490488.2710154,66568,1681490488,270321846,,2,/imu_driver,Current time 1681490488 269313097,driver.py,driver,56,"['/imu', '/rosout']"
1681490488.2958493,66569,1681490488,295195102,,2,/imu_driver,Current time 1681490488 294262409,driver.py,driver,56,"['/imu', '/rosout']"
1681490488.326657,66570,1681490488,324471235,,2,/imu_driver,Current time 1681490488 320003509,driver.py,driver,56,"['/imu', '/rosout']"
1681490488.3571312,66571,1681490488,356068611,,2,/imu_driver,Current time 1681490488 352618694,driver.py,driver,56,"['/imu', '/rosout']"
1681490488.3959527,66572,1681490488,388876438,,2,/imu_driver,Current time 1681490488 381724357,driver.py,driver,56,"['/imu', '/rosout']"
1681490488.400213,66573,1681490488,399714231,,2,/imu_driver,Current time 1681490488 398890972,driver.py,driver,56,"['/imu', '/rosout']"
1681490488.4204526,66574,1681490488,420062303,,2,/imu_driver,Current time 1681490488 419222593,driver.py,driver,56,"['/imu', '/rosout']"
1681490488.446396,66575,1681490488,445583820,,2,/imu_driver,Current time 1681490488 444250345,driver.py,driver,56,"['/imu', '/rosout']"
1681490488.4706397,66576,1681490488,470103263,,2,/imu_driver,Current time 1681490488 469178438,driver.py,driver,56,"['/imu', '/rosout']"
1681490488.4956343,66577,1681490488,495133399,,2,/imu_driver,Current time 1681490488 494184255,driver.py,driver,56,"['/imu', '/rosout']"
1681490488.5208678,66578,1681490488,520220041,,2,/imu_driver,Current time 1681490488 519206047,driver.py,driver,56,"['/imu', '/rosout']"
1681490488.5456893,66579,1681490488,545163631,,2,/imu_driver,Current time 1681490488 544229269,driver.py,driver,56,"['/imu', '/rosout']"
1681490488.5708601,66580,1681490488,570250511,,2,/imu_driver,Current time 1681490488 569090366,driver.py,driver,56,"['/imu', '/rosout']"
1681490488.5960753,66581,1681490488,595330953,,2,/imu_driver,Current time 1681490488 594057559,driver.py,driver,56,"['/imu', '/rosout']"
1681490488.6220982,66582,1681490488,621350049,,2,/imu_driver,Current time 1681490488 619987726,driver.py,driver,56,"['/imu', '/rosout']"
1681490488.6454928,66583,1681490488,645070314,,2,/imu_driver,Current time 1681490488 644101381,driver.py,driver,56,"['/imu', '/rosout']"
1681490488.6714857,66584,1681490488,670965194,,2,/imu_driver,Current time 1681490488 669881343,driver.py,driver,56,"['/imu', '/rosout']"
1681490488.6970592,66585,1681490488,696331024,,2,/imu_driver,Current time 1681490488 694973707,driver.py,driver,56,"['/imu', '/rosout']"
1681490488.7216387,66586,1681490488,721085548,,2,/imu_driver,Current time 1681490488 719928979,driver.py,driver,56,"['/imu', '/rosout']"
1681490488.7463021,66587,1681490488,746054887,,2,/imu_driver,Current time 1681490488 744998216,driver.py,driver,56,"['/imu', '/rosout']"
1681490488.7711937,66588,1681490488,770972490,,2,/imu_driver,Current time 1681490488 769933223,driver.py,driver,56,"['/imu', '/rosout']"
1681490488.796629,66589,1681490488,795881986,,2,/imu_driver,Current time 1681490488 794863939,driver.py,driver,56,"['/imu', '/rosout']"
1681490488.821201,66590,1681490488,820978879,,2,/imu_driver,Current time 1681490488 819952726,driver.py,driver,56,"['/imu', '/rosout']"
1681490488.8479218,66591,1681490488,847688913,,2,/imu_driver,Current time 1681490488 846485853,driver.py,driver,56,"['/imu', '/rosout']"
1681490488.8713396,66592,1681490488,871111154,,2,/imu_driver,Current time 1681490488 869954586,driver.py,driver,56,"['/imu', '/rosout']"
1681490488.895984,66593,1681490488,895788192,,2,/imu_driver,Current time 1681490488 894853591,driver.py,driver,56,"['/imu', '/rosout']"
1681490488.9210138,66594,1681490488,920816183,,2,/imu_driver,Current time 1681490488 919772863,driver.py,driver,56,"['/imu', '/rosout']"
1681490488.9476929,66595,1681490488,947444200,,2,/imu_driver,Current time 1681490488 946310043,driver.py,driver,56,"['/imu', '/rosout']"
1681490488.9711914,66596,1681490488,970891714,,2,/imu_driver,Current time 1681490488 969749450,driver.py,driver,56,"['/imu', '/rosout']"
1681490488.9959989,66597,1681490488,995741128,,2,/imu_driver,Current time 1681490488 994661808,driver.py,driver,56,"['/imu', '/rosout']"
1681490489.0216334,66598,1681490489,21160364,,2,/imu_driver,Current time 1681490489 19876718,driver.py,driver,56,"['/imu', '/rosout']"
1681490489.046694,66599,1681490489,45852899,,2,/imu_driver,Current time 1681490489 44862985,driver.py,driver,56,"['/imu', '/rosout']"
1681490489.0714562,66600,1681490489,70888042,,2,/imu_driver,Current time 1681490489 69748878,driver.py,driver,56,"['/imu', '/rosout']"
1681490489.096504,66601,1681490489,96149444,,2,/imu_driver,Current time 1681490489 94731807,driver.py,driver,56,"['/imu', '/rosout']"
1681490489.121341,66602,1681490489,120924234,,2,/imu_driver,Current time 1681490489 119670391,driver.py,driver,56,"['/imu', '/rosout']"
1681490489.146028,66603,1681490489,145676851,,2,/imu_driver,Current time 1681490489 144754409,driver.py,driver,56,"['/imu', '/rosout']"
1681490489.170978,66604,1681490489,170741081,,2,/imu_driver,Current time 1681490489 169649362,driver.py,driver,56,"['/imu', '/rosout']"
1681490489.1976905,66605,1681490489,197350978,,2,/imu_driver,Current time 1681490489 195730209,driver.py,driver,56,"['/imu', '/rosout']"
1681490489.2212467,66606,1681490489,220978975,,2,/imu_driver,Current time 1681490489 219689369,driver.py,driver,56,"['/imu', '/rosout']"
1681490489.2465281,66607,1681490489,246014833,,2,/imu_driver,Current time 1681490489 244670391,driver.py,driver,56,"['/imu', '/rosout']"
1681490489.2710724,66608,1681490489,270778179,,2,/imu_driver,Current time 1681490489 269518852,driver.py,driver,56,"['/imu', '/rosout']"
1681490489.3123796,66609,1681490489,310465335,,2,/imu_driver,Current time 1681490489 294818401,driver.py,driver,56,"['/imu', '/rosout']"
1681490489.3208156,66610,1681490489,320641994,,2,/imu_driver,Current time 1681490489 319535970,driver.py,driver,56,"['/imu', '/rosout']"
1681490489.3469865,66611,1681490489,346677780,,2,/imu_driver,Current time 1681490489 345318794,driver.py,driver,56,"['/imu', '/rosout']"
1681490489.372051,66612,1681490489,370516300,,2,/imu_driver,Current time 1681490489 369626283,driver.py,driver,56,"['/imu', '/rosout']"
1681490489.395685,66613,1681490489,395439624,,2,/imu_driver,Current time 1681490489 394540309,driver.py,driver,56,"['/imu', '/rosout']"
1681490489.420772,66614,1681490489,420486450,,2,/imu_driver,Current time 1681490489 419532299,driver.py,driver,56,"['/imu', '/rosout']"
1681490489.4458785,66615,1681490489,445544958,,2,/imu_driver,Current time 1681490489 444393634,driver.py,driver,56,"['/imu', '/rosout']"
1681490489.4706051,66616,1681490489,470413923,,2,/imu_driver,Current time 1681490489 469402074,driver.py,driver,56,"['/imu', '/rosout']"
1681490489.4957628,66617,1681490489,495464086,,2,/imu_driver,Current time 1681490489 494328498,driver.py,driver,56,"['/imu', '/rosout']"
1681490489.5205338,66618,1681490489,520370721,,2,/imu_driver,Current time 1681490489 519429683,driver.py,driver,56,"['/imu', '/rosout']"
1681490489.5453887,66619,1681490489,545272111,,2,/imu_driver,Current time 1681490489 544356346,driver.py,driver,56,"['/imu', '/rosout']"
1681490489.5705326,66620,1681490489,570388555,,2,/imu_driver,Current time 1681490489 569344758,driver.py,driver,56,"['/imu', '/rosout']"
1681490489.5979445,66621,1681490489,597459316,,2,/imu_driver,Current time 1681490489 596315145,driver.py,driver,56,"['/imu', '/rosout']"
1681490489.6209576,66622,1681490489,620414257,,2,/imu_driver,Current time 1681490489 619215250,driver.py,driver,56,"['/imu', '/rosout']"
1681490489.6455643,66623,1681490489,645222902,,2,/imu_driver,Current time 1681490489 644280672,driver.py,driver,56,"['/imu', '/rosout']"
1681490489.6708045,66624,1681490489,670338153,,2,/imu_driver,Current time 1681490489 669316530,driver.py,driver,56,"['/imu', '/rosout']"
1681490489.6962383,66625,1681490489,695748567,,2,/imu_driver,Current time 1681490489 694332838,driver.py,driver,56,"['/imu', '/rosout']"
1681490489.7207775,66626,1681490489,720274925,,2,/imu_driver,Current time 1681490489 719130277,driver.py,driver,56,"['/imu', '/rosout']"
1681490489.7455747,66627,1681490489,745252609,,2,/imu_driver,Current time 1681490489 744190216,driver.py,driver,56,"['/imu', '/rosout']"
1681490489.770465,66628,1681490489,770009040,,2,/imu_driver,Current time 1681490489 769045829,driver.py,driver,56,"['/imu', '/rosout']"
1681490489.7952335,66629,1681490489,794921398,,2,/imu_driver,Current time 1681490489 794033050,driver.py,driver,56,"['/imu', '/rosout']"
1681490489.8213384,66630,1681490489,821086645,,2,/imu_driver,Current time 1681490489 820025205,driver.py,driver,56,"['/imu', '/rosout']"
1681490489.8465188,66631,1681490489,845944166,,2,/imu_driver,Current time 1681490489 844396352,driver.py,driver,56,"['/imu', '/rosout']"
1681490489.8717303,66632,1681490489,871106147,,2,/imu_driver,Current time 1681490489 870052576,driver.py,driver,56,"['/imu', '/rosout']"
1681490489.8955104,66633,1681490489,895280122,,2,/imu_driver,Current time 1681490489 894308328,driver.py,driver,56,"['/imu', '/rosout']"
1681490489.921635,66634,1681490489,921111583,,2,/imu_driver,Current time 1681490489 919969081,driver.py,driver,56,"['/imu', '/rosout']"
1681490489.9463677,66635,1681490489,945920944,,2,/imu_driver,Current time 1681490489 944943666,driver.py,driver,56,"['/imu', '/rosout']"
1681490489.9723456,66636,1681490489,971483945,,2,/imu_driver,Current time 1681490489 970401525,driver.py,driver,56,"['/imu', '/rosout']"
1681490489.996551,66637,1681490489,996069908,,2,/imu_driver,Current time 1681490489 994893074,driver.py,driver,56,"['/imu', '/rosout']"
1681490490.0215569,66638,1681490490,21099328,,2,/imu_driver,Current time 1681490490 20036697,driver.py,driver,56,"['/imu', '/rosout']"
1681490490.0466478,66639,1681490490,46078920,,2,/imu_driver,Current time 1681490490 45023918,driver.py,driver,56,"['/imu', '/rosout']"
1681490490.071236,66640,1681490490,71039438,,2,/imu_driver,Current time 1681490490 70016145,driver.py,driver,56,"['/imu', '/rosout']"
1681490490.0973988,66641,1681490490,96442222,,2,/imu_driver,Current time 1681490490 94877243,driver.py,driver,56,"['/imu', '/rosout']"
1681490490.1214547,66642,1681490490,121180534,,2,/imu_driver,Current time 1681490490 119904041,driver.py,driver,56,"['/imu', '/rosout']"
1681490490.146673,66643,1681490490,145903825,,2,/imu_driver,Current time 1681490490 144895553,driver.py,driver,56,"['/imu', '/rosout']"
1681490490.171754,66644,1681490490,170988798,,2,/imu_driver,Current time 1681490490 169954299,driver.py,driver,56,"['/imu', '/rosout']"
1681490490.1971872,66645,1681490490,196437358,,2,/imu_driver,Current time 1681490490 194800376,driver.py,driver,56,"['/imu', '/rosout']"
1681490490.2283318,66646,1681490490,225175857,,2,/imu_driver,Current time 1681490490 220457315,driver.py,driver,56,"['/imu', '/rosout']"
1681490490.2507071,66647,1681490490,250076532,,2,/imu_driver,Current time 1681490490 248973369,driver.py,driver,56,"['/imu', '/rosout']"
1681490490.271807,66648,1681490490,270917892,,2,/imu_driver,Current time 1681490490 269774198,driver.py,driver,56,"['/imu', '/rosout']"
1681490490.2964206,66649,1681490490,295811414,,2,/imu_driver,Current time 1681490490 294822692,driver.py,driver,56,"['/imu', '/rosout']"
1681490490.3213284,66650,1681490490,320973873,,2,/imu_driver,Current time 1681490490 319787025,driver.py,driver,56,"['/imu', '/rosout']"
1681490490.34716,66651,1681490490,346414089,,2,/imu_driver,Current time 1681490490 345089673,driver.py,driver,56,"['/imu', '/rosout']"
1681490490.371594,66652,1681490490,370842933,,2,/imu_driver,Current time 1681490490 369716882,driver.py,driver,56,"['/imu', '/rosout']"
1681490490.3964968,66653,1681490490,395877122,,2,/imu_driver,Current time 1681490490 394738435,driver.py,driver,56,"['/imu', '/rosout']"
1681490490.4223173,66654,1681490490,421017646,,2,/imu_driver,Current time 1681490490 419782876,driver.py,driver,56,"['/imu', '/rosout']"
1681490490.446381,66655,1681490490,445943832,,2,/imu_driver,Current time 1681490490 444586277,driver.py,driver,56,"['/imu', '/rosout']"
1681490490.47133,66656,1681490490,470680713,,2,/imu_driver,Current time 1681490490 469657659,driver.py,driver,56,"['/imu', '/rosout']"
1681490490.4966135,66657,1681490490,495737552,,2,/imu_driver,Current time 1681490490 494514703,driver.py,driver,56,"['/imu', '/rosout']"
1681490490.521274,66658,1681490490,520650148,,2,/imu_driver,Current time 1681490490 519623994,driver.py,driver,56,"['/imu', '/rosout']"
1681490490.5460267,66659,1681490490,545515298,,2,/imu_driver,Current time 1681490490 544620275,driver.py,driver,56,"['/imu', '/rosout']"
1681490490.5709493,66660,1681490490,570639371,,2,/imu_driver,Current time 1681490490 569667339,driver.py,driver,56,"['/imu', '/rosout']"
1681490490.5962424,66661,1681490490,595867872,,2,/imu_driver,Current time 1681490490 594526767,driver.py,driver,56,"['/imu', '/rosout']"
1681490490.622475,66662,1681490490,621261835,,2,/imu_driver,Current time 1681490490 619905471,driver.py,driver,56,"['/imu', '/rosout']"
1681490490.6456795,66663,1681490490,645395278,,2,/imu_driver,Current time 1681490490 644425868,driver.py,driver,56,"['/imu', '/rosout']"
1681490490.6709697,66664,1681490490,670718193,,2,/imu_driver,Current time 1681490490 669605493,driver.py,driver,56,"['/imu', '/rosout']"
1681490490.69631,66665,1681490490,696023225,,2,/imu_driver,Current time 1681490490 694654464,driver.py,driver,56,"['/imu', '/rosout']"
1681490490.7217128,66666,1681490490,721412181,,2,/imu_driver,Current time 1681490490 719532251,driver.py,driver,56,"['/imu', '/rosout']"
1681490490.7456577,66667,1681490490,745401859,,2,/imu_driver,Current time 1681490490 744388103,driver.py,driver,56,"['/imu', '/rosout']"
1681490490.7705834,66668,1681490490,770380973,,2,/imu_driver,Current time 1681490490 769462108,driver.py,driver,56,"['/imu', '/rosout']"
1681490490.7954874,66669,1681490490,795330286,,2,/imu_driver,Current time 1681490490 794438123,driver.py,driver,56,"['/imu', '/rosout']"
1681490490.820761,66670,1681490490,820324420,,2,/imu_driver,Current time 1681490490 819340467,driver.py,driver,56,"['/imu', '/rosout']"
1681490490.846907,66671,1681490490,845806598,,2,/imu_driver,Current time 1681490490 844331264,driver.py,driver,56,"['/imu', '/rosout']"
1681490490.8708158,66672,1681490490,870412111,,2,/imu_driver,Current time 1681490490 869366645,driver.py,driver,56,"['/imu', '/rosout']"
1681490490.8957648,66673,1681490490,895310640,,2,/imu_driver,Current time 1681490490 894329071,driver.py,driver,56,"['/imu', '/rosout']"
1681490490.9209766,66674,1681490490,920479059,,2,/imu_driver,Current time 1681490490 919377326,driver.py,driver,56,"['/imu', '/rosout']"
1681490490.946667,66675,1681490490,945846796,,2,/imu_driver,Current time 1681490490 944343805,driver.py,driver,56,"['/imu', '/rosout']"
1681490490.9706302,66676,1681490490,970227003,,2,/imu_driver,Current time 1681490490 969249010,driver.py,driver,56,"['/imu', '/rosout']"
1681490490.996205,66677,1681490490,995310306,,2,/imu_driver,Current time 1681490490 994322061,driver.py,driver,56,"['/imu', '/rosout']"
1681490491.0215042,66678,1681490491,21274089,,2,/imu_driver,Current time 1681490491 20303964,driver.py,driver,56,"['/imu', '/rosout']"
1681490491.0457122,66679,1681490491,45395135,,2,/imu_driver,Current time 1681490491 44228792,driver.py,driver,56,"['/imu', '/rosout']"
1681490491.0708985,66680,1681490491,70315122,,2,/imu_driver,Current time 1681490491 69234848,driver.py,driver,56,"['/imu', '/rosout']"
1681490491.0974555,66681,1681490491,96603393,,2,/imu_driver,Current time 1681490491 94735622,driver.py,driver,56,"['/imu', '/rosout']"
1681490491.1222508,66682,1681490491,121440410,,2,/imu_driver,Current time 1681490491 120059251,driver.py,driver,56,"['/imu', '/rosout']"
1681490491.1466305,66683,1681490491,146183252,,2,/imu_driver,Current time 1681490491 145186185,driver.py,driver,56,"['/imu', '/rosout']"
1681490491.1719456,66684,1681490491,171277523,,2,/imu_driver,Current time 1681490491 170108318,driver.py,driver,56,"['/imu', '/rosout']"
1681490491.1958947,66685,1681490491,195369243,,2,/imu_driver,Current time 1681490491 194100379,driver.py,driver,56,"['/imu', '/rosout']"
1681490491.2216833,66686,1681490491,221223592,,2,/imu_driver,Current time 1681490491 220115661,driver.py,driver,56,"['/imu', '/rosout']"
1681490491.2466934,66687,1681490491,246221065,,2,/imu_driver,Current time 1681490491 245076894,driver.py,driver,56,"['/imu', '/rosout']"
1681490491.2712975,66688,1681490491,270897626,,2,/imu_driver,Current time 1681490491 269889354,driver.py,driver,56,"['/imu', '/rosout']"
1681490491.2963374,66689,1681490491,295853614,,2,/imu_driver,Current time 1681490491 294841051,driver.py,driver,56,"['/imu', '/rosout']"
1681490491.3216567,66690,1681490491,321114063,,2,/imu_driver,Current time 1681490491 320025682,driver.py,driver,56,"['/imu', '/rosout']"
1681490491.3486936,66691,1681490491,348174810,,2,/imu_driver,Current time 1681490491 346900701,driver.py,driver,56,"['/imu', '/rosout']"
1681490491.372196,66692,1681490491,371488094,,2,/imu_driver,Current time 1681490491 370285987,driver.py,driver,56,"['/imu', '/rosout']"
1681490491.3965182,66693,1681490491,396017313,,2,/imu_driver,Current time 1681490491 394956350,driver.py,driver,56,"['/imu', '/rosout']"
1681490491.4215405,66694,1681490491,421117067,,2,/imu_driver,Current time 1681490491 419966220,driver.py,driver,56,"['/imu', '/rosout']"
1681490491.4612105,66695,1681490491,460910797,,2,/imu_driver,Current time 1681490491 459406614,driver.py,driver,56,"['/imu', '/rosout']"
1681490491.4727614,66696,1681490491,471533298,,2,/imu_driver,Current time 1681490491 470044136,driver.py,driver,56,"['/imu', '/rosout']"
1681490491.4981368,66697,1681490491,497232437,,2,/imu_driver,Current time 1681490491 495002508,driver.py,driver,56,"['/imu', '/rosout']"
1681490491.5212977,66698,1681490491,520956516,,2,/imu_driver,Current time 1681490491 519822120,driver.py,driver,56,"['/imu', '/rosout']"
1681490491.5465763,66699,1681490491,546243190,,2,/imu_driver,Current time 1681490491 544984579,driver.py,driver,56,"['/imu', '/rosout']"
1681490491.5713468,66700,1681490491,570935964,,2,/imu_driver,Current time 1681490491 569769382,driver.py,driver,56,"['/imu', '/rosout']"
1681490491.5977964,66701,1681490491,597350597,,2,/imu_driver,Current time 1681490491 595060110,driver.py,driver,56,"['/imu', '/rosout']"
1681490491.6212702,66702,1681490491,620924472,,2,/imu_driver,Current time 1681490491 619810819,driver.py,driver,56,"['/imu', '/rosout']"
1681490491.6478076,66703,1681490491,647312164,,2,/imu_driver,Current time 1681490491 646136522,driver.py,driver,56,"['/imu', '/rosout']"
1681490491.6713216,66704,1681490491,670915603,,2,/imu_driver,Current time 1681490491 669739961,driver.py,driver,56,"['/imu', '/rosout']"
1681490491.696183,66705,1681490491,695736408,,2,/imu_driver,Current time 1681490491 694790363,driver.py,driver,56,"['/imu', '/rosout']"
1681490491.7212021,66706,1681490491,720945596,,2,/imu_driver,Current time 1681490491 719731569,driver.py,driver,56,"['/imu', '/rosout']"
1681490491.7508354,66707,1681490491,746390819,,2,/imu_driver,Current time 1681490491 745009183,driver.py,driver,56,"['/imu', '/rosout']"
1681490491.7712784,66708,1681490491,770662307,,2,/imu_driver,Current time 1681490491 769713640,driver.py,driver,56,"['/imu', '/rosout']"
1681490491.7960382,66709,1681490491,795767307,,2,/imu_driver,Current time 1681490491 794729709,driver.py,driver,56,"['/imu', '/rosout']"
1681490491.8216512,66710,1681490491,820993423,,2,/imu_driver,Current time 1681490491 819873571,driver.py,driver,56,"['/imu', '/rosout']"
1681490491.846868,66711,1681490491,846296548,,2,/imu_driver,Current time 1681490491 844616413,driver.py,driver,56,"['/imu', '/rosout']"
1681490491.8714187,66712,1681490491,870607614,,2,/imu_driver,Current time 1681490491 869687795,driver.py,driver,56,"['/imu', '/rosout']"
1681490491.8963525,66713,1681490491,895578622,,2,/imu_driver,Current time 1681490491 894624233,driver.py,driver,56,"['/imu', '/rosout']"
1681490491.921369,66714,1681490491,920766115,,2,/imu_driver,Current time 1681490491 919543266,driver.py,driver,56,"['/imu', '/rosout']"
1681490491.9459572,66715,1681490491,945474863,,2,/imu_driver,Current time 1681490491 944555997,driver.py,driver,56,"['/imu', '/rosout']"
1681490491.971068,66716,1681490491,970578908,,2,/imu_driver,Current time 1681490491 969471216,driver.py,driver,56,"['/imu', '/rosout']"
1681490491.996352,66717,1681490491,996047496,,2,/imu_driver,Current time 1681490491 994715452,driver.py,driver,56,"['/imu', '/rosout']"
1681490492.0213487,66718,1681490492,20889520,,2,/imu_driver,Current time 1681490492 19790410,driver.py,driver,56,"['/imu', '/rosout']"
1681490492.0456293,66719,1681490492,45403718,,2,/imu_driver,Current time 1681490492 44432878,driver.py,driver,56,"['/imu', '/rosout']"
1681490492.0707588,66720,1681490492,70547819,,2,/imu_driver,Current time 1681490492 69527149,driver.py,driver,56,"['/imu', '/rosout']"
1681490492.0960162,66721,1681490492,95692396,,2,/imu_driver,Current time 1681490492 94412088,driver.py,driver,56,"['/imu', '/rosout']"
1681490492.1224508,66722,1681490492,122136354,,2,/imu_driver,Current time 1681490492 120847702,driver.py,driver,56,"['/imu', '/rosout']"
1681490492.146594,66723,1681490492,145663261,,2,/imu_driver,Current time 1681490492 144397497,driver.py,driver,56,"['/imu', '/rosout']"
1681490492.1823308,66724,1681490492,182166814,,2,/imu_driver,Current time 1681490492 180971622,driver.py,driver,56,"['/imu', '/rosout']"
1681490492.1956356,66725,1681490492,195374965,,2,/imu_driver,Current time 1681490492 194439411,driver.py,driver,56,"['/imu', '/rosout']"
1681490492.2206497,66726,1681490492,220432996,,2,/imu_driver,Current time 1681490492 219318628,driver.py,driver,56,"['/imu', '/rosout']"
1681490492.246467,66727,1681490492,246017456,,2,/imu_driver,Current time 1681490492 244414091,driver.py,driver,56,"['/imu', '/rosout']"
1681490492.2705128,66728,1681490492,270311117,,2,/imu_driver,Current time 1681490492 269216299,driver.py,driver,56,"['/imu', '/rosout']"
1681490492.295368,66729,1681490492,295123338,,2,/imu_driver,Current time 1681490492 294213771,driver.py,driver,56,"['/imu', '/rosout']"
1681490492.3206086,66730,1681490492,320370435,,2,/imu_driver,Current time 1681490492 319398641,driver.py,driver,56,"['/imu', '/rosout']"
1681490492.3492804,66731,1681490492,349027633,,2,/imu_driver,Current time 1681490492 344567298,driver.py,driver,56,"['/imu', '/rosout']"
1681490492.3711126,66732,1681490492,370489120,,2,/imu_driver,Current time 1681490492 369266271,driver.py,driver,56,"['/imu', '/rosout']"
1681490492.3974087,66733,1681490492,395358562,,2,/imu_driver,Current time 1681490492 394175767,driver.py,driver,56,"['/imu', '/rosout']"
1681490492.4210484,66734,1681490492,420859575,,2,/imu_driver,Current time 1681490492 420038461,driver.py,driver,56,"['/imu', '/rosout']"
1681490492.445429,66735,1681490492,445248842,,2,/imu_driver,Current time 1681490492 444222450,driver.py,driver,56,"['/imu', '/rosout']"
1681490492.471226,66736,1681490492,471064329,,2,/imu_driver,Current time 1681490492 470035791,driver.py,driver,56,"['/imu', '/rosout']"
1681490492.4968076,66737,1681490492,495623111,,2,/imu_driver,Current time 1681490492 494080543,driver.py,driver,56,"['/imu', '/rosout']"
1681490492.5214424,66738,1681490492,521138668,,2,/imu_driver,Current time 1681490492 520142555,driver.py,driver,56,"['/imu', '/rosout']"
1681490492.5462832,66739,1681490492,546034336,,2,/imu_driver,Current time 1681490492 544981479,driver.py,driver,56,"['/imu', '/rosout']"
1681490492.5719733,66740,1681490492,571188688,,2,/imu_driver,Current time 1681490492 570108652,driver.py,driver,56,"['/imu', '/rosout']"
1681490492.598103,66741,1681490492,596351146,,2,/imu_driver,Current time 1681490492 595049619,driver.py,driver,56,"['/imu', '/rosout']"
1681490492.6232681,66742,1681490492,622473716,,2,/imu_driver,Current time 1681490492 621179342,driver.py,driver,56,"['/imu', '/rosout']"
1681490492.646085,66743,1681490492,645649194,,2,/imu_driver,Current time 1681490492 644103527,driver.py,driver,56,"['/imu', '/rosout']"
1681490492.6713643,66744,1681490492,671206951,,2,/imu_driver,Current time 1681490492 670000314,driver.py,driver,56,"['/imu', '/rosout']"
1681490492.696318,66745,1681490492,696066856,,2,/imu_driver,Current time 1681490492 694926023,driver.py,driver,56,"['/imu', '/rosout']"
1681490492.7212975,66746,1681490492,721134185,,2,/imu_driver,Current time 1681490492 720000267,driver.py,driver,56,"['/imu', '/rosout']"
1681490492.7473736,66747,1681490492,746392726,,2,/imu_driver,Current time 1681490492 744917154,driver.py,driver,56,"['/imu', '/rosout']"
1681490492.7711759,66748,1681490492,770945310,,2,/imu_driver,Current time 1681490492 769902944,driver.py,driver,56,"['/imu', '/rosout']"
1681490492.796077,66749,1681490492,795890569,,2,/imu_driver,Current time 1681490492 794861316,driver.py,driver,56,"['/imu', '/rosout']"
1681490492.8222764,66750,1681490492,821504831,,2,/imu_driver,Current time 1681490492 820081949,driver.py,driver,56,"['/imu', '/rosout']"
1681490492.8491445,66751,1681490492,848626852,,2,/imu_driver,Current time 1681490492 844932556,driver.py,driver,56,"['/imu', '/rosout']"
1681490492.8711057,66752,1681490492,870924711,,2,/imu_driver,Current time 1681490492 869784832,driver.py,driver,56,"['/imu', '/rosout']"
1681490492.8962085,66753,1681490492,896008014,,2,/imu_driver,Current time 1681490492 894866466,driver.py,driver,56,"['/imu', '/rosout']"
1681490492.9211364,66754,1681490492,920935630,,2,/imu_driver,Current time 1681490492 919915437,driver.py,driver,56,"['/imu', '/rosout']"
1681490492.9463723,66755,1681490492,946124315,,2,/imu_driver,Current time 1681490492 945138692,driver.py,driver,56,"['/imu', '/rosout']"
1681490492.971054,66756,1681490492,970797538,,2,/imu_driver,Current time 1681490492 969819307,driver.py,driver,56,"['/imu', '/rosout']"
1681490492.9980702,66757,1681490492,997598648,,2,/imu_driver,Current time 1681490492 996339082,driver.py,driver,56,"['/imu', '/rosout']"
1681490493.0215962,66758,1681490493,20920038,,2,/imu_driver,Current time 1681490493 19707202,driver.py,driver,56,"['/imu', '/rosout']"
1681490493.046023,66759,1681490493,45777559,,2,/imu_driver,Current time 1681490493 44759988,driver.py,driver,56,"['/imu', '/rosout']"
1681490493.0713665,66760,1681490493,70726633,,2,/imu_driver,Current time 1681490493 69772243,driver.py,driver,56,"['/imu', '/rosout']"
1681490493.0988839,66761,1681490493,98207950,,2,/imu_driver,Current time 1681490493 94669342,driver.py,driver,56,"['/imu', '/rosout']"
1681490493.121863,66762,1681490493,121190071,,2,/imu_driver,Current time 1681490493 119610548,driver.py,driver,56,"['/imu', '/rosout']"
1681490493.1501558,66763,1681490493,149882555,,2,/imu_driver,Current time 1681490493 144756078,driver.py,driver,56,"['/imu', '/rosout']"
1681490493.171209,66764,1681490493,170690774,,2,/imu_driver,Current time 1681490493 169651508,driver.py,driver,56,"['/imu', '/rosout']"
1681490493.1959946,66765,1681490493,195719480,,2,/imu_driver,Current time 1681490493 194665908,driver.py,driver,56,"['/imu', '/rosout']"
1681490493.221058,66766,1681490493,220642328,,2,/imu_driver,Current time 1681490493 219593286,driver.py,driver,56,"['/imu', '/rosout']"
1681490493.2489924,66767,1681490493,248761892,,2,/imu_driver,Current time 1681490493 247554779,driver.py,driver,56,"['/imu', '/rosout']"
1681490493.2708476,66768,1681490493,270610570,,2,/imu_driver,Current time 1681490493 269525527,driver.py,driver,56,"['/imu', '/rosout']"
1681490493.2956836,66769,1681490493,295470476,,2,/imu_driver,Current time 1681490493 294598102,driver.py,driver,56,"['/imu', '/rosout']"
1681490493.3210895,66770,1681490493,320849418,,2,/imu_driver,Current time 1681490493 319603443,driver.py,driver,56,"['/imu', '/rosout']"
1681490493.346555,66771,1681490493,346220970,,2,/imu_driver,Current time 1681490493 344857931,driver.py,driver,56,"['/imu', '/rosout']"
1681490493.3712935,66772,1681490493,370604038,,2,/imu_driver,Current time 1681490493 369500637,driver.py,driver,56,"['/imu', '/rosout']"
1681490493.3971772,66773,1681490493,395790338,,2,/imu_driver,Current time 1681490493 394491195,driver.py,driver,56,"['/imu', '/rosout']"
1681490493.420767,66774,1681490493,420546054,,2,/imu_driver,Current time 1681490493 419687509,driver.py,driver,56,"['/imu', '/rosout']"
1681490493.445725,66775,1681490493,445427656,,2,/imu_driver,Current time 1681490493 444429159,driver.py,driver,56,"['/imu', '/rosout']"
1681490493.4707391,66776,1681490493,470449209,,2,/imu_driver,Current time 1681490493 469460248,driver.py,driver,56,"['/imu', '/rosout']"
1681490493.4960716,66777,1681490493,495750188,,2,/imu_driver,Current time 1681490493 494431972,driver.py,driver,56,"['/imu', '/rosout']"
1681490493.52108,66778,1681490493,520803213,,2,/imu_driver,Current time 1681490493 519631147,driver.py,driver,56,"['/imu', '/rosout']"
1681490493.54593,66779,1681490493,545376777,,2,/imu_driver,Current time 1681490493 544370889,driver.py,driver,56,"['/imu', '/rosout']"
1681490493.5712175,66780,1681490493,570578336,,2,/imu_driver,Current time 1681490493 569441080,driver.py,driver,56,"['/imu', '/rosout']"
1681490493.5961914,66781,1681490493,595520019,,2,/imu_driver,Current time 1681490493 594465732,driver.py,driver,56,"['/imu', '/rosout']"
1681490493.6208189,66782,1681490493,620425462,,2,/imu_driver,Current time 1681490493 619309663,driver.py,driver,56,"['/imu', '/rosout']"
1681490493.6461415,66783,1681490493,645415306,,2,/imu_driver,Current time 1681490493 644222736,driver.py,driver,56,"['/imu', '/rosout']"
1681490493.6705968,66784,1681490493,670266151,,2,/imu_driver,Current time 1681490493 669328927,driver.py,driver,56,"['/imu', '/rosout']"
1681490493.6955578,66785,1681490493,695281744,,2,/imu_driver,Current time 1681490493 694287300,driver.py,driver,56,"['/imu', '/rosout']"
1681490493.7229462,66786,1681490493,721600532,,2,/imu_driver,Current time 1681490493 719889879,driver.py,driver,56,"['/imu', '/rosout']"
1681490493.7483106,66787,1681490493,747083663,,2,/imu_driver,Current time 1681490493 744737386,driver.py,driver,56,"['/imu', '/rosout']"
1681490493.7709668,66788,1681490493,770650863,,2,/imu_driver,Current time 1681490493 769356966,driver.py,driver,56,"['/imu', '/rosout']"
1681490493.7963295,66789,1681490493,795493602,,2,/imu_driver,Current time 1681490493 794325351,driver.py,driver,56,"['/imu', '/rosout']"
1681490493.821065,66790,1681490493,820755004,,2,/imu_driver,Current time 1681490493 819541454,driver.py,driver,56,"['/imu', '/rosout']"
1681490493.8464303,66791,1681490493,845974922,,2,/imu_driver,Current time 1681490493 844419002,driver.py,driver,56,"['/imu', '/rosout']"
1681490493.8724914,66792,1681490493,871847152,,2,/imu_driver,Current time 1681490493 870475769,driver.py,driver,56,"['/imu', '/rosout']"
1681490493.8969002,66793,1681490493,895676374,,2,/imu_driver,Current time 1681490493 894153118,driver.py,driver,56,"['/imu', '/rosout']"
1681490493.9217713,66794,1681490493,921341657,,2,/imu_driver,Current time 1681490493 920257091,driver.py,driver,56,"['/imu', '/rosout']"
1681490493.947465,66795,1681490493,946763515,,2,/imu_driver,Current time 1681490493 945641279,driver.py,driver,56,"['/imu', '/rosout']"
1681490493.9714253,66796,1681490493,970969915,,2,/imu_driver,Current time 1681490493 970004558,driver.py,driver,56,"['/imu', '/rosout']"
1681490493.9971552,66797,1681490493,996541738,,2,/imu_driver,Current time 1681490493 995385408,driver.py,driver,56,"['/imu', '/rosout']"
1681490494.0219295,66798,1681490494,21189212,,2,/imu_driver,Current time 1681490494 20190477,driver.py,driver,56,"['/imu', '/rosout']"
1681490494.0468566,66799,1681490494,46353101,,2,/imu_driver,Current time 1681490494 45172691,driver.py,driver,56,"['/imu', '/rosout']"
1681490494.0713987,66800,1681490494,71084737,,2,/imu_driver,Current time 1681490494 70096015,driver.py,driver,56,"['/imu', '/rosout']"
1681490494.0970604,66801,1681490494,96331119,,2,/imu_driver,Current time 1681490494 95206499,driver.py,driver,56,"['/imu', '/rosout']"
1681490494.1219785,66802,1681490494,121233224,,2,/imu_driver,Current time 1681490494 119945049,driver.py,driver,56,"['/imu', '/rosout']"
1681490494.146919,66803,1681490494,146566152,,2,/imu_driver,Current time 1681490494 144944190,driver.py,driver,56,"['/imu', '/rosout']"
1681490494.1720154,66804,1681490494,171396970,,2,/imu_driver,Current time 1681490494 170075893,driver.py,driver,56,"['/imu', '/rosout']"
1681490494.1966503,66805,1681490494,196091651,,2,/imu_driver,Current time 1681490494 194948434,driver.py,driver,56,"['/imu', '/rosout']"
1681490494.221536,66806,1681490494,221047401,,2,/imu_driver,Current time 1681490494 220027208,driver.py,driver,56,"['/imu', '/rosout']"
1681490494.2504401,66807,1681490494,249669551,,2,/imu_driver,Current time 1681490494 248401641,driver.py,driver,56,"['/imu', '/rosout']"
1681490494.2715359,66808,1681490494,270991325,,2,/imu_driver,Current time 1681490494 269948959,driver.py,driver,56,"['/imu', '/rosout']"
1681490494.296357,66809,1681490494,295892953,,2,/imu_driver,Current time 1681490494 294876575,driver.py,driver,56,"['/imu', '/rosout']"
1681490494.3212833,66810,1681490494,320965051,,2,/imu_driver,Current time 1681490494 319864749,driver.py,driver,56,"['/imu', '/rosout']"
1681490494.3463733,66811,1681490494,345918416,,2,/imu_driver,Current time 1681490494 344877243,driver.py,driver,56,"['/imu', '/rosout']"
1681490494.3714843,66812,1681490494,370868682,,2,/imu_driver,Current time 1681490494 369835376,driver.py,driver,56,"['/imu', '/rosout']"
1681490494.3987596,66813,1681490494,398441076,,2,/imu_driver,Current time 1681490494 395143508,driver.py,driver,56,"['/imu', '/rosout']"
1681490494.4230406,66814,1681490494,422252178,,2,/imu_driver,Current time 1681490494 420365810,driver.py,driver,56,"['/imu', '/rosout']"
1681490494.446278,66815,1681490494,445830583,,2,/imu_driver,Current time 1681490494 444849014,driver.py,driver,56,"['/imu', '/rosout']"
1681490494.471405,66816,1681490494,470827817,,2,/imu_driver,Current time 1681490494 469782352,driver.py,driver,56,"['/imu', '/rosout']"
1681490494.49675,66817,1681490494,496033430,,2,/imu_driver,Current time 1681490494 494659900,driver.py,driver,56,"['/imu', '/rosout']"
1681490494.5210288,66818,1681490494,520757913,,2,/imu_driver,Current time 1681490494 519757986,driver.py,driver,56,"['/imu', '/rosout']"
1681490494.546298,66819,1681490494,545710802,,2,/imu_driver,Current time 1681490494 544758081,driver.py,driver,56,"['/imu', '/rosout']"
1681490494.5713782,66820,1681490494,570816993,,2,/imu_driver,Current time 1681490494 569685220,driver.py,driver,56,"['/imu', '/rosout']"
1681490494.596001,66821,1681490494,595750570,,2,/imu_driver,Current time 1681490494 594671726,driver.py,driver,56,"['/imu', '/rosout']"
1681490494.6211085,66822,1681490494,620810270,,2,/imu_driver,Current time 1681490494 619502782,driver.py,driver,56,"['/imu', '/rosout']"
1681490494.6475828,66823,1681490494,646956443,,2,/imu_driver,Current time 1681490494 645318508,driver.py,driver,56,"['/imu', '/rosout']"
1681490494.670891,66824,1681490494,670643568,,2,/imu_driver,Current time 1681490494 669558525,driver.py,driver,56,"['/imu', '/rosout']"
1681490494.6964152,66825,1681490494,695669174,,2,/imu_driver,Current time 1681490494 694628953,driver.py,driver,56,"['/imu', '/rosout']"
1681490494.7212148,66826,1681490494,720634222,,2,/imu_driver,Current time 1681490494 719638347,driver.py,driver,56,"['/imu', '/rosout']"
1681490494.7463837,66827,1681490494,746136426,,2,/imu_driver,Current time 1681490494 744798898,driver.py,driver,56,"['/imu', '/rosout']"
1681490494.77088,66828,1681490494,770688056,,2,/imu_driver,Current time 1681490494 769480466,driver.py,driver,56,"['/imu', '/rosout']"
1681490494.7956913,66829,1681490494,795528888,,2,/imu_driver,Current time 1681490494 794608831,driver.py,driver,56,"['/imu', '/rosout']"
1681490494.8208835,66830,1681490494,820511341,,2,/imu_driver,Current time 1681490494 819462537,driver.py,driver,56,"['/imu', '/rosout']"
1681490494.8458831,66831,1681490494,845562219,,2,/imu_driver,Current time 1681490494 844615697,driver.py,driver,56,"['/imu', '/rosout']"
1681490494.8708372,66832,1681490494,870673179,,2,/imu_driver,Current time 1681490494 869591951,driver.py,driver,56,"['/imu', '/rosout']"
1681490494.89735,66833,1681490494,897005558,,2,/imu_driver,Current time 1681490494 894311904,driver.py,driver,56,"['/imu', '/rosout']"
1681490494.9209175,66834,1681490494,920528888,,2,/imu_driver,Current time 1681490494 919316291,driver.py,driver,56,"['/imu', '/rosout']"
1681490494.9462235,66835,1681490494,945835590,,2,/imu_driver,Current time 1681490494 944466352,driver.py,driver,56,"['/imu', '/rosout']"
1681490494.9718537,66836,1681490494,971140623,,2,/imu_driver,Current time 1681490494 969700574,driver.py,driver,56,"['/imu', '/rosout']"
1681490495.0009124,66837,1681490495,43869,,2,/imu_driver,Current time 1681490494 994828224,driver.py,driver,56,"['/imu', '/rosout']"
1681490495.0213757,66838,1681490495,20672082,,2,/imu_driver,Current time 1681490495 19356012,driver.py,driver,56,"['/imu', '/rosout']"
1681490495.0458016,66839,1681490495,45475721,,2,/imu_driver,Current time 1681490495 44319391,driver.py,driver,56,"['/imu', '/rosout']"
1681490495.0719323,66840,1681490495,71363687,,2,/imu_driver,Current time 1681490495 70274353,driver.py,driver,56,"['/imu', '/rosout']"
1681490495.095817,66841,1681490495,95413446,,2,/imu_driver,Current time 1681490495 94434738,driver.py,driver,56,"['/imu', '/rosout']"
1681490495.12195,66842,1681490495,121137380,,2,/imu_driver,Current time 1681490495 119903802,driver.py,driver,56,"['/imu', '/rosout']"
1681490495.1474404,66843,1681490495,146456718,,2,/imu_driver,Current time 1681490495 145099163,driver.py,driver,56,"['/imu', '/rosout']"
1681490495.1713848,66844,1681490495,171144723,,2,/imu_driver,Current time 1681490495 170095920,driver.py,driver,56,"['/imu', '/rosout']"
1681490495.196525,66845,1681490495,196026563,,2,/imu_driver,Current time 1681490495 195070028,driver.py,driver,56,"['/imu', '/rosout']"
1681490495.221834,66846,1681490495,221090078,,2,/imu_driver,Current time 1681490495 220002889,driver.py,driver,56,"['/imu', '/rosout']"
1681490495.247096,66847,1681490495,246482133,,2,/imu_driver,Current time 1681490495 245093584,driver.py,driver,56,"['/imu', '/rosout']"
1681490495.2717206,66848,1681490495,271125078,,2,/imu_driver,Current time 1681490495 270124435,driver.py,driver,56,"['/imu', '/rosout']"
1681490495.2970774,66849,1681490495,295964002,,2,/imu_driver,Current time 1681490495 294965744,driver.py,driver,56,"['/imu', '/rosout']"
1681490495.3215997,66850,1681490495,321018457,,2,/imu_driver,Current time 1681490495 319943428,driver.py,driver,56,"['/imu', '/rosout']"
1681490495.3463411,66851,1681490495,346022844,,2,/imu_driver,Current time 1681490495 344927549,driver.py,driver,56,"['/imu', '/rosout']"
1681490495.3720338,66852,1681490495,371059179,,2,/imu_driver,Current time 1681490495 369999647,driver.py,driver,56,"['/imu', '/rosout']"
1681490495.3971148,66853,1681490495,396513462,,2,/imu_driver,Current time 1681490495 394907236,driver.py,driver,56,"['/imu', '/rosout']"
1681490495.421565,66854,1681490495,420989751,,2,/imu_driver,Current time 1681490495 419958353,driver.py,driver,56,"['/imu', '/rosout']"
1681490495.4463992,66855,1681490495,445930957,,2,/imu_driver,Current time 1681490495 444891452,driver.py,driver,56,"['/imu', '/rosout']"
1681490495.4715812,66856,1681490495,471081733,,2,/imu_driver,Current time 1681490495 470042943,driver.py,driver,56,"['/imu', '/rosout']"
1681490495.4965246,66857,1681490495,496272087,,2,/imu_driver,Current time 1681490495 494973182,driver.py,driver,56,"['/imu', '/rosout']"
1681490495.5215952,66858,1681490495,521071195,,2,/imu_driver,Current time 1681490495 519867420,driver.py,driver,56,"['/imu', '/rosout']"
1681490495.5487783,66859,1681490495,546073436,,2,/imu_driver,Current time 1681490495 544840097,driver.py,driver,56,"['/imu', '/rosout']"
1681490495.571264,66860,1681490495,570726633,,2,/imu_driver,Current time 1681490495 569766998,driver.py,driver,56,"['/imu', '/rosout']"
1681490495.5962336,66861,1681490495,595839023,,2,/imu_driver,Current time 1681490495 594909191,driver.py,driver,56,"['/imu', '/rosout']"
1681490495.6214128,66862,1681490495,620753049,,2,/imu_driver,Current time 1681490495 619728088,driver.py,driver,56,"['/imu', '/rosout']"
1681490495.6484027,66863,1681490495,646704912,,2,/imu_driver,Current time 1681490495 645045757,driver.py,driver,56,"['/imu', '/rosout']"
1681490495.6712828,66864,1681490495,670860290,,2,/imu_driver,Current time 1681490495 669750690,driver.py,driver,56,"['/imu', '/rosout']"
1681490495.6965332,66865,1681490495,695953130,,2,/imu_driver,Current time 1681490495 694908142,driver.py,driver,56,"['/imu', '/rosout']"
1681490495.7215471,66866,1681490495,721323728,,2,/imu_driver,Current time 1681490495 720164537,driver.py,driver,56,"['/imu', '/rosout']"
1681490495.74772,66867,1681490495,746943950,,2,/imu_driver,Current time 1681490495 745647907,driver.py,driver,56,"['/imu', '/rosout']"
1681490495.771153,66868,1681490495,770789861,,2,/imu_driver,Current time 1681490495 769644260,driver.py,driver,56,"['/imu', '/rosout']"
1681490495.7979567,66869,1681490495,796948909,,2,/imu_driver,Current time 1681490495 794557332,driver.py,driver,56,"['/imu', '/rosout']"
1681490495.8211942,66870,1681490495,820809125,,2,/imu_driver,Current time 1681490495 819820404,driver.py,driver,56,"['/imu', '/rosout']"
1681490495.8460937,66871,1681490495,845604181,,2,/imu_driver,Current time 1681490495 844691276,driver.py,driver,56,"['/imu', '/rosout']"
1681490495.8709033,66872,1681490495,870643138,,2,/imu_driver,Current time 1681490495 869742393,driver.py,driver,56,"['/imu', '/rosout']"
1681490495.899242,66873,1681490495,898933172,,2,/imu_driver,Current time 1681490495 897818326,driver.py,driver,56,"['/imu', '/rosout']"
1681490495.92129,66874,1681490495,920816898,,2,/imu_driver,Current time 1681490495 919615268,driver.py,driver,56,"['/imu', '/rosout']"
1681490495.9456263,66875,1681490495,945429563,,2,/imu_driver,Current time 1681490495 944477558,driver.py,driver,56,"['/imu', '/rosout']"
1681490495.9712784,66876,1681490495,970580577,,2,/imu_driver,Current time 1681490495 969621658,driver.py,driver,56,"['/imu', '/rosout']"
1681490495.9974728,66877,1681490495,995883226,,2,/imu_driver,Current time 1681490495 994448184,driver.py,driver,56,"['/imu', '/rosout']"
1681490496.021269,66878,1681490496,20975351,,2,/imu_driver,Current time 1681490496 19816875,driver.py,driver,56,"['/imu', '/rosout']"
1681490496.045924,66879,1681490496,45571327,,2,/imu_driver,Current time 1681490496 44493913,driver.py,driver,56,"['/imu', '/rosout']"
1681490496.0715892,66880,1681490496,71149587,,2,/imu_driver,Current time 1681490496 69605350,driver.py,driver,56,"['/imu', '/rosout']"
1681490496.0969641,66881,1681490496,96637248,,2,/imu_driver,Current time 1681490496 94691514,driver.py,driver,56,"['/imu', '/rosout']"
1681490496.1215615,66882,1681490496,120992422,,2,/imu_driver,Current time 1681490496 119736909,driver.py,driver,56,"['/imu', '/rosout']"
1681490496.1539,66883,1681490496,146960973,,2,/imu_driver,Current time 1681490496 145317077,driver.py,driver,56,"['/imu', '/rosout']"
1681490496.171923,66884,1681490496,171300172,,2,/imu_driver,Current time 1681490496 169793605,driver.py,driver,56,"['/imu', '/rosout']"
1681490496.1963973,66885,1681490496,195726871,,2,/imu_driver,Current time 1681490496 194508552,driver.py,driver,56,"['/imu', '/rosout']"
1681490496.2213995,66886,1681490496,220804214,,2,/imu_driver,Current time 1681490496 219542264,driver.py,driver,56,"['/imu', '/rosout']"
1681490496.2461178,66887,1681490496,245727062,,2,/imu_driver,Current time 1681490496 244492292,driver.py,driver,56,"['/imu', '/rosout']"
1681490496.273302,66888,1681490496,272646665,,2,/imu_driver,Current time 1681490496 271121740,driver.py,driver,56,"['/imu', '/rosout']"
1681490496.2961743,66889,1681490496,295422315,,2,/imu_driver,Current time 1681490496 294386625,driver.py,driver,56,"['/imu', '/rosout']"
1681490496.3206959,66890,1681490496,320420503,,2,/imu_driver,Current time 1681490496 319430351,driver.py,driver,56,"['/imu', '/rosout']"
1681490496.3455048,66891,1681490496,345257282,,2,/imu_driver,Current time 1681490496 344241142,driver.py,driver,56,"['/imu', '/rosout']"
1681490496.3704774,66892,1681490496,370343446,,2,/imu_driver,Current time 1681490496 369337558,driver.py,driver,56,"['/imu', '/rosout']"
1681490496.3991213,66893,1681490496,398844242,,2,/imu_driver,Current time 1681490496 394273281,driver.py,driver,56,"['/imu', '/rosout']"
1681490496.4217937,66894,1681490496,421465396,,2,/imu_driver,Current time 1681490496 420151710,driver.py,driver,56,"['/imu', '/rosout']"
1681490496.445609,66895,1681490496,445368051,,2,/imu_driver,Current time 1681490496 444313287,driver.py,driver,56,"['/imu', '/rosout']"
1681490496.472608,66896,1681490496,471801996,,2,/imu_driver,Current time 1681490496 470181465,driver.py,driver,56,"['/imu', '/rosout']"
1681490496.496188,66897,1681490496,495868921,,2,/imu_driver,Current time 1681490496 494285106,driver.py,driver,56,"['/imu', '/rosout']"
1681490496.52144,66898,1681490496,521296024,,2,/imu_driver,Current time 1681490496 520094871,driver.py,driver,56,"['/imu', '/rosout']"
1681490496.547784,66899,1681490496,547505378,,2,/imu_driver,Current time 1681490496 545138120,driver.py,driver,56,"['/imu', '/rosout']"
1681490496.5713618,66900,1681490496,571189641,,2,/imu_driver,Current time 1681490496 570136308,driver.py,driver,56,"['/imu', '/rosout']"
1681490496.5966382,66901,1681490496,596494674,,2,/imu_driver,Current time 1681490496 595214128,driver.py,driver,56,"['/imu', '/rosout']"
1681490496.6215563,66902,1681490496,621136188,,2,/imu_driver,Current time 1681490496 620080232,driver.py,driver,56,"['/imu', '/rosout']"
1681490496.6500287,66903,1681490496,649323225,,2,/imu_driver,Current time 1681490496 647271394,driver.py,driver,56,"['/imu', '/rosout']"
1681490496.6719341,66904,1681490496,671295404,,2,/imu_driver,Current time 1681490496 670113325,driver.py,driver,56,"['/imu', '/rosout']"
1681490496.6968296,66905,1681490496,696162223,,2,/imu_driver,Current time 1681490496 695074796,driver.py,driver,56,"['/imu', '/rosout']"
1681490496.7216804,66906,1681490496,721197605,,2,/imu_driver,Current time 1681490496 720064401,driver.py,driver,56,"['/imu', '/rosout']"
1681490496.7469108,66907,1681490496,746230363,,2,/imu_driver,Current time 1681490496 744912862,driver.py,driver,56,"['/imu', '/rosout']"
1681490496.7714586,66908,1681490496,770999670,,2,/imu_driver,Current time 1681490496 769924402,driver.py,driver,56,"['/imu', '/rosout']"
1681490496.7965846,66909,1681490496,796101808,,2,/imu_driver,Current time 1681490496 794883251,driver.py,driver,56,"['/imu', '/rosout']"
1681490496.8213766,66910,1681490496,820850849,,2,/imu_driver,Current time 1681490496 819851875,driver.py,driver,56,"['/imu', '/rosout']"
1681490496.8461692,66911,1681490496,845788002,,2,/imu_driver,Current time 1681490496 844799041,driver.py,driver,56,"['/imu', '/rosout']"
1681490496.8713331,66912,1681490496,870892286,,2,/imu_driver,Current time 1681490496 869799375,driver.py,driver,56,"['/imu', '/rosout']"
1681490496.899107,66913,1681490496,898185729,,2,/imu_driver,Current time 1681490496 895849943,driver.py,driver,56,"['/imu', '/rosout']"
1681490496.921601,66914,1681490496,921091794,,2,/imu_driver,Current time 1681490496 919857263,driver.py,driver,56,"['/imu', '/rosout']"
1681490496.9464252,66915,1681490496,946009874,,2,/imu_driver,Current time 1681490496 944987058,driver.py,driver,56,"['/imu', '/rosout']"
1681490496.971685,66916,1681490496,971353769,,2,/imu_driver,Current time 1681490496 970027685,driver.py,driver,56,"['/imu', '/rosout']"
1681490496.9997597,66917,1681490496,999204397,,2,/imu_driver,Current time 1681490496 994845628,driver.py,driver,56,"['/imu', '/rosout']"
1681490497.0211835,66918,1681490497,20945549,,2,/imu_driver,Current time 1681490497 19696950,driver.py,driver,56,"['/imu', '/rosout']"
1681490497.052589,66919,1681490497,49889326,,2,/imu_driver,Current time 1681490497 45547246,driver.py,driver,56,"['/imu', '/rosout']"
1681490497.086415,66920,1681490497,84319591,,2,/imu_driver,Current time 1681490497 70181369,driver.py,driver,56,"['/imu', '/rosout']"
1681490497.1087127,66921,1681490497,103890657,,2,/imu_driver,Current time 1681490497 99934101,driver.py,driver,56,"['/imu', '/rosout']"
1681490497.1324835,66922,1681490497,130242586,,2,/imu_driver,Current time 1681490497 125595569,driver.py,driver,56,"['/imu', '/rosout']"
1681490497.152893,66923,1681490497,150205373,,2,/imu_driver,Current time 1681490497 145328521,driver.py,driver,56,"['/imu', '/rosout']"
1681490497.196603,66924,1681490497,186616182,,2,/imu_driver,Current time 1681490497 172188758,driver.py,driver,56,"['/imu', '/rosout']"
1681490497.2000463,66925,1681490497,199317455,,2,/imu_driver,Current time 1681490497 197114229,driver.py,driver,56,"['/imu', '/rosout']"
1681490497.2218485,66926,1681490497,221471309,,2,/imu_driver,Current time 1681490497 219664573,driver.py,driver,56,"['/imu', '/rosout']"
1681490497.2469578,66927,1681490497,246559381,,2,/imu_driver,Current time 1681490497 245002985,driver.py,driver,56,"['/imu', '/rosout']"
1681490497.272994,66928,1681490497,272203922,,2,/imu_driver,Current time 1681490497 270681142,driver.py,driver,56,"['/imu', '/rosout']"
1681490497.2964442,66929,1681490497,295884609,,2,/imu_driver,Current time 1681490497 294731616,driver.py,driver,56,"['/imu', '/rosout']"
1681490497.321413,66930,1681490497,321147918,,2,/imu_driver,Current time 1681490497 319851636,driver.py,driver,56,"['/imu', '/rosout']"
1681490497.347892,66931,1681490497,347249984,,2,/imu_driver,Current time 1681490497 345744609,driver.py,driver,56,"['/imu', '/rosout']"
1681490497.3708658,66932,1681490497,370592832,,2,/imu_driver,Current time 1681490497 369458198,driver.py,driver,56,"['/imu', '/rosout']"
1681490497.3958702,66933,1681490497,395705938,,2,/imu_driver,Current time 1681490497 394479036,driver.py,driver,56,"['/imu', '/rosout']"
1681490497.4205613,66934,1681490497,420442581,,2,/imu_driver,Current time 1681490497 419526100,driver.py,driver,56,"['/imu', '/rosout']"
1681490497.4461052,66935,1681490497,445662260,,2,/imu_driver,Current time 1681490497 444666147,driver.py,driver,56,"['/imu', '/rosout']"
1681490497.470744,66936,1681490497,470578193,,2,/imu_driver,Current time 1681490497 469619274,driver.py,driver,56,"['/imu', '/rosout']"
1681490497.4963808,66937,1681490497,496029615,,2,/imu_driver,Current time 1681490497 494639158,driver.py,driver,56,"['/imu', '/rosout']"
1681490497.5207095,66938,1681490497,520546197,,2,/imu_driver,Current time 1681490497 519421577,driver.py,driver,56,"['/imu', '/rosout']"
1681490497.5455527,66939,1681490497,545446395,,2,/imu_driver,Current time 1681490497 544435501,driver.py,driver,56,"['/imu', '/rosout']"
1681490497.5706182,66940,1681490497,570472002,,2,/imu_driver,Current time 1681490497 569514751,driver.py,driver,56,"['/imu', '/rosout']"
1681490497.595866,66941,1681490497,595639467,,2,/imu_driver,Current time 1681490497 594424247,driver.py,driver,56,"['/imu', '/rosout']"
1681490497.621469,66942,1681490497,620514154,,2,/imu_driver,Current time 1681490497 619354724,driver.py,driver,56,"['/imu', '/rosout']"
1681490497.6461668,66943,1681490497,645682096,,2,/imu_driver,Current time 1681490497 644405841,driver.py,driver,56,"['/imu', '/rosout']"
1681490497.671746,66944,1681490497,671396255,,2,/imu_driver,Current time 1681490497 670389175,driver.py,driver,56,"['/imu', '/rosout']"
1681490497.6965587,66945,1681490497,695498228,,2,/imu_driver,Current time 1681490497 694329261,driver.py,driver,56,"['/imu', '/rosout']"
1681490497.7208226,66946,1681490497,720383882,,2,/imu_driver,Current time 1681490497 719233751,driver.py,driver,56,"['/imu', '/rosout']"
1681490497.7469907,66947,1681490497,746543407,,2,/imu_driver,Current time 1681490497 745199441,driver.py,driver,56,"['/imu', '/rosout']"
1681490497.7714345,66948,1681490497,771226167,,2,/imu_driver,Current time 1681490497 770195245,driver.py,driver,56,"['/imu', '/rosout']"
1681490497.7956836,66949,1681490497,795391559,,2,/imu_driver,Current time 1681490497 794249296,driver.py,driver,56,"['/imu', '/rosout']"
1681490497.8223393,66950,1681490497,821405172,,2,/imu_driver,Current time 1681490497 820162057,driver.py,driver,56,"['/imu', '/rosout']"
1681490497.8485103,66951,1681490497,847064733,,2,/imu_driver,Current time 1681490497 844271659,driver.py,driver,56,"['/imu', '/rosout']"
1681490497.871882,66952,1681490497,871204376,,2,/imu_driver,Current time 1681490497 870191097,driver.py,driver,56,"['/imu', '/rosout']"
1681490497.8973076,66953,1681490497,896478652,,2,/imu_driver,Current time 1681490497 895118951,driver.py,driver,56,"['/imu', '/rosout']"
1681490497.9218838,66954,1681490497,921070337,,2,/imu_driver,Current time 1681490497 920150995,driver.py,driver,56,"['/imu', '/rosout']"
1681490497.9462414,66955,1681490497,946033000,,2,/imu_driver,Current time 1681490497 945093154,driver.py,driver,56,"['/imu', '/rosout']"
1681490497.9715266,66956,1681490497,971055030,,2,/imu_driver,Current time 1681490497 969961643,driver.py,driver,56,"['/imu', '/rosout']"
1681490497.9973783,66957,1681490497,997083425,,2,/imu_driver,Current time 1681490497 995723009,driver.py,driver,56,"['/imu', '/rosout']"
1681490498.021791,66958,1681490498,21197795,,2,/imu_driver,Current time 1681490498 20119190,driver.py,driver,56,"['/imu', '/rosout']"
1681490498.046919,66959,1681490498,46210527,,2,/imu_driver,Current time 1681490498 45029401,driver.py,driver,56,"['/imu', '/rosout']"
1681490498.0715806,66960,1681490498,71146249,,2,/imu_driver,Current time 1681490498 70154190,driver.py,driver,56,"['/imu', '/rosout']"
1681490498.0965824,66961,1681490498,95963716,,2,/imu_driver,Current time 1681490498 94924688,driver.py,driver,56,"['/imu', '/rosout']"
1681490498.1219187,66962,1681490498,121359825,,2,/imu_driver,Current time 1681490498 120040178,driver.py,driver,56,"['/imu', '/rosout']"
1681490498.1472719,66963,1681490498,146805763,,2,/imu_driver,Current time 1681490498 145196914,driver.py,driver,56,"['/imu', '/rosout']"
1681490498.171462,66964,1681490498,171084880,,2,/imu_driver,Current time 1681490498 170011043,driver.py,driver,56,"['/imu', '/rosout']"
1681490498.19618,66965,1681490498,195845842,,2,/imu_driver,Current time 1681490498 194855690,driver.py,driver,56,"['/imu', '/rosout']"
1681490498.221379,66966,1681490498,221043825,,2,/imu_driver,Current time 1681490498 219914913,driver.py,driver,56,"['/imu', '/rosout']"
1681490498.2480109,66967,1681490498,247450590,,2,/imu_driver,Current time 1681490498 245217800,driver.py,driver,56,"['/imu', '/rosout']"
1681490498.271134,66968,1681490498,270649671,,2,/imu_driver,Current time 1681490498 269718170,driver.py,driver,56,"['/imu', '/rosout']"
1681490498.2967145,66969,1681490498,296020030,,2,/imu_driver,Current time 1681490498 294781684,driver.py,driver,56,"['/imu', '/rosout']"
1681490498.3212955,66970,1681490498,320722579,,2,/imu_driver,Current time 1681490498 319732427,driver.py,driver,56,"['/imu', '/rosout']"
1681490498.3489316,66971,1681490498,348417758,,2,/imu_driver,Current time 1681490498 347169637,driver.py,driver,56,"['/imu', '/rosout']"
1681490498.3715081,66972,1681490498,371096372,,2,/imu_driver,Current time 1681490498 369877576,driver.py,driver,56,"['/imu', '/rosout']"
1681490498.399152,66973,1681490498,396394252,,2,/imu_driver,Current time 1681490498 394820213,driver.py,driver,56,"['/imu', '/rosout']"
1681490498.4215183,66974,1681490498,421157598,,2,/imu_driver,Current time 1681490498 420016288,driver.py,driver,56,"['/imu', '/rosout']"
1681490498.4217114,17,1681490498,421619867,,4,/record_1681490238361869733,Less than 5 x 1G of space free on disk with '2023-04-14-12-37-18.bag.active'.,/tmp/binarydeb/ros-noetic-rosbag-1.15.15/src/recorder.cpp,Recorder::checkDisk,771,['/rosout']
1681490498.446696,66975,1681490498,446183443,,2,/imu_driver,Current time 1681490498 444924354,driver.py,driver,56,"['/imu', '/rosout']"
1681490498.471609,66976,1681490498,471239566,,2,/imu_driver,Current time 1681490498 469882726,driver.py,driver,56,"['/imu', '/rosout']"
1681490498.497159,66977,1681490498,496186733,,2,/imu_driver,Current time 1681490498 494751930,driver.py,driver,56,"['/imu', '/rosout']"
1681490498.5217092,66978,1681490498,520887851,,2,/imu_driver,Current time 1681490498 519842624,driver.py,driver,56,"['/imu', '/rosout']"
1681490498.5463452,66979,1681490498,545659542,,2,/imu_driver,Current time 1681490498 544701814,driver.py,driver,56,"['/imu', '/rosout']"
1681490498.5712676,66980,1681490498,570566415,,2,/imu_driver,Current time 1681490498 569667816,driver.py,driver,56,"['/imu', '/rosout']"
1681490498.598088,66981,1681490498,596799850,,2,/imu_driver,Current time 1681490498 595175266,driver.py,driver,56,"['/imu', '/rosout']"
1681490498.6210878,66982,1681490498,620599746,,2,/imu_driver,Current time 1681490498 619572401,driver.py,driver,56,"['/imu', '/rosout']"
1681490498.647944,66983,1681490498,647208213,,2,/imu_driver,Current time 1681490498 645433902,driver.py,driver,56,"['/imu', '/rosout']"
1681490498.6708884,66984,1681490498,670566082,,2,/imu_driver,Current time 1681490498 669632673,driver.py,driver,56,"['/imu', '/rosout']"
1681490498.6964042,66985,1681490498,695798873,,2,/imu_driver,Current time 1681490498 694729328,driver.py,driver,56,"['/imu', '/rosout']"
1681490498.7211766,66986,1681490498,720618724,,2,/imu_driver,Current time 1681490498 719504833,driver.py,driver,56,"['/imu', '/rosout']"
1681490498.7470024,66987,1681490498,746222019,,2,/imu_driver,Current time 1681490498 744476556,driver.py,driver,56,"['/imu', '/rosout']"
1681490498.7710395,66988,1681490498,770618677,,2,/imu_driver,Current time 1681490498 769577980,driver.py,driver,56,"['/imu', '/rosout']"
1681490498.796371,66989,1681490498,795619487,,2,/imu_driver,Current time 1681490498 794570207,driver.py,driver,56,"['/imu', '/rosout']"
1681490498.8209743,66990,1681490498,820699691,,2,/imu_driver,Current time 1681490498 819579601,driver.py,driver,56,"['/imu', '/rosout']"
1681490498.8461008,66991,1681490498,845840930,,2,/imu_driver,Current time 1681490498 844752788,driver.py,driver,56,"['/imu', '/rosout']"
1681490498.8714433,66992,1681490498,870693445,,2,/imu_driver,Current time 1681490498 869598627,driver.py,driver,56,"['/imu', '/rosout']"
1681490498.8996048,66993,1681490498,896232128,,2,/imu_driver,Current time 1681490498 894890785,driver.py,driver,56,"['/imu', '/rosout']"
1681490498.9213696,66994,1681490498,920311689,,2,/imu_driver,Current time 1681490498 919384002,driver.py,driver,56,"['/imu', '/rosout']"
1681490498.9461832,66995,1681490498,945539951,,2,/imu_driver,Current time 1681490498 944494962,driver.py,driver,56,"['/imu', '/rosout']"
1681490498.9712923,66996,1681490498,970731019,,2,/imu_driver,Current time 1681490498 969551324,driver.py,driver,56,"['/imu', '/rosout']"
1681490498.9969375,66997,1681490498,996014595,,2,/imu_driver,Current time 1681490498 994673967,driver.py,driver,56,"['/imu', '/rosout']"
1681490499.0214856,66998,1681490499,21239757,,2,/imu_driver,Current time 1681490499 20243167,driver.py,driver,56,"['/imu', '/rosout']"
1681490499.0455136,66999,1681490499,45313596,,2,/imu_driver,Current time 1681490499 44321537,driver.py,driver,56,"['/imu', '/rosout']"
1681490499.0715172,67000,1681490499,71303606,,2,/imu_driver,Current time 1681490499 70337057,driver.py,driver,56,"['/imu', '/rosout']"
1681490499.0965838,67001,1681490499,96354961,,2,/imu_driver,Current time 1681490499 95315694,driver.py,driver,56,"['/imu', '/rosout']"
1681490499.1216586,67002,1681490499,121372461,,2,/imu_driver,Current time 1681490499 120192050,driver.py,driver,56,"['/imu', '/rosout']"
1681490499.1479099,67003,1681490499,147659778,,2,/imu_driver,Current time 1681490499 145129442,driver.py,driver,56,"['/imu', '/rosout']"
1681490499.171277,67004,1681490499,171071052,,2,/imu_driver,Current time 1681490499 170099735,driver.py,driver,56,"['/imu', '/rosout']"
1681490499.1973608,67005,1681490499,196353435,,2,/imu_driver,Current time 1681490499 195212364,driver.py,driver,56,"['/imu', '/rosout']"
1681490499.221814,67006,1681490499,221169710,,2,/imu_driver,Current time 1681490499 220145940,driver.py,driver,56,"['/imu', '/rosout']"
1681490499.24782,67007,1681490499,246863842,,2,/imu_driver,Current time 1681490499 245568513,driver.py,driver,56,"['/imu', '/rosout']"
1681490499.2714326,67008,1681490499,271188497,,2,/imu_driver,Current time 1681490499 270060777,driver.py,driver,56,"['/imu', '/rosout']"
1681490499.2962449,67009,1681490499,296035051,,2,/imu_driver,Current time 1681490499 295104503,driver.py,driver,56,"['/imu', '/rosout']"
1681490499.321682,67010,1681490499,321388483,,2,/imu_driver,Current time 1681490499 320290327,driver.py,driver,56,"['/imu', '/rosout']"
1681490499.3488555,67011,1681490499,348510265,,2,/imu_driver,Current time 1681490499 347354888,driver.py,driver,56,"['/imu', '/rosout']"
1681490499.3714137,67012,1681490499,371071577,,2,/imu_driver,Current time 1681490499 369987726,driver.py,driver,56,"['/imu', '/rosout']"
1681490499.3983207,67013,1681490499,396216392,,2,/imu_driver,Current time 1681490499 394991636,driver.py,driver,56,"['/imu', '/rosout']"
1681490499.421399,67014,1681490499,420974254,,2,/imu_driver,Current time 1681490499 420007705,driver.py,driver,56,"['/imu', '/rosout']"
1681490499.4465644,67015,1681490499,446045637,,2,/imu_driver,Current time 1681490499 444935321,driver.py,driver,56,"['/imu', '/rosout']"
1681490499.4715016,67016,1681490499,471053600,,2,/imu_driver,Current time 1681490499 470031261,driver.py,driver,56,"['/imu', '/rosout']"
1681490499.498513,67017,1681490499,498050928,,2,/imu_driver,Current time 1681490499 494933605,driver.py,driver,56,"['/imu', '/rosout']"
1681490499.5220125,67018,1681490499,521229267,,2,/imu_driver,Current time 1681490499 520028591,driver.py,driver,56,"['/imu', '/rosout']"
1681490499.5468802,67019,1681490499,546227693,,2,/imu_driver,Current time 1681490499 545014619,driver.py,driver,56,"['/imu', '/rosout']"
1681490499.5713882,67020,1681490499,571062564,,2,/imu_driver,Current time 1681490499 569846153,driver.py,driver,56,"['/imu', '/rosout']"
1681490499.596571,67021,1681490499,596272468,,2,/imu_driver,Current time 1681490499 595125675,driver.py,driver,56,"['/imu', '/rosout']"
1681490499.6217203,67022,1681490499,621455430,,2,/imu_driver,Current time 1681490499 620205163,driver.py,driver,56,"['/imu', '/rosout']"
1681490499.6467106,67023,1681490499,646420240,,2,/imu_driver,Current time 1681490499 644940853,driver.py,driver,56,"['/imu', '/rosout']"
1681490499.6712823,67024,1681490499,671124219,,2,/imu_driver,Current time 1681490499 669862747,driver.py,driver,56,"['/imu', '/rosout']"
1681490499.6960688,67025,1681490499,695842027,,2,/imu_driver,Current time 1681490499 694843292,driver.py,driver,56,"['/imu', '/rosout']"
1681490499.7211652,67026,1681490499,720982789,,2,/imu_driver,Current time 1681490499 719872951,driver.py,driver,56,"['/imu', '/rosout']"
1681490499.7469704,67027,1681490499,746710538,,2,/imu_driver,Current time 1681490499 745186090,driver.py,driver,56,"['/imu', '/rosout']"
1681490499.7709987,67028,1681490499,770724058,,2,/imu_driver,Current time 1681490499 769726276,driver.py,driver,56,"['/imu', '/rosout']"
1681490499.795932,67029,1681490499,795730590,,2,/imu_driver,Current time 1681490499 794706344,driver.py,driver,56,"['/imu', '/rosout']"
1681490499.8211434,67030,1681490499,820804595,,2,/imu_driver,Current time 1681490499 819775819,driver.py,driver,56,"['/imu', '/rosout']"
1681490499.8461046,67031,1681490499,845713138,,2,/imu_driver,Current time 1681490499 844637393,driver.py,driver,56,"['/imu', '/rosout']"
1681490499.871215,67032,1681490499,870912313,,2,/imu_driver,Current time 1681490499 869784593,driver.py,driver,56,"['/imu', '/rosout']"
1681490499.896926,67033,1681490499,896192073,,2,/imu_driver,Current time 1681490499 894630908,driver.py,driver,56,"['/imu', '/rosout']"
1681490499.9220352,67034,1681490499,920985460,,2,/imu_driver,Current time 1681490499 919716358,driver.py,driver,56,"['/imu', '/rosout']"
1681490499.946419,67035,1681490499,946173429,,2,/imu_driver,Current time 1681490499 944951295,driver.py,driver,56,"['/imu', '/rosout']"
1681490499.97168,67036,1681490499,970620632,,2,/imu_driver,Current time 1681490499 969644784,driver.py,driver,56,"['/imu', '/rosout']"
1681490499.9971926,67037,1681490499,996583700,,2,/imu_driver,Current time 1681490499 995096683,driver.py,driver,56,"['/imu', '/rosout']"
1681490500.021064,67038,1681490500,20499944,,2,/imu_driver,Current time 1681490500 19494295,driver.py,driver,56,"['/imu', '/rosout']"
1681490500.046167,67039,1681490500,45672178,,2,/imu_driver,Current time 1681490500 44703722,driver.py,driver,56,"['/imu', '/rosout']"
1681490500.0708787,67040,1681490500,70534944,,2,/imu_driver,Current time 1681490500 69567680,driver.py,driver,56,"['/imu', '/rosout']"
1681490500.0964444,67041,1681490500,95658779,,2,/imu_driver,Current time 1681490500 94679594,driver.py,driver,56,"['/imu', '/rosout']"
1681490500.1217806,67042,1681490500,120894193,,2,/imu_driver,Current time 1681490500 119682788,driver.py,driver,56,"['/imu', '/rosout']"
1681490500.147444,67043,1681490500,146431446,,2,/imu_driver,Current time 1681490500 144883155,driver.py,driver,56,"['/imu', '/rosout']"
1681490500.1711287,67044,1681490500,170888423,,2,/imu_driver,Current time 1681490500 169722557,driver.py,driver,56,"['/imu', '/rosout']"
1681490500.1954737,67045,1681490500,195277452,,2,/imu_driver,Current time 1681490500 194309711,driver.py,driver,56,"['/imu', '/rosout']"
1681490500.2206542,67046,1681490500,220489025,,2,/imu_driver,Current time 1681490500 219407081,driver.py,driver,56,"['/imu', '/rosout']"
1681490500.2464716,67047,1681490500,246272802,,2,/imu_driver,Current time 1681490500 244879722,driver.py,driver,56,"['/imu', '/rosout']"
1681490500.2707148,67048,1681490500,270536899,,2,/imu_driver,Current time 1681490500 269395828,driver.py,driver,56,"['/imu', '/rosout']"
1681490500.295439,67049,1681490500,295259952,,2,/imu_driver,Current time 1681490500 294286489,driver.py,driver,56,"['/imu', '/rosout']"
1681490500.3204978,67050,1681490500,320332765,,2,/imu_driver,Current time 1681490500 319276571,driver.py,driver,56,"['/imu', '/rosout']"
1681490500.3466156,67051,1681490500,346312522,,2,/imu_driver,Current time 1681490500 345317363,driver.py,driver,56,"['/imu', '/rosout']"
1681490500.3714836,67052,1681490500,371294498,,2,/imu_driver,Current time 1681490500 370243787,driver.py,driver,56,"['/imu', '/rosout']"
1681490500.3964612,67053,1681490500,396175622,,2,/imu_driver,Current time 1681490500 394452333,driver.py,driver,56,"['/imu', '/rosout']"
1681490500.4214659,67054,1681490500,421275138,,2,/imu_driver,Current time 1681490500 420218229,driver.py,driver,56,"['/imu', '/rosout']"
1681490500.4454558,67055,1681490500,445230245,,2,/imu_driver,Current time 1681490500 444337368,driver.py,driver,56,"['/imu', '/rosout']"
1681490500.4713838,67056,1681490500,471211433,,2,/imu_driver,Current time 1681490500 470222949,driver.py,driver,56,"['/imu', '/rosout']"
1681490500.4964366,67057,1681490500,495701789,,2,/imu_driver,Current time 1681490500 494309186,driver.py,driver,56,"['/imu', '/rosout']"
1681490500.5218198,67058,1681490500,521307945,,2,/imu_driver,Current time 1681490500 520165443,driver.py,driver,56,"['/imu', '/rosout']"
1681490500.5470011,67059,1681490500,546310186,,2,/imu_driver,Current time 1681490500 545140027,driver.py,driver,56,"['/imu', '/rosout']"
1681490500.5717673,67060,1681490500,571370124,,2,/imu_driver,Current time 1681490500 570251941,driver.py,driver,56,"['/imu', '/rosout']"
1681490500.5965598,67061,1681490500,596075534,,2,/imu_driver,Current time 1681490500 595153570,driver.py,driver,56,"['/imu', '/rosout']"
1681490500.6217983,67062,1681490500,621289730,,2,/imu_driver,Current time 1681490500 620100975,driver.py,driver,56,"['/imu', '/rosout']"
1681490500.6469815,67063,1681490500,646762847,,2,/imu_driver,Current time 1681490500 645173788,driver.py,driver,56,"['/imu', '/rosout']"
1681490500.6717336,67064,1681490500,671451330,,2,/imu_driver,Current time 1681490500 670207023,driver.py,driver,56,"['/imu', '/rosout']"
1681490500.6966696,67065,1681490500,696413993,,2,/imu_driver,Current time 1681490500 695128917,driver.py,driver,56,"['/imu', '/rosout']"
1681490500.7214234,67066,1681490500,721194028,,2,/imu_driver,Current time 1681490500 720031976,driver.py,driver,56,"['/imu', '/rosout']"
1681490500.746522,67067,1681490500,746346712,,2,/imu_driver,Current time 1681490500 745082139,driver.py,driver,56,"['/imu', '/rosout']"
1681490500.771775,67068,1681490500,771170377,,2,/imu_driver,Current time 1681490500 770017385,driver.py,driver,56,"['/imu', '/rosout']"
1681490500.798251,67069,1681490500,796561241,,2,/imu_driver,Current time 1681490500 794877290,driver.py,driver,56,"['/imu', '/rosout']"
1681490500.8216136,67070,1681490500,820963621,,2,/imu_driver,Current time 1681490500 819974184,driver.py,driver,56,"['/imu', '/rosout']"
1681490500.8465145,67071,1681490500,846247911,,2,/imu_driver,Current time 1681490500 845065832,driver.py,driver,56,"['/imu', '/rosout']"
1681490500.8713121,67072,1681490500,871077537,,2,/imu_driver,Current time 1681490500 869860172,driver.py,driver,56,"['/imu', '/rosout']"
1681490500.8968785,67073,1681490500,896613359,,2,/imu_driver,Current time 1681490500 894967794,driver.py,driver,56,"['/imu', '/rosout']"
1681490500.9211402,67074,1681490500,920989751,,2,/imu_driver,Current time 1681490500 919872999,driver.py,driver,56,"['/imu', '/rosout']"
1681490500.9460154,67075,1681490500,945886611,,2,/imu_driver,Current time 1681490500 944913864,driver.py,driver,56,"['/imu', '/rosout']"
1681490500.9711125,67076,1681490500,970933437,,2,/imu_driver,Current time 1681490500 969847917,driver.py,driver,56,"['/imu', '/rosout']"
1681490500.9959676,67077,1681490500,995769262,,2,/imu_driver,Current time 1681490500 994753122,driver.py,driver,56,"['/imu', '/rosout']"
1681490501.0212178,67078,1681490501,20968914,,2,/imu_driver,Current time 1681490501 19922733,driver.py,driver,56,"['/imu', '/rosout']"
1681490501.0477152,67079,1681490501,46727895,,2,/imu_driver,Current time 1681490501 45040607,driver.py,driver,56,"['/imu', '/rosout']"
1681490501.0718515,67080,1681490501,71565389,,2,/imu_driver,Current time 1681490501 69893121,driver.py,driver,56,"['/imu', '/rosout']"
1681490501.0967,67081,1681490501,95912456,,2,/imu_driver,Current time 1681490501 94770193,driver.py,driver,56,"['/imu', '/rosout']"
1681490501.12266,67082,1681490501,121784687,,2,/imu_driver,Current time 1681490501 120596408,driver.py,driver,56,"['/imu', '/rosout']"
1681490501.14891,67083,1681490501,148119211,,2,/imu_driver,Current time 1681490501 144797325,driver.py,driver,56,"['/imu', '/rosout']"
1681490501.1716363,67084,1681490501,171268701,,2,/imu_driver,Current time 1681490501 169814109,driver.py,driver,56,"['/imu', '/rosout']"
1681490501.1968858,67085,1681490501,195988178,,2,/imu_driver,Current time 1681490501 194750547,driver.py,driver,56,"['/imu', '/rosout']"
1681490501.2369597,67086,1681490501,221100568,,2,/imu_driver,Current time 1681490501 219734191,driver.py,driver,56,"['/imu', '/rosout']"
1681490501.2489097,67087,1681490501,248380899,,2,/imu_driver,Current time 1681490501 244971275,driver.py,driver,56,"['/imu', '/rosout']"
1681490501.2727754,67088,1681490501,272399663,,2,/imu_driver,Current time 1681490501 270536422,driver.py,driver,56,"['/imu', '/rosout']"
1681490501.297449,67089,1681490501,296141624,,2,/imu_driver,Current time 1681490501 294659614,driver.py,driver,56,"['/imu', '/rosout']"
1681490501.3218086,67090,1681490501,321042537,,2,/imu_driver,Current time 1681490501 319579124,driver.py,driver,56,"['/imu', '/rosout']"
1681490501.3468063,67091,1681490501,346369028,,2,/imu_driver,Current time 1681490501 344902992,driver.py,driver,56,"['/imu', '/rosout']"
1681490501.372048,67092,1681490501,371358394,,2,/imu_driver,Current time 1681490501 369884490,driver.py,driver,56,"['/imu', '/rosout']"
1681490501.3967125,67093,1681490501,395887374,,2,/imu_driver,Current time 1681490501 394623994,driver.py,driver,56,"['/imu', '/rosout']"
1681490501.4212673,67094,1681490501,420889616,,2,/imu_driver,Current time 1681490501 419707298,driver.py,driver,56,"['/imu', '/rosout']"
1681490501.4460285,67095,1681490501,445748329,,2,/imu_driver,Current time 1681490501 444574832,driver.py,driver,56,"['/imu', '/rosout']"
1681490501.4711087,67096,1681490501,470765829,,2,/imu_driver,Current time 1681490501 469606161,driver.py,driver,56,"['/imu', '/rosout']"
1681490501.4972534,67097,1681490501,497007846,,2,/imu_driver,Current time 1681490501 494447469,driver.py,driver,56,"['/imu', '/rosout']"
1681490501.5218432,67098,1681490501,521262645,,2,/imu_driver,Current time 1681490501 520087480,driver.py,driver,56,"['/imu', '/rosout']"
1681490501.5464535,67099,1681490501,545716047,,2,/imu_driver,Current time 1681490501 544650316,driver.py,driver,56,"['/imu', '/rosout']"
1681490501.5712352,67100,1681490501,570577144,,2,/imu_driver,Current time 1681490501 569481372,driver.py,driver,56,"['/imu', '/rosout']"
1681490501.5967553,67101,1681490501,595944643,,2,/imu_driver,Current time 1681490501 594352722,driver.py,driver,56,"['/imu', '/rosout']"
1681490501.6212623,67102,1681490501,620676040,,2,/imu_driver,Current time 1681490501 619524240,driver.py,driver,56,"['/imu', '/rosout']"
1681490501.6458366,67103,1681490501,645492315,,2,/imu_driver,Current time 1681490501 644387006,driver.py,driver,56,"['/imu', '/rosout']"
1681490501.671703,67104,1681490501,671257019,,2,/imu_driver,Current time 1681490501 670269966,driver.py,driver,56,"['/imu', '/rosout']"
1681490501.6961393,67105,1681490501,695487499,,2,/imu_driver,Current time 1681490501 694437742,driver.py,driver,56,"['/imu', '/rosout']"
1681490501.721537,67106,1681490501,721264123,,2,/imu_driver,Current time 1681490501 720249176,driver.py,driver,56,"['/imu', '/rosout']"
1681490501.747469,67107,1681490501,746746540,,2,/imu_driver,Current time 1681490501 745263099,driver.py,driver,56,"['/imu', '/rosout']"
1681490501.772234,67108,1681490501,771601676,,2,/imu_driver,Current time 1681490501 770293712,driver.py,driver,56,"['/imu', '/rosout']"
1681490501.7963953,67109,1681490501,795341730,,2,/imu_driver,Current time 1681490501 794370889,driver.py,driver,56,"['/imu', '/rosout']"
1681490501.8221657,67110,1681490501,821540355,,2,/imu_driver,Current time 1681490501 820308923,driver.py,driver,56,"['/imu', '/rosout']"
1681490501.849994,67111,1681490501,849190473,,2,/imu_driver,Current time 1681490501 845293045,driver.py,driver,56,"['/imu', '/rosout']"
1681490501.8723216,67112,1681490501,871443033,,2,/imu_driver,Current time 1681490501 870266437,driver.py,driver,56,"['/imu', '/rosout']"
1681490501.897658,67113,1681490501,896774291,,2,/imu_driver,Current time 1681490501 895184755,driver.py,driver,56,"['/imu', '/rosout']"
1681490501.922733,67114,1681490501,922029733,,2,/imu_driver,Current time 1681490501 920357942,driver.py,driver,56,"['/imu', '/rosout']"
1681490501.9468448,67115,1681490501,946209907,,2,/imu_driver,Current time 1681490501 945193290,driver.py,driver,56,"['/imu', '/rosout']"
1681490501.9717135,67116,1681490501,971330404,,2,/imu_driver,Current time 1681490501 970240116,driver.py,driver,56,"['/imu', '/rosout']"
1681490501.9971418,67117,1681490501,996674060,,2,/imu_driver,Current time 1681490501 995167970,driver.py,driver,56,"['/imu', '/rosout']"
1681490502.021615,67118,1681490502,21275281,,2,/imu_driver,Current time 1681490502 20146846,driver.py,driver,56,"['/imu', '/rosout']"
1681490502.0465157,67119,1681490502,46307802,,2,/imu_driver,Current time 1681490502 45125722,driver.py,driver,56,"['/imu', '/rosout']"
1681490502.0711439,67120,1681490502,70959329,,2,/imu_driver,Current time 1681490502 69928884,driver.py,driver,56,"['/imu', '/rosout']"
1681490502.0967534,67121,1681490502,96513509,,2,/imu_driver,Current time 1681490502 95019102,driver.py,driver,56,"['/imu', '/rosout']"
1681490502.1224942,67122,1681490502,121889829,,2,/imu_driver,Current time 1681490502 120553016,driver.py,driver,56,"['/imu', '/rosout']"
1681490502.1466575,67123,1681490502,146353721,,2,/imu_driver,Current time 1681490502 145033121,driver.py,driver,56,"['/imu', '/rosout']"
1681490502.1712022,67124,1681490502,170942068,,2,/imu_driver,Current time 1681490502 169937849,driver.py,driver,56,"['/imu', '/rosout']"
1681490502.1966896,67125,1681490502,196081876,,2,/imu_driver,Current time 1681490502 194958925,driver.py,driver,56,"['/imu', '/rosout']"
1681490502.2215395,67126,1681490502,221017122,,2,/imu_driver,Current time 1681490502 219836473,driver.py,driver,56,"['/imu', '/rosout']"
1681490502.2469475,67127,1681490502,246383905,,2,/imu_driver,Current time 1681490502 244926929,driver.py,driver,56,"['/imu', '/rosout']"
1681490502.2712562,67128,1681490502,271004438,,2,/imu_driver,Current time 1681490502 269912481,driver.py,driver,56,"['/imu', '/rosout']"
1681490502.2961953,67129,1681490502,295938014,,2,/imu_driver,Current time 1681490502 294888734,driver.py,driver,56,"['/imu', '/rosout']"
1681490502.3213723,67130,1681490502,320905923,,2,/imu_driver,Current time 1681490502 319771766,driver.py,driver,56,"['/imu', '/rosout']"
1681490502.3472874,67131,1681490502,346663236,,2,/imu_driver,Current time 1681490502 345377206,driver.py,driver,56,"['/imu', '/rosout']"
1681490502.3711388,67132,1681490502,370912313,,2,/imu_driver,Current time 1681490502 369946002,driver.py,driver,56,"['/imu', '/rosout']"
1681490502.3980405,67133,1681490502,397804021,,2,/imu_driver,Current time 1681490502 394846200,driver.py,driver,56,"['/imu', '/rosout']"
1681490502.4215598,67134,1681490502,420734405,,2,/imu_driver,Current time 1681490502 419818401,driver.py,driver,56,"['/imu', '/rosout']"
1681490502.4460762,67135,1681490502,445587396,,2,/imu_driver,Current time 1681490502 444628238,driver.py,driver,56,"['/imu', '/rosout']"
1681490502.4710722,67136,1681490502,470760822,,2,/imu_driver,Current time 1681490502 469790458,driver.py,driver,56,"['/imu', '/rosout']"
1681490502.4971628,67137,1681490502,496522903,,2,/imu_driver,Current time 1681490502 494648218,driver.py,driver,56,"['/imu', '/rosout']"
1681490502.5214014,67138,1681490502,520877599,,2,/imu_driver,Current time 1681490502 519769430,driver.py,driver,56,"['/imu', '/rosout']"
1681490502.54789,67139,1681490502,545964241,,2,/imu_driver,Current time 1681490502 544862985,driver.py,driver,56,"['/imu', '/rosout']"
1681490502.5712528,67140,1681490502,570977449,,2,/imu_driver,Current time 1681490502 569688320,driver.py,driver,56,"['/imu', '/rosout']"
1681490502.596819,67141,1681490502,595958709,,2,/imu_driver,Current time 1681490502 594788789,driver.py,driver,56,"['/imu', '/rosout']"
1681490502.6210632,67142,1681490502,620793342,,2,/imu_driver,Current time 1681490502 619717359,driver.py,driver,56,"['/imu', '/rosout']"
1681490502.6465242,67143,1681490502,646225452,,2,/imu_driver,Current time 1681490502 644754648,driver.py,driver,56,"['/imu', '/rosout']"
1681490502.6712823,67144,1681490502,670691251,,2,/imu_driver,Current time 1681490502 669700145,driver.py,driver,56,"['/imu', '/rosout']"
1681490502.696055,67145,1681490502,695594549,,2,/imu_driver,Current time 1681490502 694541454,driver.py,driver,56,"['/imu', '/rosout']"
1681490502.7213697,67146,1681490502,720753192,,2,/imu_driver,Current time 1681490502 719640731,driver.py,driver,56,"['/imu', '/rosout']"
1681490502.7458766,67147,1681490502,745639085,,2,/imu_driver,Current time 1681490502 744484901,driver.py,driver,56,"['/imu', '/rosout']"
1681490502.770731,67148,1681490502,770557165,,2,/imu_driver,Current time 1681490502 769636154,driver.py,driver,56,"['/imu', '/rosout']"
1681490502.7957993,67149,1681490502,795554161,,2,/imu_driver,Current time 1681490502 794532060,driver.py,driver,56,"['/imu', '/rosout']"
1681490502.821263,67150,1681490502,820665597,,2,/imu_driver,Current time 1681490502 819598913,driver.py,driver,56,"['/imu', '/rosout']"
1681490502.8465464,67151,1681490502,845770359,,2,/imu_driver,Current time 1681490502 844560146,driver.py,driver,56,"['/imu', '/rosout']"
1681490502.8710368,67152,1681490502,870632171,,2,/imu_driver,Current time 1681490502 869601011,driver.py,driver,56,"['/imu', '/rosout']"
1681490502.8967183,67153,1681490502,895896673,,2,/imu_driver,Current time 1681490502 894417047,driver.py,driver,56,"['/imu', '/rosout']"
1681490502.9210203,67154,1681490502,920540571,,2,/imu_driver,Current time 1681490502 919530391,driver.py,driver,56,"['/imu', '/rosout']"
1681490502.9470527,67155,1681490502,946489810,,2,/imu_driver,Current time 1681490502 945371866,driver.py,driver,56,"['/imu', '/rosout']"
1681490502.9716065,67156,1681490502,970988750,,2,/imu_driver,Current time 1681490502 969738006,driver.py,driver,56,"['/imu', '/rosout']"
1681490502.997184,67157,1681490502,995815277,,2,/imu_driver,Current time 1681490502 994385719,driver.py,driver,56,"['/imu', '/rosout']"
1681490503.0220735,67158,1681490503,21586656,,2,/imu_driver,Current time 1681490503 20437717,driver.py,driver,56,"['/imu', '/rosout']"
1681490503.0464015,67159,1681490503,45706748,,2,/imu_driver,Current time 1681490503 44411659,driver.py,driver,56,"['/imu', '/rosout']"
1681490503.0719934,67160,1681490503,71366548,,2,/imu_driver,Current time 1681490503 70271492,driver.py,driver,56,"['/imu', '/rosout']"
1681490503.0968194,67161,1681490503,96305608,,2,/imu_driver,Current time 1681490503 95198154,driver.py,driver,56,"['/imu', '/rosout']"
1681490503.1219325,67162,1681490503,121256113,,2,/imu_driver,Current time 1681490503 120100498,driver.py,driver,56,"['/imu', '/rosout']"
1681490503.1473353,67163,1681490503,146645307,,2,/imu_driver,Current time 1681490503 145209312,driver.py,driver,56,"['/imu', '/rosout']"
1681490503.171799,67164,1681490503,171343326,,2,/imu_driver,Current time 1681490503 170284748,driver.py,driver,56,"['/imu', '/rosout']"
1681490503.1969514,67165,1681490503,196423768,,2,/imu_driver,Current time 1681490503 195174932,driver.py,driver,56,"['/imu', '/rosout']"
1681490503.2219348,67166,1681490503,221334218,,2,/imu_driver,Current time 1681490503 220218420,driver.py,driver,56,"['/imu', '/rosout']"
1681490503.247062,67167,1681490503,246393918,,2,/imu_driver,Current time 1681490503 245259761,driver.py,driver,56,"['/imu', '/rosout']"
1681490503.2713923,67168,1681490503,271109819,,2,/imu_driver,Current time 1681490503 270028829,driver.py,driver,56,"['/imu', '/rosout']"
1681490503.2979186,67169,1681490503,297268390,,2,/imu_driver,Current time 1681490503 295803308,driver.py,driver,56,"['/imu', '/rosout']"
1681490503.3221333,67170,1681490503,321556568,,2,/imu_driver,Current time 1681490503 320227384,driver.py,driver,56,"['/imu', '/rosout']"
1681490503.3468168,67171,1681490503,346328258,,2,/imu_driver,Current time 1681490503 345188856,driver.py,driver,56,"['/imu', '/rosout']"
1681490503.3715045,67172,1681490503,371099710,,2,/imu_driver,Current time 1681490503 370155572,driver.py,driver,56,"['/imu', '/rosout']"
1681490503.3992066,67173,1681490503,398316383,,2,/imu_driver,Current time 1681490503 397126197,driver.py,driver,56,"['/imu', '/rosout']"
1681490503.421878,67174,1681490503,421151638,,2,/imu_driver,Current time 1681490503 420075416,driver.py,driver,56,"['/imu', '/rosout']"
1681490503.446979,67175,1681490503,446153163,,2,/imu_driver,Current time 1681490503 445184469,driver.py,driver,56,"['/imu', '/rosout']"
1681490503.4715211,67176,1681490503,470993995,,2,/imu_driver,Current time 1681490503 469880580,driver.py,driver,56,"['/imu', '/rosout']"
1681490503.4964406,67177,1681490503,496097803,,2,/imu_driver,Current time 1681490503 495000600,driver.py,driver,56,"['/imu', '/rosout']"
1681490503.5217643,67178,1681490503,521214008,,2,/imu_driver,Current time 1681490503 519942045,driver.py,driver,56,"['/imu', '/rosout']"
1681490503.546856,67179,1681490503,546313047,,2,/imu_driver,Current time 1681490503 544925212,driver.py,driver,56,"['/imu', '/rosout']"
1681490503.5716722,67180,1681490503,571029186,,2,/imu_driver,Current time 1681490503 569979906,driver.py,driver,56,"['/imu', '/rosout']"
1681490503.5964112,67181,1681490503,596071481,,2,/imu_driver,Current time 1681490503 594917774,driver.py,driver,56,"['/imu', '/rosout']"
1681490503.6214364,67182,1681490503,620929479,,2,/imu_driver,Current time 1681490503 619865894,driver.py,driver,56,"['/imu', '/rosout']"
1681490503.6473913,67183,1681490503,647041320,,2,/imu_driver,Current time 1681490503 645842313,driver.py,driver,56,"['/imu', '/rosout']"
1681490503.671499,67184,1681490503,670938014,,2,/imu_driver,Current time 1681490503 669808864,driver.py,driver,56,"['/imu', '/rosout']"
1681490503.696245,67185,1681490503,695952415,,2,/imu_driver,Current time 1681490503 694950342,driver.py,driver,56,"['/imu', '/rosout']"
1681490503.7214532,67186,1681490503,721001148,,2,/imu_driver,Current time 1681490503 719706058,driver.py,driver,56,"['/imu', '/rosout']"
1681490503.7461371,67187,1681490503,745679616,,2,/imu_driver,Current time 1681490503 744730710,driver.py,driver,56,"['/imu', '/rosout']"
1681490503.7710288,67188,1681490503,770839214,,2,/imu_driver,Current time 1681490503 769715785,driver.py,driver,56,"['/imu', '/rosout']"
1681490503.7973955,67189,1681490503,796428918,,2,/imu_driver,Current time 1681490503 794798135,driver.py,driver,56,"['/imu', '/rosout']"
1681490503.8212702,67190,1681490503,820880889,,2,/imu_driver,Current time 1681490503 819857597,driver.py,driver,56,"['/imu', '/rosout']"
1681490503.8463721,67191,1681490503,845856666,,2,/imu_driver,Current time 1681490503 844739437,driver.py,driver,56,"['/imu', '/rosout']"
1681490503.8713176,67192,1681490503,870799779,,2,/imu_driver,Current time 1681490503 869756221,driver.py,driver,56,"['/imu', '/rosout']"
1681490503.8969288,67193,1681490503,895861864,,2,/imu_driver,Current time 1681490503 894553661,driver.py,driver,56,"['/imu', '/rosout']"
1681490503.921497,67194,1681490503,920868158,,2,/imu_driver,Current time 1681490503 919800281,driver.py,driver,56,"['/imu', '/rosout']"
1681490503.9461877,67195,1681490503,945661544,,2,/imu_driver,Current time 1681490503 944717407,driver.py,driver,56,"['/imu', '/rosout']"
1681490503.971319,67196,1681490503,970568656,,2,/imu_driver,Current time 1681490503 969582557,driver.py,driver,56,"['/imu', '/rosout']"
1681490503.9959114,67197,1681490503,995429992,,2,/imu_driver,Current time 1681490503 994455337,driver.py,driver,56,"['/imu', '/rosout']"
1681490504.0210128,67198,1681490504,20749807,,2,/imu_driver,Current time 1681490504 19584178,driver.py,driver,56,"['/imu', '/rosout']"
1681490504.046606,67199,1681490504,45863866,,2,/imu_driver,Current time 1681490504 44556617,driver.py,driver,56,"['/imu', '/rosout']"
1681490504.0712595,67200,1681490504,70621728,,2,/imu_driver,Current time 1681490504 69642543,driver.py,driver,56,"['/imu', '/rosout']"
1681490504.096018,67201,1681490504,95387220,,2,/imu_driver,Current time 1681490504 94381809,driver.py,driver,56,"['/imu', '/rosout']"
1681490504.123133,67202,1681490504,122776031,,2,/imu_driver,Current time 1681490504 121277332,driver.py,driver,56,"['/imu', '/rosout']"
1681490504.1477153,67203,1681490504,147218942,,2,/imu_driver,Current time 1681490504 144602537,driver.py,driver,56,"['/imu', '/rosout']"
1681490504.170831,67204,1681490504,170491456,,2,/imu_driver,Current time 1681490504 169484138,driver.py,driver,56,"['/imu', '/rosout']"
1681490504.1980975,67205,1681490504,197649717,,2,/imu_driver,Current time 1681490504 195598840,driver.py,driver,56,"['/imu', '/rosout']"
1681490504.2210436,67206,1681490504,220753431,,2,/imu_driver,Current time 1681490504 219472169,driver.py,driver,56,"['/imu', '/rosout']"
1681490504.2474933,67207,1681490504,246614217,,2,/imu_driver,Current time 1681490504 244992256,driver.py,driver,56,"['/imu', '/rosout']"
1681490504.2723486,67208,1681490504,271531105,,2,/imu_driver,Current time 1681490504 270508289,driver.py,driver,56,"['/imu', '/rosout']"
1681490504.2959595,67209,1681490504,295404911,,2,/imu_driver,Current time 1681490504 294385910,driver.py,driver,56,"['/imu', '/rosout']"
1681490504.321566,67210,1681490504,321342229,,2,/imu_driver,Current time 1681490504 320417881,driver.py,driver,56,"['/imu', '/rosout']"
1681490504.347316,67211,1681490504,346997976,,2,/imu_driver,Current time 1681490504 345774412,driver.py,driver,56,"['/imu', '/rosout']"
1681490504.371604,67212,1681490504,371338844,,2,/imu_driver,Current time 1681490504 370406150,driver.py,driver,56,"['/imu', '/rosout']"
1681490504.3966448,67213,1681490504,395902633,,2,/imu_driver,Current time 1681490504 394479036,driver.py,driver,56,"['/imu', '/rosout']"
1681490504.4220347,67214,1681490504,421700000,,2,/imu_driver,Current time 1681490504 420498371,driver.py,driver,56,"['/imu', '/rosout']"
1681490504.4470143,67215,1681490504,446359395,,2,/imu_driver,Current time 1681490504 445321559,driver.py,driver,56,"['/imu', '/rosout']"
1681490504.4718869,67216,1681490504,471238136,,2,/imu_driver,Current time 1681490504 470194101,driver.py,driver,56,"['/imu', '/rosout']"
1681490504.4975884,67217,1681490504,496839284,,2,/imu_driver,Current time 1681490504 495297908,driver.py,driver,56,"['/imu', '/rosout']"
1681490504.5219402,67218,1681490504,521400213,,2,/imu_driver,Current time 1681490504 520306348,driver.py,driver,56,"['/imu', '/rosout']"
1681490504.5467134,67219,1681490504,546205759,,2,/imu_driver,Current time 1681490504 545191049,driver.py,driver,56,"['/imu', '/rosout']"
1681490504.5720553,67220,1681490504,571287631,,2,/imu_driver,Current time 1681490504 570268630,driver.py,driver,56,"['/imu', '/rosout']"
1681490504.5966516,67221,1681490504,596343517,,2,/imu_driver,Current time 1681490504 595356702,driver.py,driver,56,"['/imu', '/rosout']"
1681490504.6218681,67222,1681490504,621372938,,2,/imu_driver,Current time 1681490504 620279550,driver.py,driver,56,"['/imu', '/rosout']"
1681490504.6474783,67223,1681490504,646806478,,2,/imu_driver,Current time 1681490504 645282506,driver.py,driver,56,"['/imu', '/rosout']"
1681490504.6716118,67224,1681490504,671267032,,2,/imu_driver,Current time 1681490504 670189380,driver.py,driver,56,"['/imu', '/rosout']"
1681490504.6965103,67225,1681490504,696014642,,2,/imu_driver,Current time 1681490504 695111751,driver.py,driver,56,"['/imu', '/rosout']"
1681490504.721517,67226,1681490504,721264839,,2,/imu_driver,Current time 1681490504 720113515,driver.py,driver,56,"['/imu', '/rosout']"
1681490504.7467792,67227,1681490504,746485710,,2,/imu_driver,Current time 1681490504 745129108,driver.py,driver,56,"['/imu', '/rosout']"
1681490504.7713494,67228,1681490504,771124124,,2,/imu_driver,Current time 1681490504 770063877,driver.py,driver,56,"['/imu', '/rosout']"
1681490504.7962248,67229,1681490504,796006679,,2,/imu_driver,Current time 1681490504 795052528,driver.py,driver,56,"['/imu', '/rosout']"
1681490504.8215282,67230,1681490504,821207046,,2,/imu_driver,Current time 1681490504 820161104,driver.py,driver,56,"['/imu', '/rosout']"
1681490504.846565,67231,1681490504,846001863,,2,/imu_driver,Current time 1681490504 844950199,driver.py,driver,56,"['/imu', '/rosout']"
1681490504.8716185,67232,1681490504,871048927,,2,/imu_driver,Current time 1681490504 869982481,driver.py,driver,56,"['/imu', '/rosout']"
1681490504.8984601,67233,1681490504,897854089,,2,/imu_driver,Current time 1681490504 896686077,driver.py,driver,56,"['/imu', '/rosout']"
1681490504.9230132,67234,1681490504,921777725,,2,/imu_driver,Current time 1681490504 920592546,driver.py,driver,56,"['/imu', '/rosout']"
1681490504.9462402,67235,1681490504,946051359,,2,/imu_driver,Current time 1681490504 944939374,driver.py,driver,56,"['/imu', '/rosout']"
1681490504.9715316,67236,1681490504,971043825,,2,/imu_driver,Current time 1681490504 969828367,driver.py,driver,56,"['/imu', '/rosout']"
1681490504.9979331,67237,1681490504,997101545,,2,/imu_driver,Current time 1681490504 995810985,driver.py,driver,56,"['/imu', '/rosout']"
1681490505.0224948,67238,1681490505,21205663,,2,/imu_driver,Current time 1681490505 19985914,driver.py,driver,56,"['/imu', '/rosout']"
1681490505.04694,67239,1681490505,46344995,,2,/imu_driver,Current time 1681490505 44896841,driver.py,driver,56,"['/imu', '/rosout']"
1681490505.0712042,67240,1681490505,70819854,,2,/imu_driver,Current time 1681490505 69890260,driver.py,driver,56,"['/imu', '/rosout']"
1681490505.0964413,67241,1681490505,95821142,,2,/imu_driver,Current time 1681490505 94875335,driver.py,driver,56,"['/imu', '/rosout']"
1681490505.121585,67242,1681490505,120942115,,2,/imu_driver,Current time 1681490505 119724988,driver.py,driver,56,"['/imu', '/rosout']"
1681490505.147172,67243,1681490505,146471023,,2,/imu_driver,Current time 1681490505 145021915,driver.py,driver,56,"['/imu', '/rosout']"
1681490505.1713455,67244,1681490505,171088695,,2,/imu_driver,Current time 1681490505 169888019,driver.py,driver,56,"['/imu', '/rosout']"
1681490505.1967552,67245,1681490505,195935487,,2,/imu_driver,Current time 1681490505 194834947,driver.py,driver,56,"['/imu', '/rosout']"
1681490505.2215443,67246,1681490505,220952033,,2,/imu_driver,Current time 1681490505 219698190,driver.py,driver,56,"['/imu', '/rosout']"
1681490505.2474828,67247,1681490505,246855735,,2,/imu_driver,Current time 1681490505 245244503,driver.py,driver,56,"['/imu', '/rosout']"
1681490505.2718594,67248,1681490505,271380186,,2,/imu_driver,Current time 1681490505 270080566,driver.py,driver,56,"['/imu', '/rosout']"
1681490505.2979174,67249,1681490505,297298192,,2,/imu_driver,Current time 1681490505 295694112,driver.py,driver,56,"['/imu', '/rosout']"
1681490505.321723,67250,1681490505,321390151,,2,/imu_driver,Current time 1681490505 319811582,driver.py,driver,56,"['/imu', '/rosout']"
1681490505.3463957,67251,1681490505,345885753,,2,/imu_driver,Current time 1681490505 344689846,driver.py,driver,56,"['/imu', '/rosout']"
1681490505.3709636,67252,1681490505,370673179,,2,/imu_driver,Current time 1681490505 369632720,driver.py,driver,56,"['/imu', '/rosout']"
1681490505.3966992,67253,1681490505,396263122,,2,/imu_driver,Current time 1681490505 394590616,driver.py,driver,56,"['/imu', '/rosout']"
1681490505.42106,67254,1681490505,420679092,,2,/imu_driver,Current time 1681490505 419678449,driver.py,driver,56,"['/imu', '/rosout']"
1681490505.4464214,67255,1681490505,445481777,,2,/imu_driver,Current time 1681490505 444515228,driver.py,driver,56,"['/imu', '/rosout']"
1681490505.4713151,67256,1681490505,470740795,,2,/imu_driver,Current time 1681490505 469650030,driver.py,driver,56,"['/imu', '/rosout']"
1681490505.4970686,67257,1681490505,496237277,,2,/imu_driver,Current time 1681490505 494859457,driver.py,driver,56,"['/imu', '/rosout']"
1681490505.5228336,67258,1681490505,522148132,,2,/imu_driver,Current time 1681490505 520957469,driver.py,driver,56,"['/imu', '/rosout']"
1681490505.5466805,67259,1681490505,545804023,,2,/imu_driver,Current time 1681490505 544483184,driver.py,driver,56,"['/imu', '/rosout']"
1681490505.5708115,67260,1681490505,570506572,,2,/imu_driver,Current time 1681490505 569572210,driver.py,driver,56,"['/imu', '/rosout']"
1681490505.5958622,67261,1681490505,595605850,,2,/imu_driver,Current time 1681490505 594612836,driver.py,driver,56,"['/imu', '/rosout']"
1681490505.6213827,67262,1681490505,621116161,,2,/imu_driver,Current time 1681490505 619695901,driver.py,driver,56,"['/imu', '/rosout']"
1681490505.6464796,67263,1681490505,645878553,,2,/imu_driver,Current time 1681490505 644382953,driver.py,driver,56,"['/imu', '/rosout']"
1681490505.6725695,67264,1681490505,671888351,,2,/imu_driver,Current time 1681490505 670429944,driver.py,driver,56,"['/imu', '/rosout']"
1681490505.695809,67265,1681490505,695345878,,2,/imu_driver,Current time 1681490505 694433450,driver.py,driver,56,"['/imu', '/rosout']"
1681490505.7214932,67266,1681490505,721289634,,2,/imu_driver,Current time 1681490505 720382213,driver.py,driver,56,"['/imu', '/rosout']"
1681490505.7512877,67267,1681490505,750617742,,2,/imu_driver,Current time 1681490505 747966051,driver.py,driver,56,"['/imu', '/rosout']"
1681490505.7717347,67268,1681490505,771354436,,2,/imu_driver,Current time 1681490505 770328998,driver.py,driver,56,"['/imu', '/rosout']"
1681490505.7972302,67269,1681490505,796629190,,2,/imu_driver,Current time 1681490505 795371055,driver.py,driver,56,"['/imu', '/rosout']"
1681490505.8217492,67270,1681490505,821366786,,2,/imu_driver,Current time 1681490505 820323944,driver.py,driver,56,"['/imu', '/rosout']"
1681490505.8463616,67271,1681490505,846153736,,2,/imu_driver,Current time 1681490505 845196723,driver.py,driver,56,"['/imu', '/rosout']"
1681490505.8720021,67272,1681490505,871368408,,2,/imu_driver,Current time 1681490505 870291471,driver.py,driver,56,"['/imu', '/rosout']"
1681490505.8975682,67273,1681490505,896760225,,2,/imu_driver,Current time 1681490505 895256280,driver.py,driver,56,"['/imu', '/rosout']"
1681490505.9217248,67274,1681490505,921223402,,2,/imu_driver,Current time 1681490505 920184135,driver.py,driver,56,"['/imu', '/rosout']"
1681490505.9468095,67275,1681490505,946318626,,2,/imu_driver,Current time 1681490505 945286750,driver.py,driver,56,"['/imu', '/rosout']"
1681490505.9713838,67276,1681490505,971184730,,2,/imu_driver,Current time 1681490505 970237255,driver.py,driver,56,"['/imu', '/rosout']"
1681490505.9968655,67277,1681490505,996649503,,2,/imu_driver,Current time 1681490505 995480537,driver.py,driver,56,"['/imu', '/rosout']"
1681490506.0215037,67278,1681490506,21284103,,2,/imu_driver,Current time 1681490506 20153999,driver.py,driver,56,"['/imu', '/rosout']"
1681490506.0478354,67279,1681490506,47604084,,2,/imu_driver,Current time 1681490506 46149492,driver.py,driver,56,"['/imu', '/rosout']"
1681490506.0714622,67280,1681490506,71286201,,2,/imu_driver,Current time 1681490506 70357322,driver.py,driver,56,"['/imu', '/rosout']"
1681490506.0966263,67281,1681490506,96188068,,2,/imu_driver,Current time 1681490506 95135450,driver.py,driver,56,"['/imu', '/rosout']"
1681490506.1220565,67282,1681490506,121376991,,2,/imu_driver,Current time 1681490506 120131015,driver.py,driver,56,"['/imu', '/rosout']"
1681490506.147093,67283,1681490506,146224498,,2,/imu_driver,Current time 1681490506 144962310,driver.py,driver,56,"['/imu', '/rosout']"
1681490506.1717048,67284,1681490506,171224117,,2,/imu_driver,Current time 1681490506 170147657,driver.py,driver,56,"['/imu', '/rosout']"
1681490506.1974878,67285,1681490506,196215152,,2,/imu_driver,Current time 1681490506 194971323,driver.py,driver,56,"['/imu', '/rosout']"
1681490506.2213776,67286,1681490506,221044778,,2,/imu_driver,Current time 1681490506 219962358,driver.py,driver,56,"['/imu', '/rosout']"
1681490506.246733,67287,1681490506,246246099,,2,/imu_driver,Current time 1681490506 244960069,driver.py,driver,56,"['/imu', '/rosout']"
1681490506.271328,67288,1681490506,271058082,,2,/imu_driver,Current time 1681490506 269859075,driver.py,driver,56,"['/imu', '/rosout']"
1681490506.2970693,67289,1681490506,296605587,,2,/imu_driver,Current time 1681490506 295125484,driver.py,driver,56,"['/imu', '/rosout']"
1681490506.3215299,67290,1681490506,321162700,,2,/imu_driver,Current time 1681490506 320057630,driver.py,driver,56,"['/imu', '/rosout']"
1681490506.346448,67291,1681490506,345996141,,2,/imu_driver,Current time 1681490506 344907999,driver.py,driver,56,"['/imu', '/rosout']"
1681490506.3716044,67292,1681490506,370909214,,2,/imu_driver,Current time 1681490506 369780778,driver.py,driver,56,"['/imu', '/rosout']"
1681490506.3994396,67293,1681490506,398847341,,2,/imu_driver,Current time 1681490506 397436618,driver.py,driver,56,"['/imu', '/rosout']"
1681490506.4217188,67294,1681490506,421079158,,2,/imu_driver,Current time 1681490506 419979572,driver.py,driver,56,"['/imu', '/rosout']"
1681490506.4470768,67295,1681490506,446254014,,2,/imu_driver,Current time 1681490506 444807529,driver.py,driver,56,"['/imu', '/rosout']"
1681490506.4721847,67296,1681490506,471271514,,2,/imu_driver,Current time 1681490506 469991922,driver.py,driver,56,"['/imu', '/rosout']"
1681490506.4967325,67297,1681490506,496016502,,2,/imu_driver,Current time 1681490506 494894027,driver.py,driver,56,"['/imu', '/rosout']"
1681490506.5212407,67298,1681490506,520951032,,2,/imu_driver,Current time 1681490506 519718170,driver.py,driver,56,"['/imu', '/rosout']"
1681490506.549474,67299,1681490506,548823833,,2,/imu_driver,Current time 1681490506 547472238,driver.py,driver,56,"['/imu', '/rosout']"
1681490506.5710924,67300,1681490506,570750713,,2,/imu_driver,Current time 1681490506 569697618,driver.py,driver,56,"['/imu', '/rosout']"
1681490506.5958405,67301,1681490506,595612764,,2,/imu_driver,Current time 1681490506 594686508,driver.py,driver,56,"['/imu', '/rosout']"
1681490506.6213372,67302,1681490506,621000766,,2,/imu_driver,Current time 1681490506 619786739,driver.py,driver,56,"['/imu', '/rosout']"
1681490506.64637,67303,1681490506,645749092,,2,/imu_driver,Current time 1681490506 644803047,driver.py,driver,56,"['/imu', '/rosout']"
1681490506.6710126,67304,1681490506,670757293,,2,/imu_driver,Current time 1681490506 669730901,driver.py,driver,56,"['/imu', '/rosout']"
1681490506.697828,67305,1681490506,697159528,,2,/imu_driver,Current time 1681490506 694659233,driver.py,driver,56,"['/imu', '/rosout']"
1681490506.7212617,67306,1681490506,720708608,,2,/imu_driver,Current time 1681490506 719770908,driver.py,driver,56,"['/imu', '/rosout']"
1681490506.745907,67307,1681490506,745590209,,2,/imu_driver,Current time 1681490506 744715690,driver.py,driver,56,"['/imu', '/rosout']"
1681490506.7712612,67308,1681490506,770616054,,2,/imu_driver,Current time 1681490506 769641637,driver.py,driver,56,"['/imu', '/rosout']"
1681490506.7977324,67309,1681490506,797274351,,2,/imu_driver,Current time 1681490506 795892000,driver.py,driver,56,"['/imu', '/rosout']"
1681490506.8223615,67310,1681490506,821506977,,2,/imu_driver,Current time 1681490506 819890499,driver.py,driver,56,"['/imu', '/rosout']"
1681490506.8462808,67311,1681490506,845762491,,2,/imu_driver,Current time 1681490506 844614505,driver.py,driver,56,"['/imu', '/rosout']"
1681490506.8715343,67312,1681490506,870804071,,2,/imu_driver,Current time 1681490506 869741678,driver.py,driver,56,"['/imu', '/rosout']"
1681490506.897503,67313,1681490506,896615028,,2,/imu_driver,Current time 1681490506 895194530,driver.py,driver,56,"['/imu', '/rosout']"
1681490506.9215455,67314,1681490506,920890331,,2,/imu_driver,Current time 1681490506 919705867,driver.py,driver,56,"['/imu', '/rosout']"
1681490506.946257,67315,1681490506,945733785,,2,/imu_driver,Current time 1681490506 944573163,driver.py,driver,56,"['/imu', '/rosout']"
1681490506.9711735,67316,1681490506,970576524,,2,/imu_driver,Current time 1681490506 969589948,driver.py,driver,56,"['/imu', '/rosout']"
1681490506.9962094,67317,1681490506,995497226,,2,/imu_driver,Current time 1681490506 994443893,driver.py,driver,56,"['/imu', '/rosout']"
1681490507.022036,67318,1681490507,21429538,,2,/imu_driver,Current time 1681490507 20445346,driver.py,driver,56,"['/imu', '/rosout']"
1681490507.0468462,67319,1681490507,45900583,,2,/imu_driver,Current time 1681490507 44424772,driver.py,driver,56,"['/imu', '/rosout']"
1681490507.0721488,67320,1681490507,71464538,,2,/imu_driver,Current time 1681490507 70387601,driver.py,driver,56,"['/imu', '/rosout']"
1681490507.096908,67321,1681490507,96268653,,2,/imu_driver,Current time 1681490507 95221757,driver.py,driver,56,"['/imu', '/rosout']"
1681490507.1217682,67322,1681490507,121448993,,2,/imu_driver,Current time 1681490507 120410680,driver.py,driver,56,"['/imu', '/rosout']"
1681490507.1465433,67323,1681490507,146353960,,2,/imu_driver,Current time 1681490507 145292043,driver.py,driver,56,"['/imu', '/rosout']"
1681490507.1715837,67324,1681490507,171377658,,2,/imu_driver,Current time 1681490507 170372724,driver.py,driver,56,"['/imu', '/rosout']"
1681490507.19908,67325,1681490507,198897838,,2,/imu_driver,Current time 1681490507 197734594,driver.py,driver,56,"['/imu', '/rosout']"
1681490507.2213407,67326,1681490507,221164703,,2,/imu_driver,Current time 1681490507 220201730,driver.py,driver,56,"['/imu', '/rosout']"
1681490507.2474658,67327,1681490507,246319055,,2,/imu_driver,Current time 1681490507 245242118,driver.py,driver,56,"['/imu', '/rosout']"
1681490507.2719412,67328,1681490507,271316051,,2,/imu_driver,Current time 1681490507 270187854,driver.py,driver,56,"['/imu', '/rosout']"
1681490507.2973044,67329,1681490507,296668767,,2,/imu_driver,Current time 1681490507 295122385,driver.py,driver,56,"['/imu', '/rosout']"
1681490507.3217752,67330,1681490507,321249246,,2,/imu_driver,Current time 1681490507 320226907,driver.py,driver,56,"['/imu', '/rosout']"
1681490507.3470442,67331,1681490507,346745014,,2,/imu_driver,Current time 1681490507 345633029,driver.py,driver,56,"['/imu', '/rosout']"
1681490507.3715718,67332,1681490507,371343374,,2,/imu_driver,Current time 1681490507 370280265,driver.py,driver,56,"['/imu', '/rosout']"
1681490507.3969507,67333,1681490507,396189928,,2,/imu_driver,Current time 1681490507 395138740,driver.py,driver,56,"['/imu', '/rosout']"
1681490507.4213276,67334,1681490507,421095371,,2,/imu_driver,Current time 1681490507 420163393,driver.py,driver,56,"['/imu', '/rosout']"
1681490507.4619205,67335,1681490507,461615562,,2,/imu_driver,Current time 1681490507 460021734,driver.py,driver,56,"['/imu', '/rosout']"
1681490507.4724348,67336,1681490507,472115993,,2,/imu_driver,Current time 1681490507 470384836,driver.py,driver,56,"['/imu', '/rosout']"
1681490507.496323,67337,1681490507,496149063,,2,/imu_driver,Current time 1681490507 495167016,driver.py,driver,56,"['/imu', '/rosout']"
1681490507.5215938,67338,1681490507,520955801,,2,/imu_driver,Current time 1681490507 519881725,driver.py,driver,56,"['/imu', '/rosout']"
1681490507.549092,67339,1681490507,548307895,,2,/imu_driver,Current time 1681490507 547132730,driver.py,driver,56,"['/imu', '/rosout']"
1681490507.572557,67340,1681490507,571301698,,2,/imu_driver,Current time 1681490507 570001125,driver.py,driver,56,"['/imu', '/rosout']"
1681490507.5973804,67341,1681490507,596300601,,2,/imu_driver,Current time 1681490507 594987630,driver.py,driver,56,"['/imu', '/rosout']"
1681490507.6216679,67342,1681490507,621100187,,2,/imu_driver,Current time 1681490507 619985580,driver.py,driver,56,"['/imu', '/rosout']"
1681490507.6471314,67343,1681490507,646178722,,2,/imu_driver,Current time 1681490507 644920825,driver.py,driver,56,"['/imu', '/rosout']"
1681490507.6723154,67344,1681490507,671441078,,2,/imu_driver,Current time 1681490507 670125007,driver.py,driver,56,"['/imu', '/rosout']"
1681490507.6973908,67345,1681490507,696620702,,2,/imu_driver,Current time 1681490507 695093393,driver.py,driver,56,"['/imu', '/rosout']"
1681490507.721655,67346,1681490507,721037387,,2,/imu_driver,Current time 1681490507 720012187,driver.py,driver,56,"['/imu', '/rosout']"
1681490507.7468286,67347,1681490507,745979309,,2,/imu_driver,Current time 1681490507 744968175,driver.py,driver,56,"['/imu', '/rosout']"
1681490507.771653,67348,1681490507,770960569,,2,/imu_driver,Current time 1681490507 769962072,driver.py,driver,56,"['/imu', '/rosout']"
1681490507.7964118,67349,1681490507,795930385,,2,/imu_driver,Current time 1681490507 794896602,driver.py,driver,56,"['/imu', '/rosout']"
1681490507.8219438,67350,1681490507,821065187,,2,/imu_driver,Current time 1681490507 819793462,driver.py,driver,56,"['/imu', '/rosout']"
1681490507.850472,67351,1681490507,849853038,,2,/imu_driver,Current time 1681490507 845214605,driver.py,driver,56,"['/imu', '/rosout']"
1681490507.871337,67352,1681490507,870787620,,2,/imu_driver,Current time 1681490507 869669914,driver.py,driver,56,"['/imu', '/rosout']"
1681490507.8964124,67353,1681490507,895797252,,2,/imu_driver,Current time 1681490507 894772291,driver.py,driver,56,"['/imu', '/rosout']"
1681490507.9214294,67354,1681490507,920716047,,2,/imu_driver,Current time 1681490507 919562339,driver.py,driver,56,"['/imu', '/rosout']"
1681490507.9479423,67355,1681490507,947164297,,2,/imu_driver,Current time 1681490507 945618867,driver.py,driver,56,"['/imu', '/rosout']"
1681490507.971299,67356,1681490507,970703601,,2,/imu_driver,Current time 1681490507 969574451,driver.py,driver,56,"['/imu', '/rosout']"
1681490507.996143,67357,1681490507,995485067,,2,/imu_driver,Current time 1681490507 994493246,driver.py,driver,56,"['/imu', '/rosout']"
1681490508.021259,67358,1681490508,20737886,,2,/imu_driver,Current time 1681490508 19597053,driver.py,driver,56,"['/imu', '/rosout']"
1681490508.046039,67359,1681490508,45727491,,2,/imu_driver,Current time 1681490508 44595956,driver.py,driver,56,"['/imu', '/rosout']"
1681490508.071469,67360,1681490508,70852041,,2,/imu_driver,Current time 1681490508 69545984,driver.py,driver,56,"['/imu', '/rosout']"
1681490508.0973814,67361,1681490508,96338987,,2,/imu_driver,Current time 1681490508 94799757,driver.py,driver,56,"['/imu', '/rosout']"
1681490508.121676,67362,1681490508,120804071,,2,/imu_driver,Current time 1681490508 119598388,driver.py,driver,56,"['/imu', '/rosout']"
1681490508.1462748,67363,1681490508,145617723,,2,/imu_driver,Current time 1681490508 144605398,driver.py,driver,56,"['/imu', '/rosout']"
1681490508.1711135,67364,1681490508,170479297,,2,/imu_driver,Current time 1681490508 169523715,driver.py,driver,56,"['/imu', '/rosout']"
1681490508.196901,67365,1681490508,196386337,,2,/imu_driver,Current time 1681490508 194981098,driver.py,driver,56,"['/imu', '/rosout']"
1681490508.2225213,67366,1681490508,221547842,,2,/imu_driver,Current time 1681490508 220530509,driver.py,driver,56,"['/imu', '/rosout']"
1681490508.2463562,67367,1681490508,245667219,,2,/imu_driver,Current time 1681490508 244704008,driver.py,driver,56,"['/imu', '/rosout']"
1681490508.271833,67368,1681490508,271488666,,2,/imu_driver,Current time 1681490508 270550251,driver.py,driver,56,"['/imu', '/rosout']"
1681490508.297459,67369,1681490508,296483278,,2,/imu_driver,Current time 1681490508 294848442,driver.py,driver,56,"['/imu', '/rosout']"
1681490508.321742,67370,1681490508,321350812,,2,/imu_driver,Current time 1681490508 320294857,driver.py,driver,56,"['/imu', '/rosout']"
1681490508.3474078,67371,1681490508,346764802,,2,/imu_driver,Current time 1681490508 345386266,driver.py,driver,56,"['/imu', '/rosout']"
1681490508.3717823,67372,1681490508,371467828,,2,/imu_driver,Current time 1681490508 370296478,driver.py,driver,56,"['/imu', '/rosout']"
1681490508.3966062,67373,1681490508,396408081,,2,/imu_driver,Current time 1681490508 395337104,driver.py,driver,56,"['/imu', '/rosout']"
1681490508.421678,67374,1681490508,421399593,,2,/imu_driver,Current time 1681490508 420401573,driver.py,driver,56,"['/imu', '/rosout']"
1681490508.4500701,67375,1681490508,449385404,,2,/imu_driver,Current time 1681490508 448051452,driver.py,driver,56,"['/imu', '/rosout']"
1681490508.4719918,67376,1681490508,471354722,,2,/imu_driver,Current time 1681490508 470264911,driver.py,driver,56,"['/imu', '/rosout']"
1681490508.4965992,67377,1681490508,496371507,,2,/imu_driver,Current time 1681490508 495223999,driver.py,driver,56,"['/imu', '/rosout']"
1681490508.5230196,67378,1681490508,522032737,,2,/imu_driver,Current time 1681490508 520460605,driver.py,driver,56,"['/imu', '/rosout']"
1681490508.5465732,67379,1681490508,546219110,,2,/imu_driver,Current time 1681490508 545244693,driver.py,driver,56,"['/imu', '/rosout']"
1681490508.571644,67380,1681490508,571411132,,2,/imu_driver,Current time 1681490508 570343255,driver.py,driver,56,"['/imu', '/rosout']"
1681490508.5980215,67381,1681490508,597297191,,2,/imu_driver,Current time 1681490508 595835208,driver.py,driver,56,"['/imu', '/rosout']"
1681490508.6222205,67382,1681490508,621406793,,2,/imu_driver,Current time 1681490508 620195388,driver.py,driver,56,"['/imu', '/rosout']"
1681490508.6465237,67383,1681490508,646321296,,2,/imu_driver,Current time 1681490508 645103693,driver.py,driver,56,"['/imu', '/rosout']"
1681490508.6712718,67384,1681490508,671061515,,2,/imu_driver,Current time 1681490508 670093297,driver.py,driver,56,"['/imu', '/rosout']"
1681490508.6970625,67385,1681490508,696561336,,2,/imu_driver,Current time 1681490508 695080757,driver.py,driver,56,"['/imu', '/rosout']"
1681490508.7222157,67386,1681490508,721464633,,2,/imu_driver,Current time 1681490508 720046043,driver.py,driver,56,"['/imu', '/rosout']"
1681490508.7481713,67387,1681490508,746647119,,2,/imu_driver,Current time 1681490508 745199680,driver.py,driver,56,"['/imu', '/rosout']"
1681490508.7722845,67388,1681490508,771754741,,2,/imu_driver,Current time 1681490508 770503282,driver.py,driver,56,"['/imu', '/rosout']"
1681490508.7964509,67389,1681490508,796295642,,2,/imu_driver,Current time 1681490508 795015096,driver.py,driver,56,"['/imu', '/rosout']"
1681490508.8215117,67390,1681490508,821235656,,2,/imu_driver,Current time 1681490508 820078134,driver.py,driver,56,"['/imu', '/rosout']"
1681490508.8465555,67391,1681490508,846256494,,2,/imu_driver,Current time 1681490508 844929456,driver.py,driver,56,"['/imu', '/rosout']"
1681490508.8724341,67392,1681490508,871173143,,2,/imu_driver,Current time 1681490508 869981765,driver.py,driver,56,"['/imu', '/rosout']"
1681490508.8968449,67393,1681490508,896195888,,2,/imu_driver,Current time 1681490508 895056724,driver.py,driver,56,"['/imu', '/rosout']"
1681490508.9214518,67394,1681490508,921043634,,2,/imu_driver,Current time 1681490508 919996261,driver.py,driver,56,"['/imu', '/rosout']"
1681490508.946731,67395,1681490508,946115493,,2,/imu_driver,Current time 1681490508 944879293,driver.py,driver,56,"['/imu', '/rosout']"
1681490508.9715924,67396,1681490508,970905303,,2,/imu_driver,Current time 1681490508 969814777,driver.py,driver,56,"['/imu', '/rosout']"
1681490508.9980874,67397,1681490508,996036291,,2,/imu_driver,Current time 1681490508 994831562,driver.py,driver,56,"['/imu', '/rosout']"
1681490509.0212889,67398,1681490509,21053075,,2,/imu_driver,Current time 1681490509 19959449,driver.py,driver,56,"['/imu', '/rosout']"
1681490509.0463557,67399,1681490509,45810937,,2,/imu_driver,Current time 1681490509 44806718,driver.py,driver,56,"['/imu', '/rosout']"
1681490509.071401,67400,1681490509,70857048,,2,/imu_driver,Current time 1681490509 69787025,driver.py,driver,56,"['/imu', '/rosout']"
1681490509.0962696,67401,1681490509,96012830,,2,/imu_driver,Current time 1681490509 94662904,driver.py,driver,56,"['/imu', '/rosout']"
1681490509.1212168,67402,1681490509,120887517,,2,/imu_driver,Current time 1681490509 119846582,driver.py,driver,56,"['/imu', '/rosout']"
1681490509.1464007,67403,1681490509,145827054,,2,/imu_driver,Current time 1681490509 144781112,driver.py,driver,56,"['/imu', '/rosout']"
1681490509.1712778,67404,1681490509,170692682,,2,/imu_driver,Current time 1681490509 169722557,driver.py,driver,56,"['/imu', '/rosout']"
1681490509.196213,67405,1681490509,195539712,,2,/imu_driver,Current time 1681490509 194569826,driver.py,driver,56,"['/imu', '/rosout']"
1681490509.2212768,67406,1681490509,220541238,,2,/imu_driver,Current time 1681490509 219572305,driver.py,driver,56,"['/imu', '/rosout']"
1681490509.2484217,67407,1681490509,247427701,,2,/imu_driver,Current time 1681490509 245903253,driver.py,driver,56,"['/imu', '/rosout']"
1681490509.27122,67408,1681490509,270591974,,2,/imu_driver,Current time 1681490509 269662380,driver.py,driver,56,"['/imu', '/rosout']"
1681490509.2964866,67409,1681490509,295687437,,2,/imu_driver,Current time 1681490509 294566631,driver.py,driver,56,"['/imu', '/rosout']"
1681490509.3212612,67410,1681490509,320694923,,2,/imu_driver,Current time 1681490509 319572687,driver.py,driver,56,"['/imu', '/rosout']"
1681490509.3468254,67411,1681490509,346071243,,2,/imu_driver,Current time 1681490509 344938993,driver.py,driver,56,"['/imu', '/rosout']"
1681490509.3713226,67412,1681490509,370586633,,2,/imu_driver,Current time 1681490509 369695663,driver.py,driver,56,"['/imu', '/rosout']"
1681490509.398106,67413,1681490509,395713806,,2,/imu_driver,Current time 1681490509 394519329,driver.py,driver,56,"['/imu', '/rosout']"
1681490509.4218667,67414,1681490509,421305179,,2,/imu_driver,Current time 1681490509 420403003,driver.py,driver,56,"['/imu', '/rosout']"
1681490509.4460933,67415,1681490509,445495367,,2,/imu_driver,Current time 1681490509 444372892,driver.py,driver,56,"['/imu', '/rosout']"
1681490509.4718392,67416,1681490509,471412658,,2,/imu_driver,Current time 1681490509 470445394,driver.py,driver,56,"['/imu', '/rosout']"
1681490509.5002627,67417,1681490509,499669313,,2,/imu_driver,Current time 1681490509 498119354,driver.py,driver,56,"['/imu', '/rosout']"
1681490509.522009,67418,1681490509,521439790,,2,/imu_driver,Current time 1681490509 520264387,driver.py,driver,56,"['/imu', '/rosout']"
1681490509.5470605,67419,1681490509,546472549,,2,/imu_driver,Current time 1681490509 545403242,driver.py,driver,56,"['/imu', '/rosout']"
1681490509.571936,67420,1681490509,571402072,,2,/imu_driver,Current time 1681490509 570440053,driver.py,driver,56,"['/imu', '/rosout']"
1681490509.612987,67421,1681490509,612477302,,2,/imu_driver,Current time 1681490509 611419677,driver.py,driver,56,"['/imu', '/rosout']"
1681490509.621739,67422,1681490509,621228456,,2,/imu_driver,Current time 1681490509 620242595,driver.py,driver,56,"['/imu', '/rosout']"
1681490509.648017,67423,1681490509,647336721,,2,/imu_driver,Current time 1681490509 645267724,driver.py,driver,56,"['/imu', '/rosout']"
1681490509.671931,67424,1681490509,671333789,,2,/imu_driver,Current time 1681490509 670414924,driver.py,driver,56,"['/imu', '/rosout']"
1681490509.6967247,67425,1681490509,696272134,,2,/imu_driver,Current time 1681490509 695271730,driver.py,driver,56,"['/imu', '/rosout']"
1681490509.7219982,67426,1681490509,721561193,,2,/imu_driver,Current time 1681490509 720303535,driver.py,driver,56,"['/imu', '/rosout']"
1681490509.7499247,67427,1681490509,749637842,,2,/imu_driver,Current time 1681490509 748409509,driver.py,driver,56,"['/imu', '/rosout']"
1681490509.771272,67428,1681490509,771088361,,2,/imu_driver,Current time 1681490509 770090103,driver.py,driver,56,"['/imu', '/rosout']"
1681490509.7964303,67429,1681490509,796256065,,2,/imu_driver,Current time 1681490509 795209646,driver.py,driver,56,"['/imu', '/rosout']"
1681490509.8214335,67430,1681490509,821229219,,2,/imu_driver,Current time 1681490509 820156335,driver.py,driver,56,"['/imu', '/rosout']"
1681490509.846198,67431,1681490509,845997810,,2,/imu_driver,Current time 1681490509 844999313,driver.py,driver,56,"['/imu', '/rosout']"
1681490509.871795,67432,1681490509,871437311,,2,/imu_driver,Current time 1681490509 870370626,driver.py,driver,56,"['/imu', '/rosout']"
1681490509.897417,67433,1681490509,896369934,,2,/imu_driver,Current time 1681490509 895104885,driver.py,driver,56,"['/imu', '/rosout']"
1681490509.9219193,67434,1681490509,921258926,,2,/imu_driver,Current time 1681490509 920191526,driver.py,driver,56,"['/imu', '/rosout']"
1681490509.9466367,67435,1681490509,946281433,,2,/imu_driver,Current time 1681490509 945146560,driver.py,driver,56,"['/imu', '/rosout']"
1681490509.971673,67436,1681490509,971222877,,2,/imu_driver,Current time 1681490509 970057010,driver.py,driver,56,"['/imu', '/rosout']"
1681490510.001648,67437,1681490510,964403,,2,/imu_driver,Current time 1681490509 995376825,driver.py,driver,56,"['/imu', '/rosout']"
1681490510.021373,67438,1681490510,21060705,,2,/imu_driver,Current time 1681490510 19899606,driver.py,driver,56,"['/imu', '/rosout']"
1681490510.0472095,67439,1681490510,46176433,,2,/imu_driver,Current time 1681490510 45067787,driver.py,driver,56,"['/imu', '/rosout']"
1681490510.071476,67440,1681490510,70928812,,2,/imu_driver,Current time 1681490510 69954633,driver.py,driver,56,"['/imu', '/rosout']"
1681490510.0966635,67441,1681490510,96096754,,2,/imu_driver,Current time 1681490510 94933032,driver.py,driver,56,"['/imu', '/rosout']"
1681490510.1213412,67442,1681490510,121037483,,2,/imu_driver,Current time 1681490510 119888067,driver.py,driver,56,"['/imu', '/rosout']"
1681490510.1483889,67443,1681490510,147915840,,2,/imu_driver,Current time 1681490510 146774530,driver.py,driver,56,"['/imu', '/rosout']"
1681490510.1716223,67444,1681490510,171025753,,2,/imu_driver,Current time 1681490510 169997453,driver.py,driver,56,"['/imu', '/rosout']"
1681490510.1964066,67445,1681490510,196185111,,2,/imu_driver,Current time 1681490510 195095777,driver.py,driver,56,"['/imu', '/rosout']"
1681490510.2218566,67446,1681490510,221201658,,2,/imu_driver,Current time 1681490510 219980001,driver.py,driver,56,"['/imu', '/rosout']"
1681490510.2494147,67447,1681490510,246414661,,2,/imu_driver,Current time 1681490510 244844913,driver.py,driver,56,"['/imu', '/rosout']"
1681490510.2710757,67448,1681490510,270902872,,2,/imu_driver,Current time 1681490510 269864797,driver.py,driver,56,"['/imu', '/rosout']"
1681490510.2974014,67449,1681490510,297192811,,2,/imu_driver,Current time 1681490510 294891595,driver.py,driver,56,"['/imu', '/rosout']"
1681490510.3211179,67450,1681490510,320935726,,2,/imu_driver,Current time 1681490510 319750070,driver.py,driver,56,"['/imu', '/rosout']"
1681490510.346675,67451,1681490510,346351146,,2,/imu_driver,Current time 1681490510 345017433,driver.py,driver,56,"['/imu', '/rosout']"
1681490510.371124,67452,1681490510,370913743,,2,/imu_driver,Current time 1681490510 369819641,driver.py,driver,56,"['/imu', '/rosout']"
1681490510.4007123,67453,1681490510,396412134,,2,/imu_driver,Current time 1681490510 395029544,driver.py,driver,56,"['/imu', '/rosout']"
1681490510.421311,67454,1681490510,420495510,,2,/imu_driver,Current time 1681490510 419595956,driver.py,driver,56,"['/imu', '/rosout']"
1681490510.4463942,67455,1681490510,445988893,,2,/imu_driver,Current time 1681490510 444985151,driver.py,driver,56,"['/imu', '/rosout']"
1681490510.4713695,67456,1681490510,470900535,,2,/imu_driver,Current time 1681490510 469718694,driver.py,driver,56,"['/imu', '/rosout']"
1681490510.4975936,67457,1681490510,496928691,,2,/imu_driver,Current time 1681490510 494544744,driver.py,driver,56,"['/imu', '/rosout']"
1681490510.5210285,67458,1681490510,520519971,,2,/imu_driver,Current time 1681490510 519583702,driver.py,driver,56,"['/imu', '/rosout']"
1681490510.5473518,67459,1681490510,545923948,,2,/imu_driver,Current time 1681490510 544746398,driver.py,driver,56,"['/imu', '/rosout']"
1681490510.5707903,67460,1681490510,570539951,,2,/imu_driver,Current time 1681490510 569657802,driver.py,driver,56,"['/imu', '/rosout']"
1681490510.5956945,67461,1681490510,595484733,,2,/imu_driver,Current time 1681490510 594558238,driver.py,driver,56,"['/imu', '/rosout']"
1681490510.6216838,67462,1681490510,621471166,,2,/imu_driver,Current time 1681490510 620379924,driver.py,driver,56,"['/imu', '/rosout']"
1681490510.6468523,67463,1681490510,645861387,,2,/imu_driver,Current time 1681490510 644509792,driver.py,driver,56,"['/imu', '/rosout']"
1681490510.6725037,67464,1681490510,671785354,,2,/imu_driver,Current time 1681490510 670692205,driver.py,driver,56,"['/imu', '/rosout']"
1681490510.6959264,67465,1681490510,695616245,,2,/imu_driver,Current time 1681490510 694460630,driver.py,driver,56,"['/imu', '/rosout']"
1681490510.721372,67466,1681490510,720723867,,2,/imu_driver,Current time 1681490510 719477176,driver.py,driver,56,"['/imu', '/rosout']"
1681490510.747324,67467,1681490510,746817827,,2,/imu_driver,Current time 1681490510 745297193,driver.py,driver,56,"['/imu', '/rosout']"
1681490510.771526,67468,1681490510,771324872,,2,/imu_driver,Current time 1681490510 770377874,driver.py,driver,56,"['/imu', '/rosout']"
1681490510.797107,67469,1681490510,796871900,,2,/imu_driver,Current time 1681490510 795436620,driver.py,driver,56,"['/imu', '/rosout']"
1681490510.8215866,67470,1681490510,821323871,,2,/imu_driver,Current time 1681490510 820419311,driver.py,driver,56,"['/imu', '/rosout']"
1681490510.84667,67471,1681490510,846437931,,2,/imu_driver,Current time 1681490510 845400333,driver.py,driver,56,"['/imu', '/rosout']"
1681490510.8715923,67472,1681490510,871379137,,2,/imu_driver,Current time 1681490510 870425462,driver.py,driver,56,"['/imu', '/rosout']"
1681490510.8974514,67473,1681490510,896733760,,2,/imu_driver,Current time 1681490510 895327568,driver.py,driver,56,"['/imu', '/rosout']"
1681490510.921917,67474,1681490510,921440601,,2,/imu_driver,Current time 1681490510 920305013,driver.py,driver,56,"['/imu', '/rosout']"
1681490510.9465961,67475,1681490510,946321249,,2,/imu_driver,Current time 1681490510 945374727,driver.py,driver,56,"['/imu', '/rosout']"
1681490510.9715564,67476,1681490510,971358060,,2,/imu_driver,Current time 1681490510 970249176,driver.py,driver,56,"['/imu', '/rosout']"
1681490510.9975572,67477,1681490510,996965169,,2,/imu_driver,Current time 1681490510 995381832,driver.py,driver,56,"['/imu', '/rosout']"
1681490511.0229077,67478,1681490511,21603345,,2,/imu_driver,Current time 1681490511 20398139,driver.py,driver,56,"['/imu', '/rosout']"
1681490511.0479047,67479,1681490511,46610355,,2,/imu_driver,Current time 1681490511 45140027,driver.py,driver,56,"['/imu', '/rosout']"
1681490511.072573,67480,1681490511,71463823,,2,/imu_driver,Current time 1681490511 70280075,driver.py,driver,56,"['/imu', '/rosout']"
1681490511.0974874,67481,1681490511,96518754,,2,/imu_driver,Current time 1681490511 95189094,driver.py,driver,56,"['/imu', '/rosout']"
1681490511.1221786,67482,1681490511,121487379,,2,/imu_driver,Current time 1681490511 120215892,driver.py,driver,56,"['/imu', '/rosout']"
1681490511.1471732,67483,1681490511,146739006,,2,/imu_driver,Current time 1681490511 145201683,driver.py,driver,56,"['/imu', '/rosout']"
1681490511.1717136,67484,1681490511,171319007,,2,/imu_driver,Current time 1681490511 170134305,driver.py,driver,56,"['/imu', '/rosout']"
1681490511.196959,67485,1681490511,196280479,,2,/imu_driver,Current time 1681490511 195200443,driver.py,driver,56,"['/imu', '/rosout']"
1681490511.221613,67486,1681490511,221089124,,2,/imu_driver,Current time 1681490511 220021247,driver.py,driver,56,"['/imu', '/rosout']"
1681490511.2472413,67487,1681490511,246510028,,2,/imu_driver,Current time 1681490511 245099306,driver.py,driver,56,"['/imu', '/rosout']"
1681490511.271398,67488,1681490511,271078348,,2,/imu_driver,Current time 1681490511 270066261,driver.py,driver,56,"['/imu', '/rosout']"
1681490511.2967093,67489,1681490511,296123027,,2,/imu_driver,Current time 1681490511 295014858,driver.py,driver,56,"['/imu', '/rosout']"
1681490511.3216028,67490,1681490511,321148157,,2,/imu_driver,Current time 1681490511 320123434,driver.py,driver,56,"['/imu', '/rosout']"
1681490511.3467789,67491,1681490511,346289873,,2,/imu_driver,Current time 1681490511 345215082,driver.py,driver,56,"['/imu', '/rosout']"
1681490511.3718705,67492,1681490511,371280193,,2,/imu_driver,Current time 1681490511 370099782,driver.py,driver,56,"['/imu', '/rosout']"
1681490511.397018,67493,1681490511,396238565,,2,/imu_driver,Current time 1681490511 394957542,driver.py,driver,56,"['/imu', '/rosout']"
1681490511.4212985,67494,1681490511,421020507,,2,/imu_driver,Current time 1681490511 420008182,driver.py,driver,56,"['/imu', '/rosout']"
1681490511.4464655,67495,1681490511,446002960,,2,/imu_driver,Current time 1681490511 445037126,driver.py,driver,56,"['/imu', '/rosout']"
1681490511.4713142,67496,1681490511,470987081,,2,/imu_driver,Current time 1681490511 469948530,driver.py,driver,56,"['/imu', '/rosout']"
1681490511.4963558,67497,1681490511,495900154,,2,/imu_driver,Current time 1681490511 494866609,driver.py,driver,56,"['/imu', '/rosout']"
1681490511.5213418,67498,1681490511,520841360,,2,/imu_driver,Current time 1681490511 519830465,driver.py,driver,56,"['/imu', '/rosout']"
1681490511.5502748,67499,1681490511,549729108,,2,/imu_driver,Current time 1681490511 547490835,driver.py,driver,56,"['/imu', '/rosout']"
1681490511.571686,67500,1681490511,571115732,,2,/imu_driver,Current time 1681490511 569952487,driver.py,driver,56,"['/imu', '/rosout']"
1681490511.6017134,67501,1681490511,599580526,,2,/imu_driver,Current time 1681490511 595464229,driver.py,driver,56,"['/imu', '/rosout']"
1681490511.632518,67502,1681490511,631232738,,2,/imu_driver,Current time 1681490511 621037244,driver.py,driver,56,"['/imu', '/rosout']"
1681490511.6486633,67503,1681490511,647957086,,2,/imu_driver,Current time 1681490511 646452665,driver.py,driver,56,"['/imu', '/rosout']"
1681490511.671295,67504,1681490511,670844554,,2,/imu_driver,Current time 1681490511 669836044,driver.py,driver,56,"['/imu', '/rosout']"
1681490511.6977127,67505,1681490511,697295665,,2,/imu_driver,Current time 1681490511 695209980,driver.py,driver,56,"['/imu', '/rosout']"
1681490511.7213175,67506,1681490511,720818758,,2,/imu_driver,Current time 1681490511 719733953,driver.py,driver,56,"['/imu', '/rosout']"
1681490511.7460666,67507,1681490511,745793581,,2,/imu_driver,Current time 1681490511 744776964,driver.py,driver,56,"['/imu', '/rosout']"
1681490511.7708697,67508,1681490511,770668983,,2,/imu_driver,Current time 1681490511 769705772,driver.py,driver,56,"['/imu', '/rosout']"
1681490511.7968054,67509,1681490511,796448469,,2,/imu_driver,Current time 1681490511 794778823,driver.py,driver,56,"['/imu', '/rosout']"
1681490511.8211224,67510,1681490511,820848703,,2,/imu_driver,Current time 1681490511 819783687,driver.py,driver,56,"['/imu', '/rosout']"
1681490511.8464339,67511,1681490511,845771312,,2,/imu_driver,Current time 1681490511 844666004,driver.py,driver,56,"['/imu', '/rosout']"
1681490511.8714921,67512,1681490511,870923995,,2,/imu_driver,Current time 1681490511 869765043,driver.py,driver,56,"['/imu', '/rosout']"
1681490511.8967743,67513,1681490511,896440982,,2,/imu_driver,Current time 1681490511 894948244,driver.py,driver,56,"['/imu', '/rosout']"
1681490511.9212394,67514,1681490511,921026229,,2,/imu_driver,Current time 1681490511 919691801,driver.py,driver,56,"['/imu', '/rosout']"
1681490511.9469552,67515,1681490511,946660280,,2,/imu_driver,Current time 1681490511 945438861,driver.py,driver,56,"['/imu', '/rosout']"
1681490511.9707928,67516,1681490511,970556497,,2,/imu_driver,Current time 1681490511 969644784,driver.py,driver,56,"['/imu', '/rosout']"
1681490511.9961758,67517,1681490511,995549440,,2,/imu_driver,Current time 1681490511 994544744,driver.py,driver,56,"['/imu', '/rosout']"
1681490512.0217047,67518,1681490512,21441221,,2,/imu_driver,Current time 1681490512 20536661,driver.py,driver,56,"['/imu', '/rosout']"
1681490512.0468156,67519,1681490512,46374797,,2,/imu_driver,Current time 1681490512 45038223,driver.py,driver,56,"['/imu', '/rosout']"
1681490512.0720625,67520,1681490512,71721553,,2,/imu_driver,Current time 1681490512 70615768,driver.py,driver,56,"['/imu', '/rosout']"
1681490512.0959718,67521,1681490512,95619678,,2,/imu_driver,Current time 1681490512 94677686,driver.py,driver,56,"['/imu', '/rosout']"
1681490512.123258,67522,1681490512,121570825,,2,/imu_driver,Current time 1681490512 120543718,driver.py,driver,56,"['/imu', '/rosout']"
1681490512.148108,67523,1681490512,147241115,,2,/imu_driver,Current time 1681490512 145551919,driver.py,driver,56,"['/imu', '/rosout']"
1681490512.1722655,67524,1681490512,171433925,,2,/imu_driver,Current time 1681490512 170368432,driver.py,driver,56,"['/imu', '/rosout']"
1681490512.1977909,67525,1681490512,197134733,,2,/imu_driver,Current time 1681490512 195595026,driver.py,driver,56,"['/imu', '/rosout']"
1681490512.2237425,67526,1681490512,223329067,,2,/imu_driver,Current time 1681490512 222000122,driver.py,driver,56,"['/imu', '/rosout']"
1681490512.2469487,67527,1681490512,246549129,,2,/imu_driver,Current time 1681490512 245421409,driver.py,driver,56,"['/imu', '/rosout']"
1681490512.2719324,67528,1681490512,271591663,,2,/imu_driver,Current time 1681490512 270404338,driver.py,driver,56,"['/imu', '/rosout']"
1681490512.2990344,67529,1681490512,298774957,,2,/imu_driver,Current time 1681490512 297457933,driver.py,driver,56,"['/imu', '/rosout']"
1681490512.3236997,67530,1681490512,321449041,,2,/imu_driver,Current time 1681490512 320345163,driver.py,driver,56,"['/imu', '/rosout']"
1681490512.3469753,67531,1681490512,346400976,,2,/imu_driver,Current time 1681490512 345412969,driver.py,driver,56,"['/imu', '/rosout']"
1681490512.3716896,67532,1681490512,371438026,,2,/imu_driver,Current time 1681490512 370309114,driver.py,driver,56,"['/imu', '/rosout']"
1681490512.3991401,67533,1681490512,398856401,,2,/imu_driver,Current time 1681490512 397453546,driver.py,driver,56,"['/imu', '/rosout']"
1681490512.4215655,67534,1681490512,421350955,,2,/imu_driver,Current time 1681490512 420423269,driver.py,driver,56,"['/imu', '/rosout']"
1681490512.4468234,67535,1681490512,446442127,,2,/imu_driver,Current time 1681490512 445358276,driver.py,driver,56,"['/imu', '/rosout']"
1681490512.4713883,67536,1681490512,471233129,,2,/imu_driver,Current time 1681490512 470281124,driver.py,driver,56,"['/imu', '/rosout']"
1681490512.497686,67537,1681490512,496695995,,2,/imu_driver,Current time 1681490512 495469808,driver.py,driver,56,"['/imu', '/rosout']"
1681490512.5218532,67538,1681490512,521287441,,2,/imu_driver,Current time 1681490512 520321846,driver.py,driver,56,"['/imu', '/rosout']"
1681490512.5507722,67539,1681490512,549777746,,2,/imu_driver,Current time 1681490512 547776460,driver.py,driver,56,"['/imu', '/rosout']"
1681490512.5720334,67540,1681490512,571810483,,2,/imu_driver,Current time 1681490512 570050477,driver.py,driver,56,"['/imu', '/rosout']"
1681490512.596565,67541,1681490512,596366643,,2,/imu_driver,Current time 1681490512 595214843,driver.py,driver,56,"['/imu', '/rosout']"
1681490512.6216893,67542,1681490512,621367692,,2,/imu_driver,Current time 1681490512 620196580,driver.py,driver,56,"['/imu', '/rosout']"
1681490512.6479897,67543,1681490512,647028923,,2,/imu_driver,Current time 1681490512 645152330,driver.py,driver,56,"['/imu', '/rosout']"
1681490512.671822,67544,1681490512,671137094,,2,/imu_driver,Current time 1681490512 670203685,driver.py,driver,56,"['/imu', '/rosout']"
1681490512.6963654,67545,1681490512,696055889,,2,/imu_driver,Current time 1681490512 695004463,driver.py,driver,56,"['/imu', '/rosout']"
1681490512.721433,67546,1681490512,721139669,,2,/imu_driver,Current time 1681490512 720145225,driver.py,driver,56,"['/imu', '/rosout']"
1681490512.7469532,67547,1681490512,746659755,,2,/imu_driver,Current time 1681490512 745339870,driver.py,driver,56,"['/imu', '/rosout']"
1681490512.7716029,67548,1681490512,771075248,,2,/imu_driver,Current time 1681490512 770049333,driver.py,driver,56,"['/imu', '/rosout']"
1681490512.7971842,67549,1681490512,796611547,,2,/imu_driver,Current time 1681490512 795029163,driver.py,driver,56,"['/imu', '/rosout']"
1681490512.8218873,67550,1681490512,821493864,,2,/imu_driver,Current time 1681490512 820099353,driver.py,driver,56,"['/imu', '/rosout']"
1681490512.8465161,67551,1681490512,845967292,,2,/imu_driver,Current time 1681490512 845010280,driver.py,driver,56,"['/imu', '/rosout']"
1681490512.871817,67552,1681490512,871238946,,2,/imu_driver,Current time 1681490512 870037078,driver.py,driver,56,"['/imu', '/rosout']"
1681490512.8993895,67553,1681490512,896370410,,2,/imu_driver,Current time 1681490512 894854068,driver.py,driver,56,"['/imu', '/rosout']"
1681490512.9217515,67554,1681490512,921046018,,2,/imu_driver,Current time 1681490512 919829845,driver.py,driver,56,"['/imu', '/rosout']"
1681490512.9469428,67555,1681490512,946549415,,2,/imu_driver,Current time 1681490512 945195436,driver.py,driver,56,"['/imu', '/rosout']"
1681490512.971354,67556,1681490512,971112251,,2,/imu_driver,Current time 1681490512 970013618,driver.py,driver,56,"['/imu', '/rosout']"
1681490512.9962845,67557,1681490512,996073961,,2,/imu_driver,Current time 1681490512 994910240,driver.py,driver,56,"['/imu', '/rosout']"
1681490513.0209327,67558,1681490513,20759105,,2,/imu_driver,Current time 1681490513 19795179,driver.py,driver,56,"['/imu', '/rosout']"
1681490513.0467916,67559,1681490513,46226978,,2,/imu_driver,Current time 1681490513 44832944,driver.py,driver,56,"['/imu', '/rosout']"
1681490513.0713973,67560,1681490513,70836067,,2,/imu_driver,Current time 1681490513 69875955,driver.py,driver,56,"['/imu', '/rosout']"
1681490513.0961962,67561,1681490513,95852375,,2,/imu_driver,Current time 1681490513 94869852,driver.py,driver,56,"['/imu', '/rosout']"
1681490513.1214092,67562,1681490513,121075868,,2,/imu_driver,Current time 1681490513 119776248,driver.py,driver,56,"['/imu', '/rosout']"
1681490513.1472623,67563,1681490513,146886587,,2,/imu_driver,Current time 1681490513 145220756,driver.py,driver,56,"['/imu', '/rosout']"
1681490513.17117,67564,1681490513,170857429,,2,/imu_driver,Current time 1681490513 169819831,driver.py,driver,56,"['/imu', '/rosout']"
1681490513.19665,67565,1681490513,196176052,,2,/imu_driver,Current time 1681490513 194905996,driver.py,driver,56,"['/imu', '/rosout']"
1681490513.22173,67566,1681490513,220938920,,2,/imu_driver,Current time 1681490513 219714879,driver.py,driver,56,"['/imu', '/rosout']"
1681490513.2461138,67567,1681490513,245853900,,2,/imu_driver,Current time 1681490513 244741916,driver.py,driver,56,"['/imu', '/rosout']"
1681490513.2805905,67568,1681490513,271857738,,2,/imu_driver,Current time 1681490513 270481824,driver.py,driver,56,"['/imu', '/rosout']"
1681490513.2971697,67569,1681490513,296829223,,2,/imu_driver,Current time 1681490513 295160770,driver.py,driver,56,"['/imu', '/rosout']"
1681490513.322482,67570,1681490513,322280645,,2,/imu_driver,Current time 1681490513 320767641,driver.py,driver,56,"['/imu', '/rosout']"
1681490513.3471217,67571,1681490513,346931934,,2,/imu_driver,Current time 1681490513 345616102,driver.py,driver,56,"['/imu', '/rosout']"
1681490513.3723028,67572,1681490513,371635913,,2,/imu_driver,Current time 1681490513 370417356,driver.py,driver,56,"['/imu', '/rosout']"
1681490513.4011202,67573,1681490513,400552511,,2,/imu_driver,Current time 1681490513 395901918,driver.py,driver,56,"['/imu', '/rosout']"
1681490513.4217098,67574,1681490513,421462059,,2,/imu_driver,Current time 1681490513 420502185,driver.py,driver,56,"['/imu', '/rosout']"
1681490513.4474056,67575,1681490513,447228431,,2,/imu_driver,Current time 1681490513 445562601,driver.py,driver,56,"['/imu', '/rosout']"
1681490513.4715912,67576,1681490513,471457481,,2,/imu_driver,Current time 1681490513 470490455,driver.py,driver,56,"['/imu', '/rosout']"
1681490513.5130122,67577,1681490513,496620655,,2,/imu_driver,Current time 1681490513 495563745,driver.py,driver,56,"['/imu', '/rosout']"
1681490513.5223098,67578,1681490513,522103071,,2,/imu_driver,Current time 1681490513 520826101,driver.py,driver,56,"['/imu', '/rosout']"
1681490513.5471241,67579,1681490513,546824932,,2,/imu_driver,Current time 1681490513 545472621,driver.py,driver,56,"['/imu', '/rosout']"
1681490513.5716987,67580,1681490513,571479558,,2,/imu_driver,Current time 1681490513 570411920,driver.py,driver,56,"['/imu', '/rosout']"
1681490513.5967205,67581,1681490513,596510887,,2,/imu_driver,Current time 1681490513 595494747,driver.py,driver,56,"['/imu', '/rosout']"
1681490513.6217153,67582,1681490513,621495485,,2,/imu_driver,Current time 1681490513 620498418,driver.py,driver,56,"['/imu', '/rosout']"
1681490513.6473942,67583,1681490513,646673679,,2,/imu_driver,Current time 1681490513 645283937,driver.py,driver,56,"['/imu', '/rosout']"
1681490513.671719,67584,1681490513,671426296,,2,/imu_driver,Current time 1681490513 670273303,driver.py,driver,56,"['/imu', '/rosout']"
1681490513.701447,67585,1681490513,701121568,,2,/imu_driver,Current time 1681490513 695383787,driver.py,driver,56,"['/imu', '/rosout']"
1681490513.7217689,67586,1681490513,721446514,,2,/imu_driver,Current time 1681490513 720428705,driver.py,driver,56,"['/imu', '/rosout']"
1681490513.746463,67587,1681490513,746203422,,2,/imu_driver,Current time 1681490513 745167255,driver.py,driver,56,"['/imu', '/rosout']"
1681490513.773883,67588,1681490513,771577358,,2,/imu_driver,Current time 1681490513 770324945,driver.py,driver,56,"['/imu', '/rosout']"
1681490513.796849,67589,1681490513,796619892,,2,/imu_driver,Current time 1681490513 795225620,driver.py,driver,56,"['/imu', '/rosout']"
1681490513.8215287,67590,1681490513,821364402,,2,/imu_driver,Current time 1681490513 820290565,driver.py,driver,56,"['/imu', '/rosout']"
1681490513.8465424,67591,1681490513,846375703,,2,/imu_driver,Current time 1681490513 845389604,driver.py,driver,56,"['/imu', '/rosout']"
1681490513.8715143,67592,1681490513,871109724,,2,/imu_driver,Current time 1681490513 870105028,driver.py,driver,56,"['/imu', '/rosout']"
1681490513.8968406,67593,1681490513,896260976,,2,/imu_driver,Current time 1681490513 895176410,driver.py,driver,56,"['/imu', '/rosout']"
1681490513.9214966,67594,1681490513,921271324,,2,/imu_driver,Current time 1681490513 920251846,driver.py,driver,56,"['/imu', '/rosout']"
1681490513.946702,67595,1681490513,946454524,,2,/imu_driver,Current time 1681490513 945158243,driver.py,driver,56,"['/imu', '/rosout']"
1681490513.9716299,67596,1681490513,971157312,,2,/imu_driver,Current time 1681490513 970254421,driver.py,driver,56,"['/imu', '/rosout']"
1681490513.9970677,67597,1681490513,996272087,,2,/imu_driver,Current time 1681490513 995283603,driver.py,driver,56,"['/imu', '/rosout']"
1681490514.0216823,67598,1681490514,21245241,,2,/imu_driver,Current time 1681490514 20190477,driver.py,driver,56,"['/imu', '/rosout']"
1681490514.0473044,67599,1681490514,46667814,,2,/imu_driver,Current time 1681490514 45263051,driver.py,driver,56,"['/imu', '/rosout']"
1681490514.0716438,67600,1681490514,71062564,,2,/imu_driver,Current time 1681490514 70105314,driver.py,driver,56,"['/imu', '/rosout']"
1681490514.097399,67601,1681490514,96325635,,2,/imu_driver,Current time 1681490514 95231056,driver.py,driver,56,"['/imu', '/rosout']"
1681490514.121829,67602,1681490514,121265411,,2,/imu_driver,Current time 1681490514 120024681,driver.py,driver,56,"['/imu', '/rosout']"
1681490514.146681,67603,1681490514,146067380,,2,/imu_driver,Current time 1681490514 145005226,driver.py,driver,56,"['/imu', '/rosout']"
1681490514.1715991,67604,1681490514,171144247,,2,/imu_driver,Current time 1681490514 170150041,driver.py,driver,56,"['/imu', '/rosout']"
1681490514.197267,67605,1681490514,196618080,,2,/imu_driver,Current time 1681490514 194991111,driver.py,driver,56,"['/imu', '/rosout']"
1681490514.2216985,67606,1681490514,221296548,,2,/imu_driver,Current time 1681490514 220108985,driver.py,driver,56,"['/imu', '/rosout']"
1681490514.2463255,67607,1681490514,246010541,,2,/imu_driver,Current time 1681490514 244876623,driver.py,driver,56,"['/imu', '/rosout']"
1681490514.2715237,67608,1681490514,270889759,,2,/imu_driver,Current time 1681490514 269872903,driver.py,driver,56,"['/imu', '/rosout']"
1681490514.2973175,67609,1681490514,296548604,,2,/imu_driver,Current time 1681490514 295009851,driver.py,driver,56,"['/imu', '/rosout']"
1681490514.322069,67610,1681490514,321265697,,2,/imu_driver,Current time 1681490514 320079088,driver.py,driver,56,"['/imu', '/rosout']"
1681490514.3465927,67611,1681490514,346045255,,2,/imu_driver,Current time 1681490514 344983339,driver.py,driver,56,"['/imu', '/rosout']"
1681490514.3714886,67612,1681490514,371024608,,2,/imu_driver,Current time 1681490514 369929790,driver.py,driver,56,"['/imu', '/rosout']"
1681490514.396719,67613,1681490514,396015644,,2,/imu_driver,Current time 1681490514 394865751,driver.py,driver,56,"['/imu', '/rosout']"
1681490514.4223094,67614,1681490514,421023845,,2,/imu_driver,Current time 1681490514 419936418,driver.py,driver,56,"['/imu', '/rosout']"
1681490514.4483562,67615,1681490514,446435689,,2,/imu_driver,Current time 1681490514 444924831,driver.py,driver,56,"['/imu', '/rosout']"
1681490514.472858,67616,1681490514,471763610,,2,/imu_driver,Current time 1681490514 470093965,driver.py,driver,56,"['/imu', '/rosout']"
1681490514.4967077,67617,1681490514,495926856,,2,/imu_driver,Current time 1681490514 494677066,driver.py,driver,56,"['/imu', '/rosout']"
1681490514.521527,67618,1681490514,521147489,,2,/imu_driver,Current time 1681490514 519775152,driver.py,driver,56,"['/imu', '/rosout']"
1681490514.5484083,67619,1681490514,547308444,,2,/imu_driver,Current time 1681490514 545862436,driver.py,driver,56,"['/imu', '/rosout']"
1681490514.571955,67620,1681490514,571183204,,2,/imu_driver,Current time 1681490514 569949865,driver.py,driver,56,"['/imu', '/rosout']"
1681490514.5976987,67621,1681490514,596972942,,2,/imu_driver,Current time 1681490514 595614194,driver.py,driver,56,"['/imu', '/rosout']"
1681490514.6213255,67622,1681490514,620972394,,2,/imu_driver,Current time 1681490514 619824409,driver.py,driver,56,"['/imu', '/rosout']"
1681490514.6467922,67623,1681490514,645993947,,2,/imu_driver,Current time 1681490514 644834041,driver.py,driver,56,"['/imu', '/rosout']"
1681490514.6716785,67624,1681490514,671488046,,2,/imu_driver,Current time 1681490514 670534610,driver.py,driver,56,"['/imu', '/rosout']"
1681490514.6961865,67625,1681490514,695941209,,2,/imu_driver,Current time 1681490514 694575071,driver.py,driver,56,"['/imu', '/rosout']"
1681490514.7220392,67626,1681490514,721770048,,2,/imu_driver,Current time 1681490514 720576763,driver.py,driver,56,"['/imu', '/rosout']"
1681490514.747043,67627,1681490514,746793031,,2,/imu_driver,Current time 1681490514 745754480,driver.py,driver,56,"['/imu', '/rosout']"
1681490514.7720375,67628,1681490514,771689653,,2,/imu_driver,Current time 1681490514 770609855,driver.py,driver,56,"['/imu', '/rosout']"
1681490514.7971556,67629,1681490514,796901702,,2,/imu_driver,Current time 1681490514 795477867,driver.py,driver,56,"['/imu', '/rosout']"
1681490514.821888,67630,1681490514,821598529,,2,/imu_driver,Current time 1681490514 820676326,driver.py,driver,56,"['/imu', '/rosout']"
1681490514.8460548,67631,1681490514,845813512,,2,/imu_driver,Current time 1681490514 844506263,driver.py,driver,56,"['/imu', '/rosout']"
1681490514.8718433,67632,1681490514,871386289,,2,/imu_driver,Current time 1681490514 870422124,driver.py,driver,56,"['/imu', '/rosout']"
1681490514.897111,67633,1681490514,896543025,,2,/imu_driver,Current time 1681490514 895523548,driver.py,driver,56,"['/imu', '/rosout']"
1681490514.9219108,67634,1681490514,921394348,,2,/imu_driver,Current time 1681490514 920361995,driver.py,driver,56,"['/imu', '/rosout']"
1681490514.9476812,67635,1681490514,946801185,,2,/imu_driver,Current time 1681490514 945326089,driver.py,driver,56,"['/imu', '/rosout']"
1681490514.9721851,67636,1681490514,971636772,,2,/imu_driver,Current time 1681490514 970459461,driver.py,driver,56,"['/imu', '/rosout']"
1681490514.99731,67637,1681490514,996626377,,2,/imu_driver,Current time 1681490514 995491743,driver.py,driver,56,"['/imu', '/rosout']"
1681490515.0216732,67638,1681490515,21366834,,2,/imu_driver,Current time 1681490515 20272493,driver.py,driver,56,"['/imu', '/rosout']"
1681490515.0498,67639,1681490515,49447774,,2,/imu_driver,Current time 1681490515 48055410,driver.py,driver,56,"['/imu', '/rosout']"
1681490515.0719469,67640,1681490515,71427106,,2,/imu_driver,Current time 1681490515 70374727,driver.py,driver,56,"['/imu', '/rosout']"
1681490515.097559,67641,1681490515,96386194,,2,/imu_driver,Current time 1681490515 95192909,driver.py,driver,56,"['/imu', '/rosout']"
1681490515.1218672,67642,1681490515,121289968,,2,/imu_driver,Current time 1681490515 120174884,driver.py,driver,56,"['/imu', '/rosout']"
1681490515.1470368,67643,1681490515,146536588,,2,/imu_driver,Current time 1681490515 145358562,driver.py,driver,56,"['/imu', '/rosout']"
1681490515.1718311,67644,1681490515,171339988,,2,/imu_driver,Current time 1681490515 170297384,driver.py,driver,56,"['/imu', '/rosout']"
1681490515.1969965,67645,1681490515,196730375,,2,/imu_driver,Current time 1681490515 195199251,driver.py,driver,56,"['/imu', '/rosout']"
1681490515.22168,67646,1681490515,221486806,,2,/imu_driver,Current time 1681490515 220321893,driver.py,driver,56,"['/imu', '/rosout']"
1681490515.2462764,67647,1681490515,246140718,,2,/imu_driver,Current time 1681490515 245147228,driver.py,driver,56,"['/imu', '/rosout']"
1681490515.2714896,67648,1681490515,271301031,,2,/imu_driver,Current time 1681490515 270281553,driver.py,driver,56,"['/imu', '/rosout']"
1681490515.2995427,67649,1681490515,299307584,,2,/imu_driver,Current time 1681490515 295278549,driver.py,driver,56,"['/imu', '/rosout']"
1681490515.3214633,67650,1681490515,321235179,,2,/imu_driver,Current time 1681490515 320044040,driver.py,driver,56,"['/imu', '/rosout']"
1681490515.3476458,67651,1681490515,347379207,,2,/imu_driver,Current time 1681490515 345815658,driver.py,driver,56,"['/imu', '/rosout']"
1681490515.3712988,67652,1681490515,371116399,,2,/imu_driver,Current time 1681490515 370163440,driver.py,driver,56,"['/imu', '/rosout']"
1681490515.396483,67653,1681490515,396289587,,2,/imu_driver,Current time 1681490515 395153045,driver.py,driver,56,"['/imu', '/rosout']"
1681490515.421717,67654,1681490515,421250104,,2,/imu_driver,Current time 1681490515 420251369,driver.py,driver,56,"['/imu', '/rosout']"
1681490515.446862,67655,1681490515,446602821,,2,/imu_driver,Current time 1681490515 445266723,driver.py,driver,56,"['/imu', '/rosout']"
1681490515.4714055,67656,1681490515,471193075,,2,/imu_driver,Current time 1681490515 470058679,driver.py,driver,56,"['/imu', '/rosout']"
1681490515.4963188,67657,1681490515,496156930,,2,/imu_driver,Current time 1681490515 495090484,driver.py,driver,56,"['/imu', '/rosout']"
1681490515.5217083,67658,1681490515,521435499,,2,/imu_driver,Current time 1681490515 520101547,driver.py,driver,56,"['/imu', '/rosout']"
1681490515.546449,67659,1681490515,545941352,,2,/imu_driver,Current time 1681490515 544943094,driver.py,driver,56,"['/imu', '/rosout']"
1681490515.5725362,67660,1681490515,571758270,,2,/imu_driver,Current time 1681490515 570279121,driver.py,driver,56,"['/imu', '/rosout']"
1681490515.5990863,67661,1681490515,597798585,,2,/imu_driver,Current time 1681490515 596167564,driver.py,driver,56,"['/imu', '/rosout']"
1681490515.6272564,67662,1681490515,624866247,,2,/imu_driver,Current time 1681490515 620280504,driver.py,driver,56,"['/imu', '/rosout']"
1681490515.6466298,67663,1681490515,646305799,,2,/imu_driver,Current time 1681490515 645047664,driver.py,driver,56,"['/imu', '/rosout']"
1681490515.6718085,67664,1681490515,670984029,,2,/imu_driver,Current time 1681490515 669851541,driver.py,driver,56,"['/imu', '/rosout']"
1681490515.6979527,67665,1681490515,697211980,,2,/imu_driver,Current time 1681490515 695085048,driver.py,driver,56,"['/imu', '/rosout']"
1681490515.7211285,67666,1681490515,720829486,,2,/imu_driver,Current time 1681490515 719806909,driver.py,driver,56,"['/imu', '/rosout']"
1681490515.7473185,67667,1681490515,746513366,,2,/imu_driver,Current time 1681490515 745351076,driver.py,driver,56,"['/imu', '/rosout']"
1681490515.7713418,67668,1681490515,770837783,,2,/imu_driver,Current time 1681490515 769807338,driver.py,driver,56,"['/imu', '/rosout']"
1681490515.7961838,67669,1681490515,795909881,,2,/imu_driver,Current time 1681490515 794901847,driver.py,driver,56,"['/imu', '/rosout']"
1681490515.8217092,67670,1681490515,821105480,,2,/imu_driver,Current time 1681490515 819895029,driver.py,driver,56,"['/imu', '/rosout']"
1681490515.846932,67671,1681490515,846216440,,2,/imu_driver,Current time 1681490515 844773769,driver.py,driver,56,"['/imu', '/rosout']"
1681490515.871462,67672,1681490515,870950698,,2,/imu_driver,Current time 1681490515 869749784,driver.py,driver,56,"['/imu', '/rosout']"
1681490515.89623,67673,1681490515,895829200,,2,/imu_driver,Current time 1681490515 894800424,driver.py,driver,56,"['/imu', '/rosout']"
1681490515.921585,67674,1681490515,921093225,,2,/imu_driver,Current time 1681490515 919811010,driver.py,driver,56,"['/imu', '/rosout']"
1681490515.9466665,67675,1681490515,946382761,,2,/imu_driver,Current time 1681490515 945092916,driver.py,driver,56,"['/imu', '/rosout']"
1681490515.9716966,67676,1681490515,971395254,,2,/imu_driver,Current time 1681490515 970185756,driver.py,driver,56,"['/imu', '/rosout']"
1681490515.9981701,67677,1681490515,997360229,,2,/imu_driver,Current time 1681490515 994646072,driver.py,driver,56,"['/imu', '/rosout']"
1681490516.022171,67678,1681490516,21637678,,2,/imu_driver,Current time 1681490516 20715475,driver.py,driver,56,"['/imu', '/rosout']"
1681490516.046141,67679,1681490516,45842885,,2,/imu_driver,Current time 1681490516 44811010,driver.py,driver,56,"['/imu', '/rosout']"
1681490516.0721827,67680,1681490516,71553707,,2,/imu_driver,Current time 1681490516 70528745,driver.py,driver,56,"['/imu', '/rosout']"
1681490516.0980859,67681,1681490516,97753524,,2,/imu_driver,Current time 1681490516 96476316,driver.py,driver,56,"['/imu', '/rosout']"
1681490516.1218703,67682,1681490516,121574163,,2,/imu_driver,Current time 1681490516 120669841,driver.py,driver,56,"['/imu', '/rosout']"
1681490516.1471288,67683,1681490516,146553993,,2,/imu_driver,Current time 1681490516 145548582,driver.py,driver,56,"['/imu', '/rosout']"
1681490516.1718428,67684,1681490516,171362638,,2,/imu_driver,Current time 1681490516 170397996,driver.py,driver,56,"['/imu', '/rosout']"
1681490516.1970878,67685,1681490516,196550369,,2,/imu_driver,Current time 1681490516 195528745,driver.py,driver,56,"['/imu', '/rosout']"
1681490516.2220938,67686,1681490516,221549987,,2,/imu_driver,Current time 1681490516 220562696,driver.py,driver,56,"['/imu', '/rosout']"
1681490516.2482605,67687,1681490516,246920585,,2,/imu_driver,Current time 1681490516 245493650,driver.py,driver,56,"['/imu', '/rosout']"
1681490516.271673,67688,1681490516,271422386,,2,/imu_driver,Current time 1681490516 270533084,driver.py,driver,56,"['/imu', '/rosout']"
1681490516.2972412,67689,1681490516,296605587,,2,/imu_driver,Current time 1681490516 295542240,driver.py,driver,56,"['/imu', '/rosout']"
1681490516.3219364,67690,1681490516,321396112,,2,/imu_driver,Current time 1681490516 320434570,driver.py,driver,56,"['/imu', '/rosout']"
1681490516.3479526,67691,1681490516,347254991,,2,/imu_driver,Current time 1681490516 345530986,driver.py,driver,56,"['/imu', '/rosout']"
1681490516.372442,67692,1681490516,371508121,,2,/imu_driver,Current time 1681490516 370410442,driver.py,driver,56,"['/imu', '/rosout']"
1681490516.3969383,67693,1681490516,396403551,,2,/imu_driver,Current time 1681490516 395353555,driver.py,driver,56,"['/imu', '/rosout']"
1681490516.4216828,67694,1681490516,421310663,,2,/imu_driver,Current time 1681490516 420383691,driver.py,driver,56,"['/imu', '/rosout']"
1681490516.447197,67695,1681490516,446604251,,2,/imu_driver,Current time 1681490516 445370435,driver.py,driver,56,"['/imu', '/rosout']"
1681490516.471922,67696,1681490516,471408605,,2,/imu_driver,Current time 1681490516 470429420,driver.py,driver,56,"['/imu', '/rosout']"
1681490516.4974046,67697,1681490516,496716737,,2,/imu_driver,Current time 1681490516 495423555,driver.py,driver,56,"['/imu', '/rosout']"
1681490516.5216997,67698,1681490516,521489858,,2,/imu_driver,Current time 1681490516 520470857,driver.py,driver,56,"['/imu', '/rosout']"
1681490516.5465245,67699,1681490516,546373605,,2,/imu_driver,Current time 1681490516 545335769,driver.py,driver,56,"['/imu', '/rosout']"
1681490516.5718157,67700,1681490516,571353673,,2,/imu_driver,Current time 1681490516 570392847,driver.py,driver,56,"['/imu', '/rosout']"
1681490516.5972123,67701,1681490516,596658945,,2,/imu_driver,Current time 1681490516 595275402,driver.py,driver,56,"['/imu', '/rosout']"
1681490516.622268,67702,1681490516,621370553,,2,/imu_driver,Current time 1681490516 620389461,driver.py,driver,56,"['/imu', '/rosout']"
1681490516.6472287,67703,1681490516,646344661,,2,/imu_driver,Current time 1681490516 645164966,driver.py,driver,56,"['/imu', '/rosout']"
1681490516.6720233,67704,1681490516,671236515,,2,/imu_driver,Current time 1681490516 670278072,driver.py,driver,56,"['/imu', '/rosout']"
1681490516.703171,67705,1681490516,702094554,,2,/imu_driver,Current time 1681490516 700714349,driver.py,driver,56,"['/imu', '/rosout']"
1681490516.7224283,67706,1681490516,721365928,,2,/imu_driver,Current time 1681490516 720147609,driver.py,driver,56,"['/imu', '/rosout']"
1681490516.7478073,67707,1681490516,746757745,,2,/imu_driver,Current time 1681490516 745546102,driver.py,driver,56,"['/imu', '/rosout']"
1681490516.7715185,67708,1681490516,771220922,,2,/imu_driver,Current time 1681490516 770121097,driver.py,driver,56,"['/imu', '/rosout']"
1681490516.7968135,67709,1681490516,796248674,,2,/imu_driver,Current time 1681490516 795116901,driver.py,driver,56,"['/imu', '/rosout']"
1681490516.8217196,67710,1681490516,821157693,,2,/imu_driver,Current time 1681490516 820139169,driver.py,driver,56,"['/imu', '/rosout']"
1681490516.8496602,67711,1681490516,848657131,,2,/imu_driver,Current time 1681490516 847424983,driver.py,driver,56,"['/imu', '/rosout']"
1681490516.8808584,67712,1681490516,880555152,,2,/imu_driver,Current time 1681490516 870143890,driver.py,driver,56,"['/imu', '/rosout']"
1681490516.896529,67713,1681490516,895937681,,2,/imu_driver,Current time 1681490516 894960403,driver.py,driver,56,"['/imu', '/rosout']"
1681490516.921687,67714,1681490516,921402692,,2,/imu_driver,Current time 1681490516 920171260,driver.py,driver,56,"['/imu', '/rosout']"
1681490516.9467607,67715,1681490516,946245670,,2,/imu_driver,Current time 1681490516 944995880,driver.py,driver,56,"['/imu', '/rosout']"
1681490516.9716675,67716,1681490516,971169233,,2,/imu_driver,Current time 1681490516 970046758,driver.py,driver,56,"['/imu', '/rosout']"
1681490516.9966667,67717,1681490516,996279478,,2,/imu_driver,Current time 1681490516 995129346,driver.py,driver,56,"['/imu', '/rosout']"
1681490517.0214825,67718,1681490517,21047353,,2,/imu_driver,Current time 1681490517 19986867,driver.py,driver,56,"['/imu', '/rosout']"
1681490517.0464962,67719,1681490517,46054363,,2,/imu_driver,Current time 1681490517 45042514,driver.py,driver,56,"['/imu', '/rosout']"
1681490517.0714974,67720,1681490517,70939540,,2,/imu_driver,Current time 1681490517 69911956,driver.py,driver,56,"['/imu', '/rosout']"
1681490517.0976546,67721,1681490517,97039937,,2,/imu_driver,Current time 1681490517 94905376,driver.py,driver,56,"['/imu', '/rosout']"
1681490517.12304,67722,1681490517,121753454,,2,/imu_driver,Current time 1681490517 120323419,driver.py,driver,56,"['/imu', '/rosout']"
1681490517.1468124,67723,1681490517,145948648,,2,/imu_driver,Current time 1681490517 144917488,driver.py,driver,56,"['/imu', '/rosout']"
1681490517.1709356,67724,1681490517,170739650,,2,/imu_driver,Current time 1681490517 169710636,driver.py,driver,56,"['/imu', '/rosout']"
1681490517.1963277,67725,1681490517,196057081,,2,/imu_driver,Current time 1681490517 194792985,driver.py,driver,56,"['/imu', '/rosout']"
1681490517.2213783,67726,1681490517,221119165,,2,/imu_driver,Current time 1681490517 219895601,driver.py,driver,56,"['/imu', '/rosout']"
1681490517.2466514,67727,1681490517,246391773,,2,/imu_driver,Current time 1681490517 245197534,driver.py,driver,56,"['/imu', '/rosout']"
1681490517.272605,67728,1681490517,271823167,,2,/imu_driver,Current time 1681490517 270830631,driver.py,driver,56,"['/imu', '/rosout']"
1681490517.2969608,67729,1681490517,296431064,,2,/imu_driver,Current time 1681490517 295169591,driver.py,driver,56,"['/imu', '/rosout']"
1681490517.3211946,67730,1681490517,320963859,,2,/imu_driver,Current time 1681490517 319830894,driver.py,driver,56,"['/imu', '/rosout']"
1681490517.3484,67731,1681490517,347828626,,2,/imu_driver,Current time 1681490517 345678567,driver.py,driver,56,"['/imu', '/rosout']"
1681490517.372034,67732,1681490517,371720552,,2,/imu_driver,Current time 1681490517 370563268,driver.py,driver,56,"['/imu', '/rosout']"
1681490517.395995,67733,1681490517,395762443,,2,/imu_driver,Current time 1681490517 394755363,driver.py,driver,56,"['/imu', '/rosout']"
1681490517.4220898,67734,1681490517,421574354,,2,/imu_driver,Current time 1681490517 420662879,driver.py,driver,56,"['/imu', '/rosout']"
1681490517.4472485,67735,1681490517,446969032,,2,/imu_driver,Current time 1681490517 445671081,driver.py,driver,56,"['/imu', '/rosout']"
1681490517.4718592,67736,1681490517,471620798,,2,/imu_driver,Current time 1681490517 470560073,driver.py,driver,56,"['/imu', '/rosout']"
1681490517.4985635,67737,1681490517,496679782,,2,/imu_driver,Current time 1681490517 495511054,driver.py,driver,56,"['/imu', '/rosout']"
1681490517.5220878,67738,1681490517,521698474,,2,/imu_driver,Current time 1681490517 520553588,driver.py,driver,56,"['/imu', '/rosout']"
1681490517.5472984,67739,1681490517,546459674,,2,/imu_driver,Current time 1681490517 545454740,driver.py,driver,56,"['/imu', '/rosout']"
1681490517.5718546,67740,1681490517,571628093,,2,/imu_driver,Current time 1681490517 570651054,driver.py,driver,56,"['/imu', '/rosout']"
1681490517.5978978,67741,1681490517,596828937,,2,/imu_driver,Current time 1681490517 595384120,driver.py,driver,56,"['/imu', '/rosout']"
1681490517.622414,67742,1681490517,621396064,,2,/imu_driver,Current time 1681490517 620441436,driver.py,driver,56,"['/imu', '/rosout']"
1681490517.647224,67743,1681490517,646365880,,2,/imu_driver,Current time 1681490517 645402908,driver.py,driver,56,"['/imu', '/rosout']"
1681490517.67237,67744,1681490517,671593904,,2,/imu_driver,Current time 1681490517 670540332,driver.py,driver,56,"['/imu', '/rosout']"
1681490517.6969063,67745,1681490517,696420669,,2,/imu_driver,Current time 1681490517 695421218,driver.py,driver,56,"['/imu', '/rosout']"
1681490517.7220743,67746,1681490517,721432924,,2,/imu_driver,Current time 1681490517 720319032,driver.py,driver,56,"['/imu', '/rosout']"
1681490517.747111,67747,1681490517,746605634,,2,/imu_driver,Current time 1681490517 745377302,driver.py,driver,56,"['/imu', '/rosout']"
1681490517.7724044,67748,1681490517,771369695,,2,/imu_driver,Current time 1681490517 770480632,driver.py,driver,56,"['/imu', '/rosout']"
1681490517.7968142,67749,1681490517,796412467,,2,/imu_driver,Current time 1681490517 795403957,driver.py,driver,56,"['/imu', '/rosout']"
1681490517.8217967,67750,1681490517,821376800,,2,/imu_driver,Current time 1681490517 820400238,driver.py,driver,56,"['/imu', '/rosout']"
1681490517.8477194,67751,1681490517,847113370,,2,/imu_driver,Current time 1681490517 845622301,driver.py,driver,56,"['/imu', '/rosout']"
1681490517.873849,67752,1681490517,873200416,,2,/imu_driver,Current time 1681490517 870343685,driver.py,driver,56,"['/imu', '/rosout']"
1681490517.8966887,67753,1681490517,896450996,,2,/imu_driver,Current time 1681490517 895262956,driver.py,driver,56,"['/imu', '/rosout']"
1681490517.922654,67754,1681490517,921712398,,2,/imu_driver,Current time 1681490517 920396804,driver.py,driver,56,"['/imu', '/rosout']"
1681490517.9475703,67755,1681490517,947152376,,2,/imu_driver,Current time 1681490517 945985555,driver.py,driver,56,"['/imu', '/rosout']"
1681490517.971676,67756,1681490517,971173524,,2,/imu_driver,Current time 1681490517 970118999,driver.py,driver,56,"['/imu', '/rosout']"
1681490517.99766,67757,1681490517,997121572,,2,/imu_driver,Current time 1681490517 995631933,driver.py,driver,56,"['/imu', '/rosout']"
1681490518.0232563,67758,1681490518,22640943,,2,/imu_driver,Current time 1681490518 20111560,driver.py,driver,56,"['/imu', '/rosout']"
1681490518.0466201,67759,1681490518,46389579,,2,/imu_driver,Current time 1681490518 45197486,driver.py,driver,56,"['/imu', '/rosout']"
1681490518.0719714,67760,1681490518,71295022,,2,/imu_driver,Current time 1681490518 70207595,driver.py,driver,56,"['/imu', '/rosout']"
1681490518.0990229,67761,1681490518,98563671,,2,/imu_driver,Current time 1681490518 97289800,driver.py,driver,56,"['/imu', '/rosout']"
1681490518.1215367,67762,1681490518,121199607,,2,/imu_driver,Current time 1681490518 120074510,driver.py,driver,56,"['/imu', '/rosout']"
1681490518.1494658,67763,1681490518,146353721,,2,/imu_driver,Current time 1681490518 144998550,driver.py,driver,56,"['/imu', '/rosout']"
1681490518.1711519,67764,1681490518,170970201,,2,/imu_driver,Current time 1681490518 170038461,driver.py,driver,56,"['/imu', '/rosout']"
1681490518.196211,67765,1681490518,196043729,,2,/imu_driver,Current time 1681490518 195073604,driver.py,driver,56,"['/imu', '/rosout']"
1681490518.221276,67766,1681490518,221078157,,2,/imu_driver,Current time 1681490518 219979286,driver.py,driver,56,"['/imu', '/rosout']"
1681490518.247364,67767,1681490518,247161865,,2,/imu_driver,Current time 1681490518 245717763,driver.py,driver,56,"['/imu', '/rosout']"
1681490518.2713683,67768,1681490518,271151542,,2,/imu_driver,Current time 1681490518 269988298,driver.py,driver,56,"['/imu', '/rosout']"
1681490518.2962868,67769,1681490518,296066761,,2,/imu_driver,Current time 1681490518 295003890,driver.py,driver,56,"['/imu', '/rosout']"
1681490518.3212786,67770,1681490518,321079254,,2,/imu_driver,Current time 1681490518 320012807,driver.py,driver,56,"['/imu', '/rosout']"
1681490518.34742,67771,1681490518,346822738,,2,/imu_driver,Current time 1681490518 345261573,driver.py,driver,56,"['/imu', '/rosout']"
1681490518.3720016,67772,1681490518,371521472,,2,/imu_driver,Current time 1681490518 370165586,driver.py,driver,56,"['/imu', '/rosout']"
1681490518.3977582,67773,1681490518,396656751,,2,/imu_driver,Current time 1681490518 395411014,driver.py,driver,56,"['/imu', '/rosout']"
1681490518.42077,18,1681490518,420282219,,4,/record_1681490238361869733,Less than 5 x 1G of space free on disk with '2023-04-14-12-37-18.bag.active'.,/tmp/binarydeb/ros-noetic-rosbag-1.15.15/src/recorder.cpp,Recorder::checkDisk,771,['/rosout']
1681490518.4211395,67774,1681490518,420875310,,2,/imu_driver,Current time 1681490518 419910430,driver.py,driver,56,"['/imu', '/rosout']"
1681490518.446672,67775,1681490518,445990562,,2,/imu_driver,Current time 1681490518 444712877,driver.py,driver,56,"['/imu', '/rosout']"
1681490518.4713647,67776,1681490518,470760345,,2,/imu_driver,Current time 1681490518 469700813,driver.py,driver,56,"['/imu', '/rosout']"
1681490518.4995217,67777,1681490518,498933076,,2,/imu_driver,Current time 1681490518 494735002,driver.py,driver,56,"['/imu', '/rosout']"
1681490518.5211775,67778,1681490518,520721673,,2,/imu_driver,Current time 1681490518 519787073,driver.py,driver,56,"['/imu', '/rosout']"
1681490518.547366,67779,1681490518,546593904,,2,/imu_driver,Current time 1681490518 545641660,driver.py,driver,56,"['/imu', '/rosout']"
1681490518.5711498,67780,1681490518,570905685,,2,/imu_driver,Current time 1681490518 569845676,driver.py,driver,56,"['/imu', '/rosout']"
1681490518.5966966,67781,1681490518,596048831,,2,/imu_driver,Current time 1681490518 594652414,driver.py,driver,56,"['/imu', '/rosout']"
1681490518.6222951,67782,1681490518,621697425,,2,/imu_driver,Current time 1681490518 620615720,driver.py,driver,56,"['/imu', '/rosout']"
1681490518.6460776,67783,1681490518,645570755,,2,/imu_driver,Current time 1681490518 644681453,driver.py,driver,56,"['/imu', '/rosout']"
1681490518.6722376,67784,1681490518,671570539,,2,/imu_driver,Current time 1681490518 670637369,driver.py,driver,56,"['/imu', '/rosout']"
1681490518.697695,67785,1681490518,697058916,,2,/imu_driver,Current time 1681490518 695743322,driver.py,driver,56,"['/imu', '/rosout']"
1681490518.7218869,67786,1681490518,721482515,,2,/imu_driver,Current time 1681490518 720508575,driver.py,driver,56,"['/imu', '/rosout']"
1681490518.7481499,67787,1681490518,747563123,,2,/imu_driver,Current time 1681490518 746160030,driver.py,driver,56,"['/imu', '/rosout']"
1681490518.772294,67788,1681490518,771754741,,2,/imu_driver,Current time 1681490518 770646810,driver.py,driver,56,"['/imu', '/rosout']"
1681490518.7971194,67789,1681490518,796742677,,2,/imu_driver,Current time 1681490518 795630455,driver.py,driver,56,"['/imu', '/rosout']"
1681490518.8216333,67790,1681490518,821418046,,2,/imu_driver,Current time 1681490518 820435523,driver.py,driver,56,"['/imu', '/rosout']"
1681490518.8476584,67791,1681490518,847013950,,2,/imu_driver,Current time 1681490518 845443487,driver.py,driver,56,"['/imu', '/rosout']"
1681490518.8724852,67792,1681490518,871728897,,2,/imu_driver,Current time 1681490518 870665788,driver.py,driver,56,"['/imu', '/rosout']"
1681490518.897665,67793,1681490518,896934986,,2,/imu_driver,Current time 1681490518 895530462,driver.py,driver,56,"['/imu', '/rosout']"
1681490518.9220352,67794,1681490518,921691894,,2,/imu_driver,Current time 1681490518 920567750,driver.py,driver,56,"['/imu', '/rosout']"
1681490518.9471169,67795,1681490518,946710824,,2,/imu_driver,Current time 1681490518 945530891,driver.py,driver,56,"['/imu', '/rosout']"
1681490518.9719734,67796,1681490518,971604585,,2,/imu_driver,Current time 1681490518 970499038,driver.py,driver,56,"['/imu', '/rosout']"
1681490519.0004497,67797,1681490518,999752283,,2,/imu_driver,Current time 1681490518 995692253,driver.py,driver,56,"['/imu', '/rosout']"
1681490519.0225725,67798,1681490519,21758794,,2,/imu_driver,Current time 1681490519 20475387,driver.py,driver,56,"['/imu', '/rosout']"
1681490519.0477772,67799,1681490519,46937704,,2,/imu_driver,Current time 1681490519 45688629,driver.py,driver,56,"['/imu', '/rosout']"
1681490519.0720584,67800,1681490519,71576595,,2,/imu_driver,Current time 1681490519 70344686,driver.py,driver,56,"['/imu', '/rosout']"
1681490519.0975573,67801,1681490519,97099781,,2,/imu_driver,Current time 1681490519 95329999,driver.py,driver,56,"['/imu', '/rosout']"
1681490519.1226575,67802,1681490519,121676206,,2,/imu_driver,Current time 1681490519 120358228,driver.py,driver,56,"['/imu', '/rosout']"
1681490519.1471708,67803,1681490519,146548271,,2,/imu_driver,Current time 1681490519 145270109,driver.py,driver,56,"['/imu', '/rosout']"
1681490519.1717126,67804,1681490519,171273946,,2,/imu_driver,Current time 1681490519 170252561,driver.py,driver,56,"['/imu', '/rosout']"
1681490519.1966467,67805,1681490519,196311235,,2,/imu_driver,Current time 1681490519 195338726,driver.py,driver,56,"['/imu', '/rosout']"
1681490519.221441,67806,1681490519,221200942,,2,/imu_driver,Current time 1681490519 220228433,driver.py,driver,56,"['/imu', '/rosout']"
1681490519.2467752,67807,1681490519,246529817,,2,/imu_driver,Current time 1681490519 245184183,driver.py,driver,56,"['/imu', '/rosout']"
1681490519.271553,67808,1681490519,271338701,,2,/imu_driver,Current time 1681490519 270224332,driver.py,driver,56,"['/imu', '/rosout']"
1681490519.2963264,67809,1681490519,296207427,,2,/imu_driver,Current time 1681490519 295220851,driver.py,driver,56,"['/imu', '/rosout']"
1681490519.3215759,67810,1681490519,321369171,,2,/imu_driver,Current time 1681490519 320375204,driver.py,driver,56,"['/imu', '/rosout']"
1681490519.3485916,67811,1681490519,346430778,,2,/imu_driver,Current time 1681490519 345227718,driver.py,driver,56,"['/imu', '/rosout']"
1681490519.3714662,67812,1681490519,371202468,,2,/imu_driver,Current time 1681490519 370069980,driver.py,driver,56,"['/imu', '/rosout']"
1681490519.398113,67813,1681490519,396532773,,2,/imu_driver,Current time 1681490519 395127534,driver.py,driver,56,"['/imu', '/rosout']"
1681490519.4214742,67814,1681490519,421027898,,2,/imu_driver,Current time 1681490519 420106172,driver.py,driver,56,"['/imu', '/rosout']"
1681490519.446659,67815,1681490519,446177721,,2,/imu_driver,Current time 1681490519 445102930,driver.py,driver,56,"['/imu', '/rosout']"
1681490519.4713404,67816,1681490519,471130371,,2,/imu_driver,Current time 1681490519 470032215,driver.py,driver,56,"['/imu', '/rosout']"
1681490519.4988847,67817,1681490519,498264312,,2,/imu_driver,Current time 1681490519 495088100,driver.py,driver,56,"['/imu', '/rosout']"
1681490519.5220478,67818,1681490519,521128177,,2,/imu_driver,Current time 1681490519 519934654,driver.py,driver,56,"['/imu', '/rosout']"
1681490519.546731,67819,1681490519,546104669,,2,/imu_driver,Current time 1681490519 545022726,driver.py,driver,56,"['/imu', '/rosout']"
1681490519.5722861,67820,1681490519,571285009,,2,/imu_driver,Current time 1681490519 570159912,driver.py,driver,56,"['/imu', '/rosout']"
1681490519.5977871,67821,1681490519,596775054,,2,/imu_driver,Current time 1681490519 595170021,driver.py,driver,56,"['/imu', '/rosout']"
1681490519.6221013,67822,1681490519,621142864,,2,/imu_driver,Current time 1681490519 619943380,driver.py,driver,56,"['/imu', '/rosout']"
1681490519.6463642,67823,1681490519,646058559,,2,/imu_driver,Current time 1681490519 644915819,driver.py,driver,56,"['/imu', '/rosout']"
1681490519.671733,67824,1681490519,670872926,,2,/imu_driver,Current time 1681490519 669859170,driver.py,driver,56,"['/imu', '/rosout']"
1681490519.6968937,67825,1681490519,695990562,,2,/imu_driver,Current time 1681490519 694918394,driver.py,driver,56,"['/imu', '/rosout']"
1681490519.7211912,67826,1681490519,720962524,,2,/imu_driver,Current time 1681490519 719890117,driver.py,driver,56,"['/imu', '/rosout']"
1681490519.7474582,67827,1681490519,746738195,,2,/imu_driver,Current time 1681490519 745257139,driver.py,driver,56,"['/imu', '/rosout']"
1681490519.7718043,67828,1681490519,771086692,,2,/imu_driver,Current time 1681490519 769901514,driver.py,driver,56,"['/imu', '/rosout']"
1681490519.796379,67829,1681490519,795831203,,2,/imu_driver,Current time 1681490519 794864177,driver.py,driver,56,"['/imu', '/rosout']"
1681490519.8225179,67830,1681490519,822011709,,2,/imu_driver,Current time 1681490519 820903062,driver.py,driver,56,"['/imu', '/rosout']"
1681490519.8495934,67831,1681490519,846787691,,2,/imu_driver,Current time 1681490519 845140933,driver.py,driver,56,"['/imu', '/rosout']"
1681490519.8714197,67832,1681490519,870837211,,2,/imu_driver,Current time 1681490519 869797468,driver.py,driver,56,"['/imu', '/rosout']"
1681490519.8971527,67833,1681490519,896513700,,2,/imu_driver,Current time 1681490519 894847631,driver.py,driver,56,"['/imu', '/rosout']"
1681490519.9215026,67834,1681490519,920996427,,2,/imu_driver,Current time 1681490519 919897794,driver.py,driver,56,"['/imu', '/rosout']"
1681490519.947511,67835,1681490519,946893930,,2,/imu_driver,Current time 1681490519 945744037,driver.py,driver,56,"['/imu', '/rosout']"
1681490519.9713159,67836,1681490519,970794916,,2,/imu_driver,Current time 1681490519 969715356,driver.py,driver,56,"['/imu', '/rosout']"
1681490519.9970136,67837,1681490519,996318817,,2,/imu_driver,Current time 1681490519 994976520,driver.py,driver,56,"['/imu', '/rosout']"
1681490520.0223582,67838,1681490520,21983385,,2,/imu_driver,Current time 1681490520 20677328,driver.py,driver,56,"['/imu', '/rosout']"
1681490520.046197,67839,1681490520,45623779,,2,/imu_driver,Current time 1681490520 44625043,driver.py,driver,56,"['/imu', '/rosout']"
1681490520.0724816,67840,1681490520,71930885,,2,/imu_driver,Current time 1681490520 70766687,driver.py,driver,56,"['/imu', '/rosout']"
1681490520.097421,67841,1681490520,96328258,,2,/imu_driver,Current time 1681490520 94740152,driver.py,driver,56,"['/imu', '/rosout']"
1681490520.1357262,67842,1681490520,126923322,,2,/imu_driver,Current time 1681490520 120662212,driver.py,driver,56,"['/imu', '/rosout']"
1681490520.147338,67843,1681490520,146957874,,2,/imu_driver,Current time 1681490520 145488977,driver.py,driver,56,"['/imu', '/rosout']"
1681490520.1724238,67844,1681490520,171755313,,2,/imu_driver,Current time 1681490520 170539855,driver.py,driver,56,"['/imu', '/rosout']"
1681490520.1974308,67845,1681490520,196696281,,2,/imu_driver,Current time 1681490520 195472955,driver.py,driver,56,"['/imu', '/rosout']"
1681490520.221955,67846,1681490520,221551418,,2,/imu_driver,Current time 1681490520 220497608,driver.py,driver,56,"['/imu', '/rosout']"
1681490520.2477317,67847,1681490520,246944189,,2,/imu_driver,Current time 1681490520 245510816,driver.py,driver,56,"['/imu', '/rosout']"
1681490520.2724056,67848,1681490520,271635293,,2,/imu_driver,Current time 1681490520 270573616,driver.py,driver,56,"['/imu', '/rosout']"
1681490520.2970195,67849,1681490520,296472072,,2,/imu_driver,Current time 1681490520 295518875,driver.py,driver,56,"['/imu', '/rosout']"
1681490520.3224807,67850,1681490520,321741342,,2,/imu_driver,Current time 1681490520 320636510,driver.py,driver,56,"['/imu', '/rosout']"
1681490520.3498547,67851,1681490520,349042415,,2,/imu_driver,Current time 1681490520 347703218,driver.py,driver,56,"['/imu', '/rosout']"
1681490520.3716578,67852,1681490520,371436595,,2,/imu_driver,Current time 1681490520 370270013,driver.py,driver,56,"['/imu', '/rosout']"
1681490520.3980188,67853,1681490520,396653890,,2,/imu_driver,Current time 1681490520 395338296,driver.py,driver,56,"['/imu', '/rosout']"
1681490520.4225729,67854,1681490520,421878337,,2,/imu_driver,Current time 1681490520 420664787,driver.py,driver,56,"['/imu', '/rosout']"
1681490520.4470212,67855,1681490520,446502923,,2,/imu_driver,Current time 1681490520 445473432,driver.py,driver,56,"['/imu', '/rosout']"
1681490520.4717772,67856,1681490520,471440553,,2,/imu_driver,Current time 1681490520 470475196,driver.py,driver,56,"['/imu', '/rosout']"
1681490520.4971666,67857,1681490520,496855974,,2,/imu_driver,Current time 1681490520 495381593,driver.py,driver,56,"['/imu', '/rosout']"
1681490520.5221493,67858,1681490520,521478891,,2,/imu_driver,Current time 1681490520 520306110,driver.py,driver,56,"['/imu', '/rosout']"
1681490520.5469155,67859,1681490520,546452522,,2,/imu_driver,Current time 1681490520 545468568,driver.py,driver,56,"['/imu', '/rosout']"
1681490520.5719142,67860,1681490520,571361541,,2,/imu_driver,Current time 1681490520 570317745,driver.py,driver,56,"['/imu', '/rosout']"
1681490520.5988097,67861,1681490520,597172737,,2,/imu_driver,Current time 1681490520 595161199,driver.py,driver,56,"['/imu', '/rosout']"
1681490520.6221423,67862,1681490520,621336936,,2,/imu_driver,Current time 1681490520 620221853,driver.py,driver,56,"['/imu', '/rosout']"
1681490520.6469789,67863,1681490520,646503925,,2,/imu_driver,Current time 1681490520 645200490,driver.py,driver,56,"['/imu', '/rosout']"
1681490520.6717646,67864,1681490520,671334743,,2,/imu_driver,Current time 1681490520 670355081,driver.py,driver,56,"['/imu', '/rosout']"
1681490520.696807,67865,1681490520,696202278,,2,/imu_driver,Current time 1681490520 695143222,driver.py,driver,56,"['/imu', '/rosout']"
1681490520.7217739,67866,1681490520,721210479,,2,/imu_driver,Current time 1681490520 720086336,driver.py,driver,56,"['/imu', '/rosout']"
1681490520.747315,67867,1681490520,746703863,,2,/imu_driver,Current time 1681490520 745092153,driver.py,driver,56,"['/imu', '/rosout']"
1681490520.771745,67868,1681490520,771139383,,2,/imu_driver,Current time 1681490520 770106077,driver.py,driver,56,"['/imu', '/rosout']"
1681490520.7966318,67869,1681490520,796015024,,2,/imu_driver,Current time 1681490520 795025348,driver.py,driver,56,"['/imu', '/rosout']"
1681490520.8219142,67870,1681490520,821169376,,2,/imu_driver,Current time 1681490520 819975614,driver.py,driver,56,"['/imu', '/rosout']"
1681490520.8465347,67871,1681490520,846251010,,2,/imu_driver,Current time 1681490520 844997167,driver.py,driver,56,"['/imu', '/rosout']"
1681490520.8715663,67872,1681490520,871026515,,2,/imu_driver,Current time 1681490520 870034217,driver.py,driver,56,"['/imu', '/rosout']"
1681490520.9006114,67873,1681490520,897732496,,2,/imu_driver,Current time 1681490520 895043134,driver.py,driver,56,"['/imu', '/rosout']"
1681490520.921702,67874,1681490520,921142816,,2,/imu_driver,Current time 1681490520 919976472,driver.py,driver,56,"['/imu', '/rosout']"
1681490520.9469886,67875,1681490520,946099996,,2,/imu_driver,Current time 1681490520 944968700,driver.py,driver,56,"['/imu', '/rosout']"
1681490520.9713652,67876,1681490520,971091985,,2,/imu_driver,Current time 1681490520 970082044,driver.py,driver,56,"['/imu', '/rosout']"
1681490520.9967763,67877,1681490520,996485233,,2,/imu_driver,Current time 1681490520 994958162,driver.py,driver,56,"['/imu', '/rosout']"
1681490521.0212696,67878,1681490521,21099090,,2,/imu_driver,Current time 1681490521 19990682,driver.py,driver,56,"['/imu', '/rosout']"
1681490521.0461738,67879,1681490521,45999050,,2,/imu_driver,Current time 1681490521 44955730,driver.py,driver,56,"['/imu', '/rosout']"
1681490521.071237,67880,1681490521,71037292,,2,/imu_driver,Current time 1681490521 69845199,driver.py,driver,56,"['/imu', '/rosout']"
1681490521.1030588,67881,1681490521,99809646,,2,/imu_driver,Current time 1681490521 95809459,driver.py,driver,56,"['/imu', '/rosout']"
1681490521.12876,67882,1681490521,125685930,,2,/imu_driver,Current time 1681490521 120987176,driver.py,driver,56,"['/imu', '/rosout']"
1681490521.1608021,67883,1681490521,160470247,,2,/imu_driver,Current time 1681490521 159278154,driver.py,driver,56,"['/imu', '/rosout']"
1681490521.1711648,67884,1681490521,170991897,,2,/imu_driver,Current time 1681490521 170012712,driver.py,driver,56,"['/imu', '/rosout']"
1681490521.1962628,67885,1681490521,195914030,,2,/imu_driver,Current time 1681490521 194885015,driver.py,driver,56,"['/imu', '/rosout']"
1681490521.2212114,67886,1681490521,220864295,,2,/imu_driver,Current time 1681490521 219774723,driver.py,driver,56,"['/imu', '/rosout']"
1681490521.2463973,67887,1681490521,246143579,,2,/imu_driver,Current time 1681490521 244809865,driver.py,driver,56,"['/imu', '/rosout']"
1681490521.2722814,67888,1681490521,271952629,,2,/imu_driver,Current time 1681490521 270689487,driver.py,driver,56,"['/imu', '/rosout']"
1681490521.2966664,67889,1681490521,296385049,,2,/imu_driver,Current time 1681490521 295046091,driver.py,driver,56,"['/imu', '/rosout']"
1681490521.3231225,67890,1681490521,322695732,,2,/imu_driver,Current time 1681490521 320809841,driver.py,driver,56,"['/imu', '/rosout']"
1681490521.3508306,67891,1681490521,350025177,,2,/imu_driver,Current time 1681490521 345785617,driver.py,driver,56,"['/imu', '/rosout']"
1681490521.372431,67892,1681490521,371853351,,2,/imu_driver,Current time 1681490521 370663642,driver.py,driver,56,"['/imu', '/rosout']"
1681490521.39799,67893,1681490521,397157669,,2,/imu_driver,Current time 1681490521 395688772,driver.py,driver,56,"['/imu', '/rosout']"
1681490521.422031,67894,1681490521,421772241,,2,/imu_driver,Current time 1681490521 420698881,driver.py,driver,56,"['/imu', '/rosout']"
1681490521.4470377,67895,1681490521,446793317,,2,/imu_driver,Current time 1681490521 445737123,driver.py,driver,56,"['/imu', '/rosout']"
1681490521.4722269,67896,1681490521,471559286,,2,/imu_driver,Current time 1681490521 470619440,driver.py,driver,56,"['/imu', '/rosout']"
1681490521.497721,67897,1681490521,497106790,,2,/imu_driver,Current time 1681490521 495681524,driver.py,driver,56,"['/imu', '/rosout']"
1681490521.5224302,67898,1681490521,521729707,,2,/imu_driver,Current time 1681490521 520742177,driver.py,driver,56,"['/imu', '/rosout']"
1681490521.546919,67899,1681490521,546630620,,2,/imu_driver,Current time 1681490521 545702219,driver.py,driver,56,"['/imu', '/rosout']"
1681490521.5721762,67900,1681490521,571850538,,2,/imu_driver,Current time 1681490521 570731878,driver.py,driver,56,"['/imu', '/rosout']"
1681490521.597724,67901,1681490521,596393823,,2,/imu_driver,Current time 1681490521 595445871,driver.py,driver,56,"['/imu', '/rosout']"
1681490521.62185,67902,1681490521,621424436,,2,/imu_driver,Current time 1681490521 620457887,driver.py,driver,56,"['/imu', '/rosout']"
1681490521.6480367,67903,1681490521,647226572,,2,/imu_driver,Current time 1681490521 645806789,driver.py,driver,56,"['/imu', '/rosout']"
1681490521.672409,67904,1681490521,671658039,,2,/imu_driver,Current time 1681490521 670666217,driver.py,driver,56,"['/imu', '/rosout']"
1681490521.6972234,67905,1681490521,696777582,,2,/imu_driver,Current time 1681490521 695661783,driver.py,driver,56,"['/imu', '/rosout']"
1681490521.7219112,67906,1681490521,721326112,,2,/imu_driver,Current time 1681490521 720448732,driver.py,driver,56,"['/imu', '/rosout']"
1681490521.747886,67907,1681490521,747279405,,2,/imu_driver,Current time 1681490521 745905876,driver.py,driver,56,"['/imu', '/rosout']"
1681490521.771723,67908,1681490521,771491289,,2,/imu_driver,Current time 1681490521 770508289,driver.py,driver,56,"['/imu', '/rosout']"
1681490521.7970936,67909,1681490521,796478509,,2,/imu_driver,Current time 1681490521 795431613,driver.py,driver,56,"['/imu', '/rosout']"
1681490521.8216884,67910,1681490521,821241855,,2,/imu_driver,Current time 1681490521 820387601,driver.py,driver,56,"['/imu', '/rosout']"
1681490521.846877,67911,1681490521,846310377,,2,/imu_driver,Current time 1681490521 845330953,driver.py,driver,56,"['/imu', '/rosout']"
1681490521.8717263,67912,1681490521,871453523,,2,/imu_driver,Current time 1681490521 870462417,driver.py,driver,56,"['/imu', '/rosout']"
1681490521.8981478,67913,1681490521,897442817,,2,/imu_driver,Current time 1681490521 895432472,driver.py,driver,56,"['/imu', '/rosout']"
1681490521.922009,67914,1681490521,921449661,,2,/imu_driver,Current time 1681490521 920434713,driver.py,driver,56,"['/imu', '/rosout']"
1681490521.9465723,67915,1681490521,946165323,,2,/imu_driver,Current time 1681490521 945182561,driver.py,driver,56,"['/imu', '/rosout']"
1681490521.9715197,67916,1681490521,971145391,,2,/imu_driver,Current time 1681490521 970155477,driver.py,driver,56,"['/imu', '/rosout']"
1681490522.0000927,67917,1681490521,997007846,,2,/imu_driver,Current time 1681490521 995585203,driver.py,driver,56,"['/imu', '/rosout']"
1681490522.0216875,67918,1681490522,21315574,,2,/imu_driver,Current time 1681490522 20212411,driver.py,driver,56,"['/imu', '/rosout']"
1681490522.048322,67919,1681490522,47796487,,2,/imu_driver,Current time 1681490522 46490669,driver.py,driver,56,"['/imu', '/rosout']"
1681490522.0716174,67920,1681490522,71067333,,2,/imu_driver,Current time 1681490522 70049762,driver.py,driver,56,"['/imu', '/rosout']"
1681490522.09649,67921,1681490522,96152305,,2,/imu_driver,Current time 1681490522 95244646,driver.py,driver,56,"['/imu', '/rosout']"
1681490522.1218271,67922,1681490522,121204376,,2,/imu_driver,Current time 1681490522 119998693,driver.py,driver,56,"['/imu', '/rosout']"
1681490522.147519,67923,1681490522,146671533,,2,/imu_driver,Current time 1681490522 145263433,driver.py,driver,56,"['/imu', '/rosout']"
1681490522.1714091,67924,1681490522,171130180,,2,/imu_driver,Current time 1681490522 170071363,driver.py,driver,56,"['/imu', '/rosout']"
1681490522.1967275,67925,1681490522,196130514,,2,/imu_driver,Current time 1681490522 195204973,driver.py,driver,56,"['/imu', '/rosout']"
1681490522.2213643,67926,1681490522,221154212,,2,/imu_driver,Current time 1681490522 220210075,driver.py,driver,56,"['/imu', '/rosout']"
1681490522.2475636,67927,1681490522,246876955,,2,/imu_driver,Current time 1681490522 245333909,driver.py,driver,56,"['/imu', '/rosout']"
1681490522.2716923,67928,1681490522,271139144,,2,/imu_driver,Current time 1681490522 270065546,driver.py,driver,56,"['/imu', '/rosout']"
1681490522.2979746,67929,1681490522,297645330,,2,/imu_driver,Current time 1681490522 295121431,driver.py,driver,56,"['/imu', '/rosout']"
1681490522.3216386,67930,1681490522,321105480,,2,/imu_driver,Current time 1681490522 320210218,driver.py,driver,56,"['/imu', '/rosout']"
1681490522.3464696,67931,1681490522,345864295,,2,/imu_driver,Current time 1681490522 344933032,driver.py,driver,56,"['/imu', '/rosout']"
1681490522.3724554,67932,1681490522,371830224,,2,/imu_driver,Current time 1681490522 370532512,driver.py,driver,56,"['/imu', '/rosout']"
1681490522.3975856,67933,1681490522,396865367,,2,/imu_driver,Current time 1681490522 395334482,driver.py,driver,56,"['/imu', '/rosout']"
1681490522.42149,67934,1681490522,421014785,,2,/imu_driver,Current time 1681490522 419902801,driver.py,driver,56,"['/imu', '/rosout']"
1681490522.4467459,67935,1681490522,446072101,,2,/imu_driver,Current time 1681490522 444912672,driver.py,driver,56,"['/imu', '/rosout']"
1681490522.4712594,67936,1681490522,471010208,,2,/imu_driver,Current time 1681490522 469907283,driver.py,driver,56,"['/imu', '/rosout']"
1681490522.4968705,67937,1681490522,496601819,,2,/imu_driver,Current time 1681490522 495064973,driver.py,driver,56,"['/imu', '/rosout']"
1681490522.5218322,67938,1681490522,521441459,,2,/imu_driver,Current time 1681490522 520207881,driver.py,driver,56,"['/imu', '/rosout']"
1681490522.5466948,67939,1681490522,546213626,,2,/imu_driver,Current time 1681490522 544929265,driver.py,driver,56,"['/imu', '/rosout']"
1681490522.5723915,67940,1681490522,571898698,,2,/imu_driver,Current time 1681490522 570853948,driver.py,driver,56,"['/imu', '/rosout']"
1681490522.5962965,67941,1681490522,595780849,,2,/imu_driver,Current time 1681490522 594738245,driver.py,driver,56,"['/imu', '/rosout']"
1681490522.6222293,67942,1681490522,621747255,,2,/imu_driver,Current time 1681490522 620715618,driver.py,driver,56,"['/imu', '/rosout']"
1681490522.649418,67943,1681490522,648802280,,2,/imu_driver,Current time 1681490522 647173881,driver.py,driver,56,"['/imu', '/rosout']"
1681490522.6725721,67944,1681490522,671893358,,2,/imu_driver,Current time 1681490522 670823097,driver.py,driver,56,"['/imu', '/rosout']"
1681490522.697395,67945,1681490522,696731805,,2,/imu_driver,Current time 1681490522 695725679,driver.py,driver,56,"['/imu', '/rosout']"
1681490522.7224274,67946,1681490522,721788644,,2,/imu_driver,Current time 1681490522 720704793,driver.py,driver,56,"['/imu', '/rosout']"
1681490522.7498386,67947,1681490522,749224185,,2,/imu_driver,Current time 1681490522 747773170,driver.py,driver,56,"['/imu', '/rosout']"
1681490522.7719765,67948,1681490522,771774530,,2,/imu_driver,Current time 1681490522 770653486,driver.py,driver,56,"['/imu', '/rosout']"
1681490522.7975845,67949,1681490522,796849012,,2,/imu_driver,Current time 1681490522 795615434,driver.py,driver,56,"['/imu', '/rosout']"
1681490522.8224099,67950,1681490522,821779012,,2,/imu_driver,Current time 1681490522 820731163,driver.py,driver,56,"['/imu', '/rosout']"
1681490522.8471484,67951,1681490522,846570014,,2,/imu_driver,Current time 1681490522 845621824,driver.py,driver,56,"['/imu', '/rosout']"
1681490522.8722622,67952,1681490522,871671438,,2,/imu_driver,Current time 1681490522 870743751,driver.py,driver,56,"['/imu', '/rosout']"
1681490522.897463,67953,1681490522,896841764,,2,/imu_driver,Current time 1681490522 895426511,driver.py,driver,56,"['/imu', '/rosout']"
1681490522.9221158,67954,1681490522,921623945,,2,/imu_driver,Current time 1681490522 920537710,driver.py,driver,56,"['/imu', '/rosout']"
1681490522.947171,67955,1681490522,946493148,,2,/imu_driver,Current time 1681490522 945526361,driver.py,driver,56,"['/imu', '/rosout']"
1681490522.9731553,67956,1681490522,972208738,,2,/imu_driver,Current time 1681490522 970728635,driver.py,driver,56,"['/imu', '/rosout']"
1681490522.997741,67957,1681490522,997011423,,2,/imu_driver,Current time 1681490522 995449781,driver.py,driver,56,"['/imu', '/rosout']"
1681490523.0220602,67958,1681490523,21772623,,2,/imu_driver,Current time 1681490523 20672082,driver.py,driver,56,"['/imu', '/rosout']"
1681490523.0499446,67959,1681490523,48154354,,2,/imu_driver,Current time 1681490523 45547962,driver.py,driver,56,"['/imu', '/rosout']"
1681490523.0719416,67960,1681490523,71633577,,2,/imu_driver,Current time 1681490523 70699214,driver.py,driver,56,"['/imu', '/rosout']"
1681490523.0974138,67961,1681490523,97068309,,2,/imu_driver,Current time 1681490523 95899105,driver.py,driver,56,"['/imu', '/rosout']"
1681490523.121954,67962,1681490523,121431589,,2,/imu_driver,Current time 1681490523 120326519,driver.py,driver,56,"['/imu', '/rosout']"
1681490523.1474073,67963,1681490523,146744728,,2,/imu_driver,Current time 1681490523 145351886,driver.py,driver,56,"['/imu', '/rosout']"
1681490523.1720614,67964,1681490523,171497821,,2,/imu_driver,Current time 1681490523 170397758,driver.py,driver,56,"['/imu', '/rosout']"
1681490523.1968386,67965,1681490523,196515321,,2,/imu_driver,Current time 1681490523 195532798,driver.py,driver,56,"['/imu', '/rosout']"
1681490523.2230356,67966,1681490523,221681594,,2,/imu_driver,Current time 1681490523 220380306,driver.py,driver,56,"['/imu', '/rosout']"
1681490523.2473135,67967,1681490523,246737957,,2,/imu_driver,Current time 1681490523 245394945,driver.py,driver,56,"['/imu', '/rosout']"
1681490523.2716491,67968,1681490523,271422386,,2,/imu_driver,Current time 1681490523 270285606,driver.py,driver,56,"['/imu', '/rosout']"
1681490523.297418,67969,1681490523,297010421,,2,/imu_driver,Current time 1681490523 295399904,driver.py,driver,56,"['/imu', '/rosout']"
1681490523.3218517,67970,1681490523,321563243,,2,/imu_driver,Current time 1681490523 320313692,driver.py,driver,56,"['/imu', '/rosout']"
1681490523.3473747,67971,1681490523,347077846,,2,/imu_driver,Current time 1681490523 345885992,driver.py,driver,56,"['/imu', '/rosout']"
1681490523.3716073,67972,1681490523,371193885,,2,/imu_driver,Current time 1681490523 370207786,driver.py,driver,56,"['/imu', '/rosout']"
1681490523.3998353,67973,1681490523,396662235,,2,/imu_driver,Current time 1681490523 395214796,driver.py,driver,56,"['/imu', '/rosout']"
1681490523.4214926,67974,1681490523,421336650,,2,/imu_driver,Current time 1681490523 420302629,driver.py,driver,56,"['/imu', '/rosout']"
1681490523.4467363,67975,1681490523,446548700,,2,/imu_driver,Current time 1681490523 445451021,driver.py,driver,56,"['/imu', '/rosout']"
1681490523.4716313,67976,1681490523,471416473,,2,/imu_driver,Current time 1681490523 470340251,driver.py,driver,56,"['/imu', '/rosout']"
1681490523.4966938,67977,1681490523,496166467,,2,/imu_driver,Current time 1681490523 495174407,driver.py,driver,56,"['/imu', '/rosout']"
1681490523.521868,67978,1681490523,521243810,,2,/imu_driver,Current time 1681490523 520168542,driver.py,driver,56,"['/imu', '/rosout']"
1681490523.54923,67979,1681490523,548697233,,2,/imu_driver,Current time 1681490523 547559738,driver.py,driver,56,"['/imu', '/rosout']"
1681490523.572924,67980,1681490523,572311639,,2,/imu_driver,Current time 1681490523 570522308,driver.py,driver,56,"['/imu', '/rosout']"
1681490523.59704,67981,1681490523,596428394,,2,/imu_driver,Current time 1681490523 595233678,driver.py,driver,56,"['/imu', '/rosout']"
1681490523.6218166,67982,1681490523,621219158,,2,/imu_driver,Current time 1681490523 619987249,driver.py,driver,56,"['/imu', '/rosout']"
1681490523.6503959,67983,1681490523,649888038,,2,/imu_driver,Current time 1681490523 648428440,driver.py,driver,56,"['/imu', '/rosout']"
1681490523.6719093,67984,1681490523,671369314,,2,/imu_driver,Current time 1681490523 670204162,driver.py,driver,56,"['/imu', '/rosout']"
1681490523.6966937,67985,1681490523,696116447,,2,/imu_driver,Current time 1681490523 694921255,driver.py,driver,56,"['/imu', '/rosout']"
1681490523.721772,67986,1681490523,721275091,,2,/imu_driver,Current time 1681490523 719928741,driver.py,driver,56,"['/imu', '/rosout']"
1681490523.7463903,67987,1681490523,745956659,,2,/imu_driver,Current time 1681490523 744912862,driver.py,driver,56,"['/imu', '/rosout']"
1681490523.7717848,67988,1681490523,771277666,,2,/imu_driver,Current time 1681490523 769977569,driver.py,driver,56,"['/imu', '/rosout']"
1681490523.7971752,67989,1681490523,796469211,,2,/imu_driver,Current time 1681490523 795161008,driver.py,driver,56,"['/imu', '/rosout']"
1681490523.8212535,67990,1681490523,821019649,,2,/imu_driver,Current time 1681490523 819934606,driver.py,driver,56,"['/imu', '/rosout']"
1681490523.8466148,67991,1681490523,846250057,,2,/imu_driver,Current time 1681490523 845014095,driver.py,driver,56,"['/imu', '/rosout']"
1681490523.8716698,67992,1681490523,870992898,,2,/imu_driver,Current time 1681490523 869835853,driver.py,driver,56,"['/imu', '/rosout']"
1681490523.8975952,67993,1681490523,897003412,,2,/imu_driver,Current time 1681490523 895495414,driver.py,driver,56,"['/imu', '/rosout']"
1681490523.9216995,67994,1681490523,921041488,,2,/imu_driver,Current time 1681490523 920007467,driver.py,driver,56,"['/imu', '/rosout']"
1681490523.9465673,67995,1681490523,945900440,,2,/imu_driver,Current time 1681490523 944940805,driver.py,driver,56,"['/imu', '/rosout']"
1681490523.971327,67996,1681490523,970727443,,2,/imu_driver,Current time 1681490523 969800472,driver.py,driver,56,"['/imu', '/rosout']"
1681490523.9963307,67997,1681490523,995771884,,2,/imu_driver,Current time 1681490523 994768857,driver.py,driver,56,"['/imu', '/rosout']"
1681490524.022404,67998,1681490524,21837472,,2,/imu_driver,Current time 1681490524 20795345,driver.py,driver,56,"['/imu', '/rosout']"
1681490524.0471702,67999,1681490524,46806812,,2,/imu_driver,Current time 1681490524 45396566,driver.py,driver,56,"['/imu', '/rosout']"
1681490524.0729177,68000,1681490524,71895122,,2,/imu_driver,Current time 1681490524 70887088,driver.py,driver,56,"['/imu', '/rosout']"
1681490524.0959637,68001,1681490524,95695257,,2,/imu_driver,Current time 1681490524 94726562,driver.py,driver,56,"['/imu', '/rosout']"
1681490524.1228058,68002,1681490524,122292518,,2,/imu_driver,Current time 1681490524 120743274,driver.py,driver,56,"['/imu', '/rosout']"
1681490524.1472645,68003,1681490524,147038459,,2,/imu_driver,Current time 1681490524 145649671,driver.py,driver,56,"['/imu', '/rosout']"
1681490524.1723053,68004,1681490524,171838045,,2,/imu_driver,Current time 1681490524 170770406,driver.py,driver,56,"['/imu', '/rosout']"
1681490524.1975193,68005,1681490524,197003602,,2,/imu_driver,Current time 1681490524 195713758,driver.py,driver,56,"['/imu', '/rosout']"
1681490524.222158,68006,1681490524,221689701,,2,/imu_driver,Current time 1681490524 220684528,driver.py,driver,56,"['/imu', '/rosout']"
1681490524.2475905,68007,1681490524,246860980,,2,/imu_driver,Current time 1681490524 245748519,driver.py,driver,56,"['/imu', '/rosout']"
1681490524.2721531,68008,1681490524,271868467,,2,/imu_driver,Current time 1681490524 270792484,driver.py,driver,56,"['/imu', '/rosout']"
1681490524.2997115,68009,1681490524,299069643,,2,/imu_driver,Current time 1681490524 297814369,driver.py,driver,56,"['/imu', '/rosout']"
1681490524.322085,68010,1681490524,321607828,,2,/imu_driver,Current time 1681490524 320554494,driver.py,driver,56,"['/imu', '/rosout']"
1681490524.3469698,68011,1681490524,346501111,,2,/imu_driver,Current time 1681490524 345551729,driver.py,driver,56,"['/imu', '/rosout']"
1681490524.371824,68012,1681490524,371607780,,2,/imu_driver,Current time 1681490524 370630502,driver.py,driver,56,"['/imu', '/rosout']"
1681490524.3980691,68013,1681490524,397173166,,2,/imu_driver,Current time 1681490524 395758390,driver.py,driver,56,"['/imu', '/rosout']"
1681490524.4222574,68014,1681490524,421562910,,2,/imu_driver,Current time 1681490524 420562982,driver.py,driver,56,"['/imu', '/rosout']"
1681490524.4471765,68015,1681490524,446834087,,2,/imu_driver,Current time 1681490524 445513963,driver.py,driver,56,"['/imu', '/rosout']"
1681490524.4720078,68016,1681490524,471596956,,2,/imu_driver,Current time 1681490524 470503330,driver.py,driver,56,"['/imu', '/rosout']"
1681490524.4968064,68017,1681490524,496531963,,2,/imu_driver,Current time 1681490524 495566368,driver.py,driver,56,"['/imu', '/rosout']"
1681490524.5219646,68018,1681490524,521632432,,2,/imu_driver,Current time 1681490524 520673990,driver.py,driver,56,"['/imu', '/rosout']"
1681490524.5501983,68019,1681490524,549088239,,2,/imu_driver,Current time 1681490524 547939777,driver.py,driver,56,"['/imu', '/rosout']"
1681490524.5716708,68020,1681490524,571405410,,2,/imu_driver,Current time 1681490524 570420265,driver.py,driver,56,"['/imu', '/rosout']"
1681490524.596895,68021,1681490524,596584081,,2,/imu_driver,Current time 1681490524 595576286,driver.py,driver,56,"['/imu', '/rosout']"
1681490524.6218448,68022,1681490524,621392965,,2,/imu_driver,Current time 1681490524 620504856,driver.py,driver,56,"['/imu', '/rosout']"
1681490524.646774,68023,1681490524,646432161,,2,/imu_driver,Current time 1681490524 645329236,driver.py,driver,56,"['/imu', '/rosout']"
1681490524.6718223,68024,1681490524,671355247,,2,/imu_driver,Current time 1681490524 670345306,driver.py,driver,56,"['/imu', '/rosout']"
1681490524.6977944,68025,1681490524,697412490,,2,/imu_driver,Current time 1681490524 696096658,driver.py,driver,56,"['/imu', '/rosout']"
1681490524.7224076,68026,1681490524,721540927,,2,/imu_driver,Current time 1681490524 720335006,driver.py,driver,56,"['/imu', '/rosout']"
1681490524.748225,68027,1681490524,747277259,,2,/imu_driver,Current time 1681490524 745753765,driver.py,driver,56,"['/imu', '/rosout']"
1681490524.7719524,68028,1681490524,771439313,,2,/imu_driver,Current time 1681490524 770303964,driver.py,driver,56,"['/imu', '/rosout']"
1681490524.8040278,68029,1681490524,803354024,,2,/imu_driver,Current time 1681490524 802166461,driver.py,driver,56,"['/imu', '/rosout']"
1681490524.8223605,68030,1681490524,821495771,,2,/imu_driver,Current time 1681490524 820335865,driver.py,driver,56,"['/imu', '/rosout']"
1681490524.8466098,68031,1681490524,846423149,,2,/imu_driver,Current time 1681490524 845193147,driver.py,driver,56,"['/imu', '/rosout']"
1681490524.8715103,68032,1681490524,871278762,,2,/imu_driver,Current time 1681490524 870232582,driver.py,driver,56,"['/imu', '/rosout']"
1681490524.8974369,68033,1681490524,897289514,,2,/imu_driver,Current time 1681490524 895442962,driver.py,driver,56,"['/imu', '/rosout']"
1681490524.9218776,68034,1681490524,921715259,,2,/imu_driver,Current time 1681490524 920403957,driver.py,driver,56,"['/imu', '/rosout']"
1681490524.9489439,68035,1681490524,947792291,,2,/imu_driver,Current time 1681490524 945298910,driver.py,driver,56,"['/imu', '/rosout']"
1681490524.9725914,68036,1681490524,971336364,,2,/imu_driver,Current time 1681490524 970279455,driver.py,driver,56,"['/imu', '/rosout']"
1681490524.9963722,68037,1681490524,996230363,,2,/imu_driver,Current time 1681490524 995296716,driver.py,driver,56,"['/imu', '/rosout']"
1681490525.021394,68038,1681490525,21250247,,2,/imu_driver,Current time 1681490525 20179271,driver.py,driver,56,"['/imu', '/rosout']"
1681490525.0488544,68039,1681490525,48590183,,2,/imu_driver,Current time 1681490525 47031402,driver.py,driver,56,"['/imu', '/rosout']"
1681490525.0712998,68040,1681490525,71161746,,2,/imu_driver,Current time 1681490525 70245265,driver.py,driver,56,"['/imu', '/rosout']"
1681490525.0963254,68041,1681490525,96114397,,2,/imu_driver,Current time 1681490525 95083236,driver.py,driver,56,"['/imu', '/rosout']"
1681490525.121745,68042,1681490525,121511936,,2,/imu_driver,Current time 1681490525 120031595,driver.py,driver,56,"['/imu', '/rosout']"
1681490525.1462142,68043,1681490525,146084547,,2,/imu_driver,Current time 1681490525 145126819,driver.py,driver,56,"['/imu', '/rosout']"
1681490525.1716082,68044,1681490525,171127796,,2,/imu_driver,Current time 1681490525 169920206,driver.py,driver,56,"['/imu', '/rosout']"
1681490525.19838,68045,1681490525,197616100,,2,/imu_driver,Current time 1681490525 196262359,driver.py,driver,56,"['/imu', '/rosout']"
1681490525.2215247,68046,1681490525,221116781,,2,/imu_driver,Current time 1681490525 219997882,driver.py,driver,56,"['/imu', '/rosout']"
1681490525.2465684,68047,1681490525,246075153,,2,/imu_driver,Current time 1681490525 245048761,driver.py,driver,56,"['/imu', '/rosout']"
1681490525.2712555,68048,1681490525,271057844,,2,/imu_driver,Current time 1681490525 270102262,driver.py,driver,56,"['/imu', '/rosout']"
1681490525.2971773,68049,1681490525,296899318,,2,/imu_driver,Current time 1681490525 295368909,driver.py,driver,56,"['/imu', '/rosout']"
1681490525.3214967,68050,1681490525,321304798,,2,/imu_driver,Current time 1681490525 320133447,driver.py,driver,56,"['/imu', '/rosout']"
1681490525.3461885,68051,1681490525,345961332,,2,/imu_driver,Current time 1681490525 344854116,driver.py,driver,56,"['/imu', '/rosout']"
1681490525.3715408,68052,1681490525,371065616,,2,/imu_driver,Current time 1681490525 369974851,driver.py,driver,56,"['/imu', '/rosout']"
1681490525.3970509,68053,1681490525,396023035,,2,/imu_driver,Current time 1681490525 394967317,driver.py,driver,56,"['/imu', '/rosout']"
1681490525.4271975,68054,1681490525,425574064,,2,/imu_driver,Current time 1681490525 421378850,driver.py,driver,56,"['/imu', '/rosout']"
1681490525.450228,68055,1681490525,449177026,,2,/imu_driver,Current time 1681490525 448014020,driver.py,driver,56,"['/imu', '/rosout']"
1681490525.4727874,68056,1681490525,472005844,,2,/imu_driver,Current time 1681490525 470883607,driver.py,driver,56,"['/imu', '/rosout']"
1681490525.4964843,68057,1681490525,495885610,,2,/imu_driver,Current time 1681490525 494837522,driver.py,driver,56,"['/imu', '/rosout']"
1681490525.5228577,68058,1681490525,521919012,,2,/imu_driver,Current time 1681490525 520812511,driver.py,driver,56,"['/imu', '/rosout']"
1681490525.54785,68059,1681490525,547441482,,2,/imu_driver,Current time 1681490525 546084880,driver.py,driver,56,"['/imu', '/rosout']"
1681490525.5719755,68060,1681490525,571762323,,2,/imu_driver,Current time 1681490525 570806980,driver.py,driver,56,"['/imu', '/rosout']"
1681490525.5977876,68061,1681490525,597367525,,2,/imu_driver,Current time 1681490525 595919609,driver.py,driver,56,"['/imu', '/rosout']"
1681490525.6226094,68062,1681490525,622248172,,2,/imu_driver,Current time 1681490525 621017932,driver.py,driver,56,"['/imu', '/rosout']"
1681490525.6471508,68063,1681490525,646793127,,2,/imu_driver,Current time 1681490525 645609617,driver.py,driver,56,"['/imu', '/rosout']"
1681490525.671986,68064,1681490525,671707391,,2,/imu_driver,Current time 1681490525 670566082,driver.py,driver,56,"['/imu', '/rosout']"
1681490525.6975553,68065,1681490525,697242736,,2,/imu_driver,Current time 1681490525 695749521,driver.py,driver,56,"['/imu', '/rosout']"
1681490525.7222557,68066,1681490525,721969127,,2,/imu_driver,Current time 1681490525 720634460,driver.py,driver,56,"['/imu', '/rosout']"
1681490525.7467752,68067,1681490525,746512651,,2,/imu_driver,Current time 1681490525 745560169,driver.py,driver,56,"['/imu', '/rosout']"
1681490525.7717829,68068,1681490525,771548271,,2,/imu_driver,Current time 1681490525 770611286,driver.py,driver,56,"['/imu', '/rosout']"
1681490525.7976775,68069,1681490525,797201156,,2,/imu_driver,Current time 1681490525 795686006,driver.py,driver,56,"['/imu', '/rosout']"
1681490525.8219547,68070,1681490525,821717262,,2,/imu_driver,Current time 1681490525 820739030,driver.py,driver,56,"['/imu', '/rosout']"
1681490525.8469849,68071,1681490525,846756458,,2,/imu_driver,Current time 1681490525 845552682,driver.py,driver,56,"['/imu', '/rosout']"
1681490525.8721662,68072,1681490525,871832609,,2,/imu_driver,Current time 1681490525 870508909,driver.py,driver,56,"['/imu', '/rosout']"
1681490525.8971634,68073,1681490525,896956443,,2,/imu_driver,Current time 1681490525 895625114,driver.py,driver,56,"['/imu', '/rosout']"
1681490525.922015,68074,1681490525,921546459,,2,/imu_driver,Current time 1681490525 920464277,driver.py,driver,56,"['/imu', '/rosout']"
1681490525.949256,68075,1681490525,947250366,,2,/imu_driver,Current time 1681490525 945575475,driver.py,driver,56,"['/imu', '/rosout']"
1681490525.972665,68076,1681490525,971987247,,2,/imu_driver,Current time 1681490525 970629215,driver.py,driver,56,"['/imu', '/rosout']"
1681490525.9983544,68077,1681490525,997375249,,2,/imu_driver,Current time 1681490525 995966434,driver.py,driver,56,"['/imu', '/rosout']"
1681490526.0222576,68078,1681490526,21329164,,2,/imu_driver,Current time 1681490526 20337581,driver.py,driver,56,"['/imu', '/rosout']"
1681490526.051486,68079,1681490526,50434112,,2,/imu_driver,Current time 1681490526 47697305,driver.py,driver,56,"['/imu', '/rosout']"
1681490526.071633,68080,1681490526,71420907,,2,/imu_driver,Current time 1681490526 70382118,driver.py,driver,56,"['/imu', '/rosout']"
1681490526.0970178,68081,1681490526,96483945,,2,/imu_driver,Current time 1681490526 95376491,driver.py,driver,56,"['/imu', '/rosout']"
1681490526.1218586,68082,1681490526,121413946,,2,/imu_driver,Current time 1681490526 120444774,driver.py,driver,56,"['/imu', '/rosout']"
1681490526.1464982,68083,1681490526,146267175,,2,/imu_driver,Current time 1681490526 145263671,driver.py,driver,56,"['/imu', '/rosout']"
1681490526.1718721,68084,1681490526,171235084,,2,/imu_driver,Current time 1681490526 170309782,driver.py,driver,56,"['/imu', '/rosout']"
1681490526.1973116,68085,1681490526,196932315,,2,/imu_driver,Current time 1681490526 195250749,driver.py,driver,56,"['/imu', '/rosout']"
1681490526.2221653,68086,1681490526,221535205,,2,/imu_driver,Current time 1681490526 220350503,driver.py,driver,56,"['/imu', '/rosout']"
1681490526.2475243,68087,1681490526,246666193,,2,/imu_driver,Current time 1681490526 245335102,driver.py,driver,56,"['/imu', '/rosout']"
1681490526.2718093,68088,1681490526,271139621,,2,/imu_driver,Current time 1681490526 270146131,driver.py,driver,56,"['/imu', '/rosout']"
1681490526.297404,68089,1681490526,297030687,,2,/imu_driver,Current time 1681490526 295493125,driver.py,driver,56,"['/imu', '/rosout']"
1681490526.321971,68090,1681490526,321295022,,2,/imu_driver,Current time 1681490526 320250272,driver.py,driver,56,"['/imu', '/rosout']"
1681490526.3471503,68091,1681490526,346409559,,2,/imu_driver,Current time 1681490526 345113515,driver.py,driver,56,"['/imu', '/rosout']"
1681490526.3714643,68092,1681490526,371213912,,2,/imu_driver,Current time 1681490526 370256423,driver.py,driver,56,"['/imu', '/rosout']"
1681490526.3968399,68093,1681490526,396228790,,2,/imu_driver,Current time 1681490526 395186901,driver.py,driver,56,"['/imu', '/rosout']"
1681490526.421812,68094,1681490526,421286344,,2,/imu_driver,Current time 1681490526 420179605,driver.py,driver,56,"['/imu', '/rosout']"
1681490526.4472415,68095,1681490526,446989059,,2,/imu_driver,Current time 1681490526 445317745,driver.py,driver,56,"['/imu', '/rosout']"
1681490526.4722526,68096,1681490526,471503257,,2,/imu_driver,Current time 1681490526 470038890,driver.py,driver,56,"['/imu', '/rosout']"
1681490526.4964724,68097,1681490526,496152639,,2,/imu_driver,Current time 1681490526 495106458,driver.py,driver,56,"['/imu', '/rosout']"
1681490526.5212247,68098,1681490526,520959377,,2,/imu_driver,Current time 1681490526 519914388,driver.py,driver,56,"['/imu', '/rosout']"
1681490526.5473027,68099,1681490526,547051668,,2,/imu_driver,Current time 1681490526 545829296,driver.py,driver,56,"['/imu', '/rosout']"
1681490526.571331,68100,1681490526,571111440,,2,/imu_driver,Current time 1681490526 569984674,driver.py,driver,56,"['/imu', '/rosout']"
1681490526.5964963,68101,1681490526,596300363,,2,/imu_driver,Current time 1681490526 594934225,driver.py,driver,56,"['/imu', '/rosout']"
1681490526.6213138,68102,1681490526,621115684,,2,/imu_driver,Current time 1681490526 619953870,driver.py,driver,56,"['/imu', '/rosout']"
1681490526.646265,68103,1681490526,646060943,,2,/imu_driver,Current time 1681490526 645025968,driver.py,driver,56,"['/imu', '/rosout']"
1681490526.672176,68104,1681490526,671947956,,2,/imu_driver,Current time 1681490526 670905113,driver.py,driver,56,"['/imu', '/rosout']"
1681490526.6974761,68105,1681490526,696693897,,2,/imu_driver,Current time 1681490526 695306062,driver.py,driver,56,"['/imu', '/rosout']"
1681490526.7213902,68106,1681490526,721160888,,2,/imu_driver,Current time 1681490526 719988822,driver.py,driver,56,"['/imu', '/rosout']"
1681490526.747171,68107,1681490526,746876478,,2,/imu_driver,Current time 1681490526 745831489,driver.py,driver,56,"['/imu', '/rosout']"
1681490526.7718663,68108,1681490526,771660327,,2,/imu_driver,Current time 1681490526 770712137,driver.py,driver,56,"['/imu', '/rosout']"
1681490526.7963424,68109,1681490526,796122074,,2,/imu_driver,Current time 1681490526 794957637,driver.py,driver,56,"['/imu', '/rosout']"
1681490526.8228896,68110,1681490526,822319507,,2,/imu_driver,Current time 1681490526 821061849,driver.py,driver,56,"['/imu', '/rosout']"
1681490526.8470716,68111,1681490526,845927000,,2,/imu_driver,Current time 1681490526 844865560,driver.py,driver,56,"['/imu', '/rosout']"
1681490526.8722563,68112,1681490526,871880531,,2,/imu_driver,Current time 1681490526 870820522,driver.py,driver,56,"['/imu', '/rosout']"
1681490526.8974285,68113,1681490526,896950006,,2,/imu_driver,Current time 1681490526 895821094,driver.py,driver,56,"['/imu', '/rosout']"
1681490526.9223306,68114,1681490526,921913146,,2,/imu_driver,Current time 1681490526 920847177,driver.py,driver,56,"['/imu', '/rosout']"
1681490526.9477432,68115,1681490526,947174072,,2,/imu_driver,Current time 1681490526 945686101,driver.py,driver,56,"['/imu', '/rosout']"
1681490526.971967,68116,1681490526,971667766,,2,/imu_driver,Current time 1681490526 970681428,driver.py,driver,56,"['/imu', '/rosout']"
1681490526.997317,68117,1681490526,996590137,,2,/imu_driver,Current time 1681490526 995565891,driver.py,driver,56,"['/imu', '/rosout']"
1681490527.0221105,68118,1681490527,21785259,,2,/imu_driver,Current time 1681490527 20595788,driver.py,driver,56,"['/imu', '/rosout']"
1681490527.051015,68119,1681490527,50111293,,2,/imu_driver,Current time 1681490527 46168088,driver.py,driver,56,"['/imu', '/rosout']"
1681490527.072511,68120,1681490527,71846961,,2,/imu_driver,Current time 1681490527 70505380,driver.py,driver,56,"['/imu', '/rosout']"
1681490527.0978363,68121,1681490527,97485303,,2,/imu_driver,Current time 1681490527 95636129,driver.py,driver,56,"['/imu', '/rosout']"
1681490527.1225035,68122,1681490527,121651649,,2,/imu_driver,Current time 1681490527 120535373,driver.py,driver,56,"['/imu', '/rosout']"
1681490527.1481824,68123,1681490527,146909713,,2,/imu_driver,Current time 1681490527 145544767,driver.py,driver,56,"['/imu', '/rosout']"
1681490527.1717901,68124,1681490527,171546459,,2,/imu_driver,Current time 1681490527 170552015,driver.py,driver,56,"['/imu', '/rosout']"
1681490527.2010305,68125,1681490527,199969291,,2,/imu_driver,Current time 1681490527 198675394,driver.py,driver,56,"['/imu', '/rosout']"
1681490527.2223606,68126,1681490527,221673727,,2,/imu_driver,Current time 1681490527 220619440,driver.py,driver,56,"['/imu', '/rosout']"
1681490527.2469118,68127,1681490527,246628761,,2,/imu_driver,Current time 1681490527 245511770,driver.py,driver,56,"['/imu', '/rosout']"
1681490527.2726266,68128,1681490527,271842241,,2,/imu_driver,Current time 1681490527 270419120,driver.py,driver,56,"['/imu', '/rosout']"
1681490527.2969573,68129,1681490527,296624183,,2,/imu_driver,Current time 1681490527 295500278,driver.py,driver,56,"['/imu', '/rosout']"
1681490527.322319,68130,1681490527,321824550,,2,/imu_driver,Current time 1681490527 320639848,driver.py,driver,56,"['/imu', '/rosout']"
1681490527.347885,68131,1681490527,347550153,,2,/imu_driver,Current time 1681490527 346072673,driver.py,driver,56,"['/imu', '/rosout']"
1681490527.371496,68132,1681490527,371371984,,2,/imu_driver,Current time 1681490527 370443820,driver.py,driver,56,"['/imu', '/rosout']"
1681490527.3968525,68133,1681490527,396697759,,2,/imu_driver,Current time 1681490527 395374774,driver.py,driver,56,"['/imu', '/rosout']"
1681490527.4215596,68134,1681490527,421364545,,2,/imu_driver,Current time 1681490527 420407056,driver.py,driver,56,"['/imu', '/rosout']"
1681490527.4488764,68135,1681490527,448499202,,2,/imu_driver,Current time 1681490527 446975231,driver.py,driver,56,"['/imu', '/rosout']"
1681490527.471674,68136,1681490527,471495389,,2,/imu_driver,Current time 1681490527 470420598,driver.py,driver,56,"['/imu', '/rosout']"
1681490527.4963865,68137,1681490527,496212959,,2,/imu_driver,Current time 1681490527 495271921,driver.py,driver,56,"['/imu', '/rosout']"
1681490527.521491,68138,1681490527,521255016,,2,/imu_driver,Current time 1681490527 520282506,driver.py,driver,56,"['/imu', '/rosout']"
1681490527.5472746,68139,1681490527,546514749,,2,/imu_driver,Current time 1681490527 545165061,driver.py,driver,56,"['/imu', '/rosout']"
1681490527.5719194,68140,1681490527,571391344,,2,/imu_driver,Current time 1681490527 570239305,driver.py,driver,56,"['/imu', '/rosout']"
1681490527.5980313,68141,1681490527,597168684,,2,/imu_driver,Current time 1681490527 595617532,driver.py,driver,56,"['/imu', '/rosout']"
1681490527.6217024,68142,1681490527,621166706,,2,/imu_driver,Current time 1681490527 620159149,driver.py,driver,56,"['/imu', '/rosout']"
1681490527.6466851,68143,1681490527,646155834,,2,/imu_driver,Current time 1681490527 645267248,driver.py,driver,56,"['/imu', '/rosout']"
1681490527.6715353,68144,1681490527,671086549,,2,/imu_driver,Current time 1681490527 670147180,driver.py,driver,56,"['/imu', '/rosout']"
1681490527.6974218,68145,1681490527,696921110,,2,/imu_driver,Current time 1681490527 695257902,driver.py,driver,56,"['/imu', '/rosout']"
1681490527.72212,68146,1681490527,721337080,,2,/imu_driver,Current time 1681490527 720251321,driver.py,driver,56,"['/imu', '/rosout']"
1681490527.747089,68147,1681490527,746189594,,2,/imu_driver,Current time 1681490527 745169639,driver.py,driver,56,"['/imu', '/rosout']"
1681490527.7720644,68148,1681490527,770992279,,2,/imu_driver,Current time 1681490527 769971609,driver.py,driver,56,"['/imu', '/rosout']"
1681490527.7969906,68149,1681490527,796162128,,2,/imu_driver,Current time 1681490527 795163154,driver.py,driver,56,"['/imu', '/rosout']"
1681490527.821745,68150,1681490527,821270704,,2,/imu_driver,Current time 1681490527 820031642,driver.py,driver,56,"['/imu', '/rosout']"
1681490527.8483427,68151,1681490527,847539901,,2,/imu_driver,Current time 1681490527 845514297,driver.py,driver,56,"['/imu', '/rosout']"
1681490527.8723667,68152,1681490527,871198177,,2,/imu_driver,Current time 1681490527 870166063,driver.py,driver,56,"['/imu', '/rosout']"
1681490527.8968482,68153,1681490527,895859241,,2,/imu_driver,Current time 1681490527 894852161,driver.py,driver,56,"['/imu', '/rosout']"
1681490527.9217176,68154,1681490527,921009302,,2,/imu_driver,Current time 1681490527 919951677,driver.py,driver,56,"['/imu', '/rosout']"
1681490527.9498043,68155,1681490527,948819637,,2,/imu_driver,Current time 1681490527 945224523,driver.py,driver,56,"['/imu', '/rosout']"
1681490527.9719133,68156,1681490527,971041679,,2,/imu_driver,Current time 1681490527 970052242,driver.py,driver,56,"['/imu', '/rosout']"
1681490527.9968843,68157,1681490527,996312379,,2,/imu_driver,Current time 1681490527 995024919,driver.py,driver,56,"['/imu', '/rosout']"
1681490528.022568,68158,1681490528,21993637,,2,/imu_driver,Current time 1681490528 20849227,driver.py,driver,56,"['/imu', '/rosout']"
1681490528.04678,68159,1681490528,46389579,,2,/imu_driver,Current time 1681490528 44981479,driver.py,driver,56,"['/imu', '/rosout']"
1681490528.0728126,68160,1681490528,72162389,,2,/imu_driver,Current time 1681490528 70864439,driver.py,driver,56,"['/imu', '/rosout']"
1681490528.0974119,68161,1681490528,96710920,,2,/imu_driver,Current time 1681490528 95191955,driver.py,driver,56,"['/imu', '/rosout']"
1681490528.123288,68162,1681490528,122930526,,2,/imu_driver,Current time 1681490528 121497392,driver.py,driver,56,"['/imu', '/rosout']"
1681490528.1473348,68163,1681490528,147047996,,2,/imu_driver,Current time 1681490528 145790815,driver.py,driver,56,"['/imu', '/rosout']"
1681490528.1904156,68164,1681490528,177841186,,2,/imu_driver,Current time 1681490528 176075935,driver.py,driver,56,"['/imu', '/rosout']"
1681490528.1981957,68165,1681490528,197948694,,2,/imu_driver,Current time 1681490528 195678472,driver.py,driver,56,"['/imu', '/rosout']"
1681490528.2237504,68166,1681490528,222528457,,2,/imu_driver,Current time 1681490528 221056699,driver.py,driver,56,"['/imu', '/rosout']"
1681490528.248139,68167,1681490528,247332096,,2,/imu_driver,Current time 1681490528 245942831,driver.py,driver,56,"['/imu', '/rosout']"
1681490528.2726982,68168,1681490528,272096872,,2,/imu_driver,Current time 1681490528 270844459,driver.py,driver,56,"['/imu', '/rosout']"
1681490528.2978158,68169,1681490528,297339916,,2,/imu_driver,Current time 1681490528 295829296,driver.py,driver,56,"['/imu', '/rosout']"
1681490528.3226655,68170,1681490528,322010993,,2,/imu_driver,Current time 1681490528 320766448,driver.py,driver,56,"['/imu', '/rosout']"
1681490528.3484058,68171,1681490528,346730232,,2,/imu_driver,Current time 1681490528 345655202,driver.py,driver,56,"['/imu', '/rosout']"
1681490528.372849,68172,1681490528,371862411,,2,/imu_driver,Current time 1681490528 370680332,driver.py,driver,56,"['/imu', '/rosout']"
1681490528.39742,68173,1681490528,396862268,,2,/imu_driver,Current time 1681490528 395600795,driver.py,driver,56,"['/imu', '/rosout']"
1681490528.421938,68174,1681490528,421736240,,2,/imu_driver,Current time 1681490528 420743465,driver.py,driver,56,"['/imu', '/rosout']"
1681490528.446967,68175,1681490528,446743488,,2,/imu_driver,Current time 1681490528 445517063,driver.py,driver,56,"['/imu', '/rosout']"
1681490528.4730031,68176,1681490528,472047090,,2,/imu_driver,Current time 1681490528 470539331,driver.py,driver,56,"['/imu', '/rosout']"
1681490528.4972079,68177,1681490528,496713399,,2,/imu_driver,Current time 1681490528 495515346,driver.py,driver,56,"['/imu', '/rosout']"
1681490528.5221848,68178,1681490528,521779775,,2,/imu_driver,Current time 1681490528 520594596,driver.py,driver,56,"['/imu', '/rosout']"
1681490528.5497913,68179,1681490528,549550056,,2,/imu_driver,Current time 1681490528 548296689,driver.py,driver,56,"['/imu', '/rosout']"
1681490528.5717897,68180,1681490528,571584463,,2,/imu_driver,Current time 1681490528 570559501,driver.py,driver,56,"['/imu', '/rosout']"
1681490528.5978873,68181,1681490528,597589731,,2,/imu_driver,Current time 1681490528 595992088,driver.py,driver,56,"['/imu', '/rosout']"
1681490528.6220775,68182,1681490528,621895790,,2,/imu_driver,Current time 1681490528 620706558,driver.py,driver,56,"['/imu', '/rosout']"
1681490528.6469853,68183,1681490528,646624326,,2,/imu_driver,Current time 1681490528 645479679,driver.py,driver,56,"['/imu', '/rosout']"
1681490528.6716592,68184,1681490528,671505212,,2,/imu_driver,Current time 1681490528 670559644,driver.py,driver,56,"['/imu', '/rosout']"
1681490528.6981134,68185,1681490528,697520732,,2,/imu_driver,Current time 1681490528 696370363,driver.py,driver,56,"['/imu', '/rosout']"
1681490528.7221613,68186,1681490528,721985816,,2,/imu_driver,Current time 1681490528 720636129,driver.py,driver,56,"['/imu', '/rosout']"
1681490528.7469077,68187,1681490528,746494054,,2,/imu_driver,Current time 1681490528 745512247,driver.py,driver,56,"['/imu', '/rosout']"
1681490528.7716289,68188,1681490528,771348237,,2,/imu_driver,Current time 1681490528 770260334,driver.py,driver,56,"['/imu', '/rosout']"
1681490528.7996976,68189,1681490528,797094583,,2,/imu_driver,Current time 1681490528 795221090,driver.py,driver,56,"['/imu', '/rosout']"
1681490528.8217413,68190,1681490528,821511268,,2,/imu_driver,Current time 1681490528 820361137,driver.py,driver,56,"['/imu', '/rosout']"
1681490528.8481607,68191,1681490528,847338438,,2,/imu_driver,Current time 1681490528 845269203,driver.py,driver,56,"['/imu', '/rosout']"
1681490528.8720617,68192,1681490528,871392965,,2,/imu_driver,Current time 1681490528 870445251,driver.py,driver,56,"['/imu', '/rosout']"
1681490528.896791,68193,1681490528,896369934,,2,/imu_driver,Current time 1681490528 895182371,driver.py,driver,56,"['/imu', '/rosout']"
1681490528.9215086,68194,1681490528,921163082,,2,/imu_driver,Current time 1681490528 920144796,driver.py,driver,56,"['/imu', '/rosout']"
1681490528.9474983,68195,1681490528,947097063,,2,/imu_driver,Current time 1681490528 945236921,driver.py,driver,56,"['/imu', '/rosout']"
1681490528.9727983,68196,1681490528,972527503,,2,/imu_driver,Current time 1681490528 970223903,driver.py,driver,56,"['/imu', '/rosout']"
1681490528.9965308,68197,1681490528,996334791,,2,/imu_driver,Current time 1681490528 995299577,driver.py,driver,56,"['/imu', '/rosout']"
1681490529.0218005,68198,1681490529,21372556,,2,/imu_driver,Current time 1681490529 20279407,driver.py,driver,56,"['/imu', '/rosout']"
1681490529.0468774,68199,1681490529,46415805,,2,/imu_driver,Current time 1681490529 45052051,driver.py,driver,56,"['/imu', '/rosout']"
1681490529.0713718,68200,1681490529,71167469,,2,/imu_driver,Current time 1681490529 70171117,driver.py,driver,56,"['/imu', '/rosout']"
1681490529.0966165,68201,1681490529,96357822,,2,/imu_driver,Current time 1681490529 95219850,driver.py,driver,56,"['/imu', '/rosout']"
1681490529.1213448,68202,1681490529,121085405,,2,/imu_driver,Current time 1681490529 120006084,driver.py,driver,56,"['/imu', '/rosout']"
1681490529.1462011,68203,1681490529,145957469,,2,/imu_driver,Current time 1681490529 144994020,driver.py,driver,56,"['/imu', '/rosout']"
1681490529.1714356,68204,1681490529,171155214,,2,/imu_driver,Current time 1681490529 170134544,driver.py,driver,56,"['/imu', '/rosout']"
1681490529.197354,68205,1681490529,196379899,,2,/imu_driver,Current time 1681490529 194953203,driver.py,driver,56,"['/imu', '/rosout']"
1681490529.2224736,68206,1681490529,222030878,,2,/imu_driver,Current time 1681490529 221013545,driver.py,driver,56,"['/imu', '/rosout']"
1681490529.2466748,68207,1681490529,246183872,,2,/imu_driver,Current time 1681490529 245029687,driver.py,driver,56,"['/imu', '/rosout']"
1681490529.2726784,68208,1681490529,271977424,,2,/imu_driver,Current time 1681490529 270933866,driver.py,driver,56,"['/imu', '/rosout']"
1681490529.297013,68209,1681490529,296414613,,2,/imu_driver,Current time 1681490529 294958591,driver.py,driver,56,"['/imu', '/rosout']"
1681490529.3225646,68210,1681490529,321982622,,2,/imu_driver,Current time 1681490529 320926904,driver.py,driver,56,"['/imu', '/rosout']"
1681490529.348356,68211,1681490529,347306489,,2,/imu_driver,Current time 1681490529 346071004,driver.py,driver,56,"['/imu', '/rosout']"
1681490529.372747,68212,1681490529,372206687,,2,/imu_driver,Current time 1681490529 371076822,driver.py,driver,56,"['/imu', '/rosout']"
1681490529.39786,68213,1681490529,397193908,,2,/imu_driver,Current time 1681490529 395889520,driver.py,driver,56,"['/imu', '/rosout']"
1681490529.4265308,68214,1681490529,425594806,,2,/imu_driver,Current time 1681490529 423073768,driver.py,driver,56,"['/imu', '/rosout']"
1681490529.4502356,68215,1681490529,447901487,,2,/imu_driver,Current time 1681490529 445714950,driver.py,driver,56,"['/imu', '/rosout']"
1681490529.4735167,68216,1681490529,472392082,,2,/imu_driver,Current time 1681490529 470695734,driver.py,driver,56,"['/imu', '/rosout']"
1681490529.498069,68217,1681490529,497169256,,2,/imu_driver,Current time 1681490529 495661973,driver.py,driver,56,"['/imu', '/rosout']"
1681490529.5226166,68218,1681490529,522173166,,2,/imu_driver,Current time 1681490529 520636081,driver.py,driver,56,"['/imu', '/rosout']"
1681490529.5494573,68219,1681490529,548728466,,2,/imu_driver,Current time 1681490529 546870231,driver.py,driver,56,"['/imu', '/rosout']"
1681490529.5727913,68220,1681490529,571981430,,2,/imu_driver,Current time 1681490529 570611238,driver.py,driver,56,"['/imu', '/rosout']"
1681490529.5978649,68221,1681490529,597128629,,2,/imu_driver,Current time 1681490529 595546007,driver.py,driver,56,"['/imu', '/rosout']"
1681490529.622537,68222,1681490529,621903181,,2,/imu_driver,Current time 1681490529 620513677,driver.py,driver,56,"['/imu', '/rosout']"
1681490529.647508,68223,1681490529,646814823,,2,/imu_driver,Current time 1681490529 645464897,driver.py,driver,56,"['/imu', '/rosout']"
1681490529.6726606,68224,1681490529,671749830,,2,/imu_driver,Current time 1681490529 670458793,driver.py,driver,56,"['/imu', '/rosout']"
1681490529.7014897,68225,1681490529,700881958,,2,/imu_driver,Current time 1681490529 696327447,driver.py,driver,56,"['/imu', '/rosout']"
1681490529.7233167,68226,1681490529,722408771,,2,/imu_driver,Current time 1681490529 720489263,driver.py,driver,56,"['/imu', '/rosout']"
1681490529.7471437,68227,1681490529,746768236,,2,/imu_driver,Current time 1681490529 745402574,driver.py,driver,56,"['/imu', '/rosout']"
1681490529.7727408,68228,1681490529,771822929,,2,/imu_driver,Current time 1681490529 770448207,driver.py,driver,56,"['/imu', '/rosout']"
1681490529.7982583,68229,1681490529,797524690,,2,/imu_driver,Current time 1681490529 795487403,driver.py,driver,56,"['/imu', '/rosout']"
1681490529.8217583,68230,1681490529,821531534,,2,/imu_driver,Current time 1681490529 820609569,driver.py,driver,56,"['/imu', '/rosout']"
1681490529.8472435,68231,1681490529,846641778,,2,/imu_driver,Current time 1681490529 845402717,driver.py,driver,56,"['/imu', '/rosout']"
1681490529.8718715,68232,1681490529,871650457,,2,/imu_driver,Current time 1681490529 870605230,driver.py,driver,56,"['/imu', '/rosout']"
1681490529.896641,68233,1681490529,896438121,,2,/imu_driver,Current time 1681490529 895450830,driver.py,driver,56,"['/imu', '/rosout']"
1681490529.921639,68234,1681490529,921431064,,2,/imu_driver,Current time 1681490529 920462131,driver.py,driver,56,"['/imu', '/rosout']"
1681490529.9472942,68235,1681490529,947022438,,2,/imu_driver,Current time 1681490529 945404767,driver.py,driver,56,"['/imu', '/rosout']"
1681490529.972355,68236,1681490529,972023963,,2,/imu_driver,Current time 1681490529 970815181,driver.py,driver,56,"['/imu', '/rosout']"
1681490529.9968553,68237,1681490529,996701478,,2,/imu_driver,Current time 1681490529 995457887,driver.py,driver,56,"['/imu', '/rosout']"
1681490530.0219338,68238,1681490530,21432399,,2,/imu_driver,Current time 1681490530 20401239,driver.py,driver,56,"['/imu', '/rosout']"
1681490530.0475576,68239,1681490530,47192811,,2,/imu_driver,Current time 1681490530 45804977,driver.py,driver,56,"['/imu', '/rosout']"
1681490530.071336,68240,1681490530,71146249,,2,/imu_driver,Current time 1681490530 70292234,driver.py,driver,56,"['/imu', '/rosout']"
1681490530.0977795,68241,1681490530,96679687,,2,/imu_driver,Current time 1681490530 95364332,driver.py,driver,56,"['/imu', '/rosout']"
1681490530.121673,68242,1681490530,121408462,,2,/imu_driver,Current time 1681490530 120261192,driver.py,driver,56,"['/imu', '/rosout']"
1681490530.1466064,68243,1681490530,146467924,,2,/imu_driver,Current time 1681490530 145449876,driver.py,driver,56,"['/imu', '/rosout']"
1681490530.172262,68244,1681490530,171574831,,2,/imu_driver,Current time 1681490530 170345306,driver.py,driver,56,"['/imu', '/rosout']"
1681490530.1972709,68245,1681490530,196913719,,2,/imu_driver,Current time 1681490530 195151329,driver.py,driver,56,"['/imu', '/rosout']"
1681490530.2220192,68246,1681490530,221540689,,2,/imu_driver,Current time 1681490530 220267772,driver.py,driver,56,"['/imu', '/rosout']"
1681490530.2466078,68247,1681490530,246190786,,2,/imu_driver,Current time 1681490530 245182037,driver.py,driver,56,"['/imu', '/rosout']"
1681490530.2716591,68248,1681490530,271406650,,2,/imu_driver,Current time 1681490530 270314931,driver.py,driver,56,"['/imu', '/rosout']"
1681490530.3002994,68249,1681490530,299960613,,2,/imu_driver,Current time 1681490530 295108318,driver.py,driver,56,"['/imu', '/rosout']"
1681490530.32165,68250,1681490530,321178197,,2,/imu_driver,Current time 1681490530 320161104,driver.py,driver,56,"['/imu', '/rosout']"
1681490530.3472736,68251,1681490530,346425533,,2,/imu_driver,Current time 1681490530 345126390,driver.py,driver,56,"['/imu', '/rosout']"
1681490530.37137,68252,1681490530,371134042,,2,/imu_driver,Current time 1681490530 370176792,driver.py,driver,56,"['/imu', '/rosout']"
1681490530.3964896,68253,1681490530,396266937,,2,/imu_driver,Current time 1681490530 395252227,driver.py,driver,56,"['/imu', '/rosout']"
1681490530.4216645,68254,1681490530,421224594,,2,/imu_driver,Current time 1681490530 420154333,driver.py,driver,56,"['/imu', '/rosout']"
1681490530.4477708,68255,1681490530,446783304,,2,/imu_driver,Current time 1681490530 445247888,driver.py,driver,56,"['/imu', '/rosout']"
1681490530.4719536,68256,1681490530,471393346,,2,/imu_driver,Current time 1681490530 470106363,driver.py,driver,56,"['/imu', '/rosout']"
1681490530.4968758,68257,1681490530,496159076,,2,/imu_driver,Current time 1681490530 495033502,driver.py,driver,56,"['/imu', '/rosout']"
1681490530.5224023,68258,1681490530,521513223,,2,/imu_driver,Current time 1681490530 520158767,driver.py,driver,56,"['/imu', '/rosout']"
1681490530.5479882,68259,1681490530,547518014,,2,/imu_driver,Current time 1681490530 546125888,driver.py,driver,56,"['/imu', '/rosout']"
1681490530.571856,68260,1681490530,571475267,,2,/imu_driver,Current time 1681490530 570133924,driver.py,driver,56,"['/imu', '/rosout']"
1681490530.5981467,68261,1681490530,596390962,,2,/imu_driver,Current time 1681490530 594967365,driver.py,driver,56,"['/imu', '/rosout']"
1681490530.622431,68262,1681490530,621967315,,2,/imu_driver,Current time 1681490530 621045827,driver.py,driver,56,"['/imu', '/rosout']"
1681490530.6471345,68263,1681490530,646979808,,2,/imu_driver,Current time 1681490530 645872354,driver.py,driver,56,"['/imu', '/rosout']"
1681490530.6723309,68264,1681490530,672119140,,2,/imu_driver,Current time 1681490530 670977115,driver.py,driver,56,"['/imu', '/rosout']"
1681490530.6982822,68265,1681490530,697334051,,2,/imu_driver,Current time 1681490530 694863796,driver.py,driver,56,"['/imu', '/rosout']"
1681490530.7223701,68266,1681490530,722096920,,2,/imu_driver,Current time 1681490530 720943450,driver.py,driver,56,"['/imu', '/rosout']"
1681490530.747729,68267,1681490530,746803283,,2,/imu_driver,Current time 1681490530 745785713,driver.py,driver,56,"['/imu', '/rosout']"
1681490530.7721286,68268,1681490530,771912813,,2,/imu_driver,Current time 1681490530 770866632,driver.py,driver,56,"['/imu', '/rosout']"
1681490530.79963,68269,1681490530,799341201,,2,/imu_driver,Current time 1681490530 796016931,driver.py,driver,56,"['/imu', '/rosout']"
1681490530.8220785,68270,1681490530,821812391,,2,/imu_driver,Current time 1681490530 820766210,driver.py,driver,56,"['/imu', '/rosout']"
1681490530.850052,68271,1681490530,848816871,,2,/imu_driver,Current time 1681490530 845753192,driver.py,driver,56,"['/imu', '/rosout']"
1681490530.8721712,68272,1681490530,871847867,,2,/imu_driver,Current time 1681490530 870854616,driver.py,driver,56,"['/imu', '/rosout']"
1681490530.8974667,68273,1681490530,896663665,,2,/imu_driver,Current time 1681490530 895717144,driver.py,driver,56,"['/imu', '/rosout']"
1681490530.9220972,68274,1681490530,921796321,,2,/imu_driver,Current time 1681490530 920761346,driver.py,driver,56,"['/imu', '/rosout']"
1681490530.9472396,68275,1681490530,947003126,,2,/imu_driver,Current time 1681490530 945739746,driver.py,driver,56,"['/imu', '/rosout']"
1681490530.971995,68276,1681490530,971801280,,2,/imu_driver,Current time 1681490530 970742940,driver.py,driver,56,"['/imu', '/rosout']"
1681490530.9976368,68277,1681490530,996620655,,2,/imu_driver,Current time 1681490530 995690345,driver.py,driver,56,"['/imu', '/rosout']"
1681490531.022115,68278,1681490531,21551132,,2,/imu_driver,Current time 1681490531 20579814,driver.py,driver,56,"['/imu', '/rosout']"
1681490531.0483792,68279,1681490531,47181129,,2,/imu_driver,Current time 1681490531 45793056,driver.py,driver,56,"['/imu', '/rosout']"
1681490531.0730917,68280,1681490531,72218656,,2,/imu_driver,Current time 1681490531 70935010,driver.py,driver,56,"['/imu', '/rosout']"
1681490531.0974932,68281,1681490531,96788644,,2,/imu_driver,Current time 1681490531 95508813,driver.py,driver,56,"['/imu', '/rosout']"
1681490531.1222384,68282,1681490531,121497154,,2,/imu_driver,Current time 1681490531 120576620,driver.py,driver,56,"['/imu', '/rosout']"
1681490531.147117,68283,1681490531,146818161,,2,/imu_driver,Current time 1681490531 145724773,driver.py,driver,56,"['/imu', '/rosout']"
1681490531.1719296,68284,1681490531,171531677,,2,/imu_driver,Current time 1681490531 170327186,driver.py,driver,56,"['/imu', '/rosout']"
1681490531.1973255,68285,1681490531,197035789,,2,/imu_driver,Current time 1681490531 195513248,driver.py,driver,56,"['/imu', '/rosout']"
1681490531.2216618,68286,1681490531,221489429,,2,/imu_driver,Current time 1681490531 220458745,driver.py,driver,56,"['/imu', '/rosout']"
1681490531.2467995,68287,1681490531,246436834,,2,/imu_driver,Current time 1681490531 245444297,driver.py,driver,56,"['/imu', '/rosout']"
1681490531.2717593,68288,1681490531,271545410,,2,/imu_driver,Current time 1681490531 270501852,driver.py,driver,56,"['/imu', '/rosout']"
1681490531.297809,68289,1681490531,297574758,,2,/imu_driver,Current time 1681490531 295976161,driver.py,driver,56,"['/imu', '/rosout']"
1681490531.3216941,68290,1681490531,321442127,,2,/imu_driver,Current time 1681490531 320524454,driver.py,driver,56,"['/imu', '/rosout']"
1681490531.3484895,68291,1681490531,347712516,,2,/imu_driver,Current time 1681490531 345376014,driver.py,driver,56,"['/imu', '/rosout']"
1681490531.3715756,68292,1681490531,371381759,,2,/imu_driver,Current time 1681490531 370453834,driver.py,driver,56,"['/imu', '/rosout']"
1681490531.3965886,68293,1681490531,396249771,,2,/imu_driver,Current time 1681490531 395300626,driver.py,driver,56,"['/imu', '/rosout']"
1681490531.4219122,68294,1681490531,421327829,,2,/imu_driver,Current time 1681490531 420256853,driver.py,driver,56,"['/imu', '/rosout']"
1681490531.4500618,68295,1681490531,449543952,,2,/imu_driver,Current time 1681490531 448353528,driver.py,driver,56,"['/imu', '/rosout']"
1681490531.4716728,68296,1681490531,471342802,,2,/imu_driver,Current time 1681490531 470322608,driver.py,driver,56,"['/imu', '/rosout']"
1681490531.4970195,68297,1681490531,496231317,,2,/imu_driver,Current time 1681490531 495207309,driver.py,driver,56,"['/imu', '/rosout']"
1681490531.5220225,68298,1681490531,521323919,,2,/imu_driver,Current time 1681490531 520269632,driver.py,driver,56,"['/imu', '/rosout']"
1681490531.546639,68299,1681490531,546262502,,2,/imu_driver,Current time 1681490531 545221567,driver.py,driver,56,"['/imu', '/rosout']"
1681490531.5714893,68300,1681490531,571220397,,2,/imu_driver,Current time 1681490531 570246934,driver.py,driver,56,"['/imu', '/rosout']"
1681490531.599303,68301,1681490531,597229719,,2,/imu_driver,Current time 1681490531 595700263,driver.py,driver,56,"['/imu', '/rosout']"
1681490531.6215055,68302,1681490531,621309757,,2,/imu_driver,Current time 1681490531 620322227,driver.py,driver,56,"['/imu', '/rosout']"
1681490531.6471856,68303,1681490531,646371364,,2,/imu_driver,Current time 1681490531 645184755,driver.py,driver,56,"['/imu', '/rosout']"
1681490531.6723347,68304,1681490531,671532869,,2,/imu_driver,Current time 1681490531 670227289,driver.py,driver,56,"['/imu', '/rosout']"
1681490531.6978393,68305,1681490531,697513103,,2,/imu_driver,Current time 1681490531 695428133,driver.py,driver,56,"['/imu', '/rosout']"
1681490531.7222757,68306,1681490531,721503257,,2,/imu_driver,Current time 1681490531 720221757,driver.py,driver,56,"['/imu', '/rosout']"
1681490531.750444,68307,1681490531,748357772,,2,/imu_driver,Current time 1681490531 745352745,driver.py,driver,56,"['/imu', '/rosout']"
1681490531.7715712,68308,1681490531,771245241,,2,/imu_driver,Current time 1681490531 770151138,driver.py,driver,56,"['/imu', '/rosout']"
1681490531.796443,68309,1681490531,796101093,,2,/imu_driver,Current time 1681490531 795055150,driver.py,driver,56,"['/imu', '/rosout']"
1681490531.8229513,68310,1681490531,822314739,,2,/imu_driver,Current time 1681490531 821164846,driver.py,driver,56,"['/imu', '/rosout']"
1681490531.8472488,68311,1681490531,846670627,,2,/imu_driver,Current time 1681490531 845081806,driver.py,driver,56,"['/imu', '/rosout']"
1681490531.8713472,68312,1681490531,870983839,,2,/imu_driver,Current time 1681490531 870058536,driver.py,driver,56,"['/imu', '/rosout']"
1681490531.8965013,68313,1681490531,896039724,,2,/imu_driver,Current time 1681490531 894978284,driver.py,driver,56,"['/imu', '/rosout']"
1681490531.9222918,68314,1681490531,922041893,,2,/imu_driver,Current time 1681490531 920950889,driver.py,driver,56,"['/imu', '/rosout']"
1681490531.948092,68315,1681490531,947483301,,2,/imu_driver,Current time 1681490531 946037530,driver.py,driver,56,"['/imu', '/rosout']"
1681490531.9721527,68316,1681490531,971964359,,2,/imu_driver,Current time 1681490531 970947504,driver.py,driver,56,"['/imu', '/rosout']"
1681490531.9987628,68317,1681490531,998571634,,2,/imu_driver,Current time 1681490531 995897769,driver.py,driver,56,"['/imu', '/rosout']"
1681490532.022248,68318,1681490532,21769523,,2,/imu_driver,Current time 1681490532 20846366,driver.py,driver,56,"['/imu', '/rosout']"
1681490532.047339,68319,1681490532,47011613,,2,/imu_driver,Current time 1681490532 45991420,driver.py,driver,56,"['/imu', '/rosout']"
1681490532.0720108,68320,1681490532,71868896,,2,/imu_driver,Current time 1681490532 70837974,driver.py,driver,56,"['/imu', '/rosout']"
1681490532.0964558,68321,1681490532,96256017,,2,/imu_driver,Current time 1681490532 94873905,driver.py,driver,56,"['/imu', '/rosout']"
1681490532.1224723,68322,1681490532,122001409,,2,/imu_driver,Current time 1681490532 120741128,driver.py,driver,56,"['/imu', '/rosout']"
1681490532.1474578,68323,1681490532,146825790,,2,/imu_driver,Current time 1681490532 145840406,driver.py,driver,56,"['/imu', '/rosout']"
1681490532.1723027,68324,1681490532,171749591,,2,/imu_driver,Current time 1681490532 170763731,driver.py,driver,56,"['/imu', '/rosout']"
1681490532.1978889,68325,1681490532,197161674,,2,/imu_driver,Current time 1681490532 195734500,driver.py,driver,56,"['/imu', '/rosout']"
1681490532.222484,68326,1681490532,221862316,,2,/imu_driver,Current time 1681490532 220801115,driver.py,driver,56,"['/imu', '/rosout']"
1681490532.2476566,68327,1681490532,246925115,,2,/imu_driver,Current time 1681490532 245777845,driver.py,driver,56,"['/imu', '/rosout']"
1681490532.2724044,68328,1681490532,271792173,,2,/imu_driver,Current time 1681490532 270762681,driver.py,driver,56,"['/imu', '/rosout']"
1681490532.2973442,68329,1681490532,296780109,,2,/imu_driver,Current time 1681490532 295796394,driver.py,driver,56,"['/imu', '/rosout']"
1681490532.3220818,68330,1681490532,321716070,,2,/imu_driver,Current time 1681490532 320751667,driver.py,driver,56,"['/imu', '/rosout']"
1681490532.349974,68331,1681490532,349541902,,2,/imu_driver,Current time 1681490532 348295450,driver.py,driver,56,"['/imu', '/rosout']"
1681490532.3727298,68332,1681490532,372249364,,2,/imu_driver,Current time 1681490532 370938777,driver.py,driver,56,"['/imu', '/rosout']"
1681490532.3971596,68333,1681490532,396752595,,2,/imu_driver,Current time 1681490532 395707845,driver.py,driver,56,"['/imu', '/rosout']"
1681490532.422149,68334,1681490532,421590328,,2,/imu_driver,Current time 1681490532 420598983,driver.py,driver,56,"['/imu', '/rosout']"
1681490532.4474704,68335,1681490532,447082042,,2,/imu_driver,Current time 1681490532 445707082,driver.py,driver,56,"['/imu', '/rosout']"
1681490532.4720037,68336,1681490532,471665143,,2,/imu_driver,Current time 1681490532 470690965,driver.py,driver,56,"['/imu', '/rosout']"
1681490532.4979737,68337,1681490532,496848106,,2,/imu_driver,Current time 1681490532 495601177,driver.py,driver,56,"['/imu', '/rosout']"
1681490532.5228112,68338,1681490532,521522521,,2,/imu_driver,Current time 1681490532 520556449,driver.py,driver,56,"['/imu', '/rosout']"
1681490532.5469968,68339,1681490532,546666145,,2,/imu_driver,Current time 1681490532 545671701,driver.py,driver,56,"['/imu', '/rosout']"
1681490532.5719676,68340,1681490532,571473121,,2,/imu_driver,Current time 1681490532 570504426,driver.py,driver,56,"['/imu', '/rosout']"
1681490532.597475,68341,1681490532,597290515,,2,/imu_driver,Current time 1681490532 595929384,driver.py,driver,56,"['/imu', '/rosout']"
1681490532.621637,68342,1681490532,621473550,,2,/imu_driver,Current time 1681490532 620477676,driver.py,driver,56,"['/imu', '/rosout']"
1681490532.64643,68343,1681490532,646283864,,2,/imu_driver,Current time 1681490532 645306587,driver.py,driver,56,"['/imu', '/rosout']"
1681490532.6715016,68344,1681490532,671324253,,2,/imu_driver,Current time 1681490532 670312643,driver.py,driver,56,"['/imu', '/rosout']"
1681490532.696518,68345,1681490532,696378231,,2,/imu_driver,Current time 1681490532 695349216,driver.py,driver,56,"['/imu', '/rosout']"
1681490532.7214074,68346,1681490532,721267461,,2,/imu_driver,Current time 1681490532 720339298,driver.py,driver,56,"['/imu', '/rosout']"
1681490532.7494133,68347,1681490532,748470067,,2,/imu_driver,Current time 1681490532 746035814,driver.py,driver,56,"['/imu', '/rosout']"
1681490532.7717943,68348,1681490532,771328926,,2,/imu_driver,Current time 1681490532 770282030,driver.py,driver,56,"['/imu', '/rosout']"
1681490532.7972648,68349,1681490532,796953439,,2,/imu_driver,Current time 1681490532 795540571,driver.py,driver,56,"['/imu', '/rosout']"
1681490532.8237514,68350,1681490532,822605371,,2,/imu_driver,Current time 1681490532 820500373,driver.py,driver,56,"['/imu', '/rosout']"
1681490532.8569808,68351,1681490532,850765466,,2,/imu_driver,Current time 1681490532 845544099,driver.py,driver,56,"['/imu', '/rosout']"
1681490532.8716004,68352,1681490532,871292829,,2,/imu_driver,Current time 1681490532 870224237,driver.py,driver,56,"['/imu', '/rosout']"
1681490532.896541,68353,1681490532,896357536,,2,/imu_driver,Current time 1681490532 895223855,driver.py,driver,56,"['/imu', '/rosout']"
1681490532.9218624,68354,1681490532,921484231,,2,/imu_driver,Current time 1681490532 920358657,driver.py,driver,56,"['/imu', '/rosout']"
1681490532.9464674,68355,1681490532,946233749,,2,/imu_driver,Current time 1681490532 945141553,driver.py,driver,56,"['/imu', '/rosout']"
1681490532.9713662,68356,1681490532,971217393,,2,/imu_driver,Current time 1681490532 970252037,driver.py,driver,56,"['/imu', '/rosout']"
1681490532.9986417,68357,1681490532,997689962,,2,/imu_driver,Current time 1681490532 996291160,driver.py,driver,56,"['/imu', '/rosout']"
1681490533.0218244,68358,1681490533,21243572,,2,/imu_driver,Current time 1681490533 20215511,driver.py,driver,56,"['/imu', '/rosout']"
1681490533.0467534,68359,1681490533,46213150,,2,/imu_driver,Current time 1681490533 45228719,driver.py,driver,56,"['/imu', '/rosout']"
1681490533.0714693,68360,1681490533,71266651,,2,/imu_driver,Current time 1681490533 70237874,driver.py,driver,56,"['/imu', '/rosout']"
1681490533.0992737,68361,1681490533,96615076,,2,/imu_driver,Current time 1681490533 95055341,driver.py,driver,56,"['/imu', '/rosout']"
1681490533.1217139,68362,1681490533,121190547,,2,/imu_driver,Current time 1681490533 120207786,driver.py,driver,56,"['/imu', '/rosout']"
1681490533.1468992,68363,1681490533,146066427,,2,/imu_driver,Current time 1681490533 145021915,driver.py,driver,56,"['/imu', '/rosout']"
1681490533.171604,68364,1681490533,171100139,,2,/imu_driver,Current time 1681490533 170056819,driver.py,driver,56,"['/imu', '/rosout']"
1681490533.1968784,68365,1681490533,196222305,,2,/imu_driver,Current time 1681490533 195151090,driver.py,driver,56,"['/imu', '/rosout']"
1681490533.2225444,68366,1681490533,222110748,,2,/imu_driver,Current time 1681490533 221027612,driver.py,driver,56,"['/imu', '/rosout']"
1681490533.2475104,68367,1681490533,247257709,,2,/imu_driver,Current time 1681490533 245922088,driver.py,driver,56,"['/imu', '/rosout']"
1681490533.27201,68368,1681490533,271824836,,2,/imu_driver,Current time 1681490533 270864486,driver.py,driver,56,"['/imu', '/rosout']"
1681490533.2967026,68369,1681490533,296496152,,2,/imu_driver,Current time 1681490533 295357704,driver.py,driver,56,"['/imu', '/rosout']"
1681490533.3225262,68370,1681490533,322324275,,2,/imu_driver,Current time 1681490533 321265935,driver.py,driver,56,"['/imu', '/rosout']"
1681490533.3475852,68371,1681490533,347376823,,2,/imu_driver,Current time 1681490533 346251964,driver.py,driver,56,"['/imu', '/rosout']"
1681490533.372685,68372,1681490533,372518539,,2,/imu_driver,Current time 1681490533 371333599,driver.py,driver,56,"['/imu', '/rosout']"
1681490533.3973265,68373,1681490533,396908998,,2,/imu_driver,Current time 1681490533 395952224,driver.py,driver,56,"['/imu', '/rosout']"
1681490533.4224567,68374,1681490533,421690225,,2,/imu_driver,Current time 1681490533 420817613,driver.py,driver,56,"['/imu', '/rosout']"
1681490533.447529,68375,1681490533,447156906,,2,/imu_driver,Current time 1681490533 445683479,driver.py,driver,56,"['/imu', '/rosout']"
1681490533.472424,68376,1681490533,471916437,,2,/imu_driver,Current time 1681490533 470897674,driver.py,driver,56,"['/imu', '/rosout']"
1681490533.4979687,68377,1681490533,497268676,,2,/imu_driver,Current time 1681490533 495829343,driver.py,driver,56,"['/imu', '/rosout']"
1681490533.5226583,68378,1681490533,521889686,,2,/imu_driver,Current time 1681490533 520946741,driver.py,driver,56,"['/imu', '/rosout']"
1681490533.5476332,68379,1681490533,546946048,,2,/imu_driver,Current time 1681490533 545696020,driver.py,driver,56,"['/imu', '/rosout']"
1681490533.5725641,68380,1681490533,571934223,,2,/imu_driver,Current time 1681490533 570863008,driver.py,driver,56,"['/imu', '/rosout']"
1681490533.5991817,68381,1681490533,598602294,,2,/imu_driver,Current time 1681490533 597295761,driver.py,driver,56,"['/imu', '/rosout']"
1681490533.6217997,68382,1681490533,621641159,,2,/imu_driver,Current time 1681490533 620779991,driver.py,driver,56,"['/imu', '/rosout']"
1681490533.6474876,68383,1681490533,646690845,,2,/imu_driver,Current time 1681490533 645706415,driver.py,driver,56,"['/imu', '/rosout']"
1681490533.6720917,68384,1681490533,671565532,,2,/imu_driver,Current time 1681490533 670642614,driver.py,driver,56,"['/imu', '/rosout']"
1681490533.6973133,68385,1681490533,696763038,,2,/imu_driver,Current time 1681490533 695704936,driver.py,driver,56,"['/imu', '/rosout']"
1681490533.7220397,68386,1681490533,721516847,,2,/imu_driver,Current time 1681490533 720617055,driver.py,driver,56,"['/imu', '/rosout']"
1681490533.7486093,68387,1681490533,747843742,,2,/imu_driver,Current time 1681490533 746077299,driver.py,driver,56,"['/imu', '/rosout']"
1681490533.7735374,68388,1681490533,772614955,,2,/imu_driver,Current time 1681490533 770880937,driver.py,driver,56,"['/imu', '/rosout']"
1681490533.7969508,68389,1681490533,796561956,,2,/imu_driver,Current time 1681490533 795598030,driver.py,driver,56,"['/imu', '/rosout']"
1681490533.8224607,68390,1681490533,821785688,,2,/imu_driver,Current time 1681490533 820786952,driver.py,driver,56,"['/imu', '/rosout']"
1681490533.8487802,68391,1681490533,847925424,,2,/imu_driver,Current time 1681490533 846239089,driver.py,driver,56,"['/imu', '/rosout']"
1681490533.8719466,68392,1681490533,871442317,,2,/imu_driver,Current time 1681490533 870576858,driver.py,driver,56,"['/imu', '/rosout']"
1681490533.897446,68393,1681490533,896518707,,2,/imu_driver,Current time 1681490533 895502567,driver.py,driver,56,"['/imu', '/rosout']"
1681490533.9221334,68394,1681490533,921431303,,2,/imu_driver,Current time 1681490533 920525312,driver.py,driver,56,"['/imu', '/rosout']"
1681490533.9472828,68395,1681490533,946542263,,2,/imu_driver,Current time 1681490533 945318937,driver.py,driver,56,"['/imu', '/rosout']"
1681490533.9720595,68396,1681490533,971501350,,2,/imu_driver,Current time 1681490533 970292568,driver.py,driver,56,"['/imu', '/rosout']"
1681490533.998141,68397,1681490533,997366666,,2,/imu_driver,Current time 1681490533 995689392,driver.py,driver,56,"['/imu', '/rosout']"
1681490534.022772,68398,1681490534,22164106,,2,/imu_driver,Current time 1681490534 20722150,driver.py,driver,56,"['/imu', '/rosout']"
1681490534.0468674,68399,1681490534,46357393,,2,/imu_driver,Current time 1681490534 45278787,driver.py,driver,56,"['/imu', '/rosout']"
1681490534.0716574,68400,1681490534,71472644,,2,/imu_driver,Current time 1681490534 70371866,driver.py,driver,56,"['/imu', '/rosout']"
1681490534.0975688,68401,1681490534,96793413,,2,/imu_driver,Current time 1681490534 95374107,driver.py,driver,56,"['/imu', '/rosout']"
1681490534.121641,68402,1681490534,121170997,,2,/imu_driver,Current time 1681490534 120285511,driver.py,driver,56,"['/imu', '/rosout']"
1681490534.1471443,68403,1681490534,146400213,,2,/imu_driver,Current time 1681490534 145308732,driver.py,driver,56,"['/imu', '/rosout']"
1681490534.1719584,68404,1681490534,171369314,,2,/imu_driver,Current time 1681490534 170346975,driver.py,driver,56,"['/imu', '/rosout']"
1681490534.1972976,68405,1681490534,196679830,,2,/imu_driver,Current time 1681490534 195408344,driver.py,driver,56,"['/imu', '/rosout']"
1681490534.2220082,68406,1681490534,221390247,,2,/imu_driver,Current time 1681490534 220361471,driver.py,driver,56,"['/imu', '/rosout']"
1681490534.2466564,68407,1681490534,246393918,,2,/imu_driver,Current time 1681490534 245102167,driver.py,driver,56,"['/imu', '/rosout']"
1681490534.271394,68408,1681490534,271245002,,2,/imu_driver,Current time 1681490534 270231962,driver.py,driver,56,"['/imu', '/rosout']"
1681490534.2964296,68409,1681490534,296247482,,2,/imu_driver,Current time 1681490534 295288562,driver.py,driver,56,"['/imu', '/rosout']"
1681490534.3215086,68410,1681490534,321099281,,2,/imu_driver,Current time 1681490534 320007085,driver.py,driver,56,"['/imu', '/rosout']"
1681490534.346517,68411,1681490534,346247434,,2,/imu_driver,Current time 1681490534 345111370,driver.py,driver,56,"['/imu', '/rosout']"
1681490534.3719904,68412,1681490534,371161460,,2,/imu_driver,Current time 1681490534 370174884,driver.py,driver,56,"['/imu', '/rosout']"
1681490534.3973238,68413,1681490534,396172523,,2,/imu_driver,Current time 1681490534 395150899,driver.py,driver,56,"['/imu', '/rosout']"
1681490534.4224026,68414,1681490534,421832799,,2,/imu_driver,Current time 1681490534 420984029,driver.py,driver,56,"['/imu', '/rosout']"
1681490534.4465554,68415,1681490534,446051836,,2,/imu_driver,Current time 1681490534 445049285,driver.py,driver,56,"['/imu', '/rosout']"
1681490534.4721797,68416,1681490534,472012996,,2,/imu_driver,Current time 1681490534 471063137,driver.py,driver,56,"['/imu', '/rosout']"
1681490534.4965007,68417,1681490534,496115446,,2,/imu_driver,Current time 1681490534 494955539,driver.py,driver,56,"['/imu', '/rosout']"
1681490534.522517,68418,1681490534,522289991,,2,/imu_driver,Current time 1681490534 521142959,driver.py,driver,56,"['/imu', '/rosout']"
1681490534.5471249,68419,1681490534,546990156,,2,/imu_driver,Current time 1681490534 546035766,driver.py,driver,56,"['/imu', '/rosout']"
1681490534.5720503,68420,1681490534,571904420,,2,/imu_driver,Current time 1681490534 570917367,driver.py,driver,56,"['/imu', '/rosout']"
1681490534.5976152,68421,1681490534,597368478,,2,/imu_driver,Current time 1681490534 595900297,driver.py,driver,56,"['/imu', '/rosout']"
1681490534.622004,68422,1681490534,621803760,,2,/imu_driver,Current time 1681490534 620904445,driver.py,driver,56,"['/imu', '/rosout']"
1681490534.6471417,68423,1681490534,646964550,,2,/imu_driver,Current time 1681490534 645869970,driver.py,driver,56,"['/imu', '/rosout']"
1681490534.6719263,68424,1681490534,671755790,,2,/imu_driver,Current time 1681490534 670793771,driver.py,driver,56,"['/imu', '/rosout']"
1681490534.6970916,68425,1681490534,696928024,,2,/imu_driver,Current time 1681490534 695904970,driver.py,driver,56,"['/imu', '/rosout']"
1681490534.7221708,68426,1681490534,721892833,,2,/imu_driver,Current time 1681490534 720937252,driver.py,driver,56,"['/imu', '/rosout']"
1681490534.7482564,68427,1681490534,748006820,,2,/imu_driver,Current time 1681490534 746451139,driver.py,driver,56,"['/imu', '/rosout']"
1681490534.7721648,68428,1681490534,772012233,,2,/imu_driver,Current time 1681490534 771084547,driver.py,driver,56,"['/imu', '/rosout']"
1681490534.7969637,68429,1681490534,796748876,,2,/imu_driver,Current time 1681490534 795702934,driver.py,driver,56,"['/imu', '/rosout']"
1681490534.8218758,68430,1681490534,821724891,,2,/imu_driver,Current time 1681490534 820819139,driver.py,driver,56,"['/imu', '/rosout']"
1681490534.8479612,68431,1681490534,847735404,,2,/imu_driver,Current time 1681490534 846283435,driver.py,driver,56,"['/imu', '/rosout']"
1681490534.8719246,68432,1681490534,871740341,,2,/imu_driver,Current time 1681490534 870818614,driver.py,driver,56,"['/imu', '/rosout']"
1681490534.8972428,68433,1681490534,896889925,,2,/imu_driver,Current time 1681490534 895785808,driver.py,driver,56,"['/imu', '/rosout']"
1681490534.9217656,68434,1681490534,921571016,,2,/imu_driver,Current time 1681490534 920708417,driver.py,driver,56,"['/imu', '/rosout']"
1681490534.9472167,68435,1681490534,946772336,,2,/imu_driver,Current time 1681490534 945746421,driver.py,driver,56,"['/imu', '/rosout']"
1681490534.9725566,68436,1681490534,971776008,,2,/imu_driver,Current time 1681490534 970683813,driver.py,driver,56,"['/imu', '/rosout']"
1681490534.997697,68437,1681490534,997057437,,2,/imu_driver,Current time 1681490534 995533466,driver.py,driver,56,"['/imu', '/rosout']"
1681490535.0219562,68438,1681490535,21474838,,2,/imu_driver,Current time 1681490535 20707845,driver.py,driver,56,"['/imu', '/rosout']"
1681490535.047263,68439,1681490535,46727895,,2,/imu_driver,Current time 1681490535 45530557,driver.py,driver,56,"['/imu', '/rosout']"
1681490535.0722878,68440,1681490535,71630477,,2,/imu_driver,Current time 1681490535 70639848,driver.py,driver,56,"['/imu', '/rosout']"
1681490535.0972912,68441,1681490535,97103595,,2,/imu_driver,Current time 1681490535 95693826,driver.py,driver,56,"['/imu', '/rosout']"
1681490535.1218705,68442,1681490535,121699810,,2,/imu_driver,Current time 1681490535 120479583,driver.py,driver,56,"['/imu', '/rosout']"
1681490535.1472354,68443,1681490535,146951913,,2,/imu_driver,Current time 1681490535 145552396,driver.py,driver,56,"['/imu', '/rosout']"
1681490535.171858,68444,1681490535,171559333,,2,/imu_driver,Current time 1681490535 170411348,driver.py,driver,56,"['/imu', '/rosout']"
1681490535.1979866,68445,1681490535,197186470,,2,/imu_driver,Current time 1681490535 195634365,driver.py,driver,56,"['/imu', '/rosout']"
1681490535.2233913,68446,1681490535,222182035,,2,/imu_driver,Current time 1681490535 220618247,driver.py,driver,56,"['/imu', '/rosout']"
1681490535.2494283,68447,1681490535,248067855,,2,/imu_driver,Current time 1681490535 245369434,driver.py,driver,56,"['/imu', '/rosout']"
1681490535.2719383,68448,1681490535,271355628,,2,/imu_driver,Current time 1681490535 270380496,driver.py,driver,56,"['/imu', '/rosout']"
1681490535.2974966,68449,1681490535,296448230,,2,/imu_driver,Current time 1681490535 295331239,driver.py,driver,56,"['/imu', '/rosout']"
1681490535.321868,68450,1681490535,321376562,,2,/imu_driver,Current time 1681490535 320299863,driver.py,driver,56,"['/imu', '/rosout']"
1681490535.34745,68451,1681490535,347236633,,2,/imu_driver,Current time 1681490535 345689773,driver.py,driver,56,"['/imu', '/rosout']"
1681490535.3714583,68452,1681490535,371288776,,2,/imu_driver,Current time 1681490535 370291471,driver.py,driver,56,"['/imu', '/rosout']"
1681490535.3964972,68453,1681490535,396204233,,2,/imu_driver,Current time 1681490535 395182371,driver.py,driver,56,"['/imu', '/rosout']"
1681490535.4214041,68454,1681490535,421119928,,2,/imu_driver,Current time 1681490535 420188188,driver.py,driver,56,"['/imu', '/rosout']"
1681490535.4464948,68455,1681490535,446286916,,2,/imu_driver,Current time 1681490535 445231199,driver.py,driver,56,"['/imu', '/rosout']"
1681490535.4720244,68456,1681490535,471493721,,2,/imu_driver,Current time 1681490535 470191478,driver.py,driver,56,"['/imu', '/rosout']"
1681490535.4978795,68457,1681490535,496350288,,2,/imu_driver,Current time 1681490535 495240688,driver.py,driver,56,"['/imu', '/rosout']"
1681490535.521868,68458,1681490535,521298646,,2,/imu_driver,Current time 1681490535 520262002,driver.py,driver,56,"['/imu', '/rosout']"
1681490535.546539,68459,1681490535,546255826,,2,/imu_driver,Current time 1681490535 545238256,driver.py,driver,56,"['/imu', '/rosout']"
1681490535.572099,68460,1681490535,571320295,,2,/imu_driver,Current time 1681490535 570142507,driver.py,driver,56,"['/imu', '/rosout']"
1681490535.59785,68461,1681490535,597105503,,2,/imu_driver,Current time 1681490535 595130443,driver.py,driver,56,"['/imu', '/rosout']"
1681490535.621598,68462,1681490535,621307849,,2,/imu_driver,Current time 1681490535 620259284,driver.py,driver,56,"['/imu', '/rosout']"
1681490535.6464603,68463,1681490535,646229743,,2,/imu_driver,Current time 1681490535 645120859,driver.py,driver,56,"['/imu', '/rosout']"
1681490535.6723764,68464,1681490535,671969175,,2,/imu_driver,Current time 1681490535 670914411,driver.py,driver,56,"['/imu', '/rosout']"
1681490535.696369,68465,1681490535,696151971,,2,/imu_driver,Current time 1681490535 695018291,driver.py,driver,56,"['/imu', '/rosout']"
1681490535.7219324,68466,1681490535,721742391,,2,/imu_driver,Current time 1681490535 720515251,driver.py,driver,56,"['/imu', '/rosout']"
1681490535.748726,68467,1681490535,748359680,,2,/imu_driver,Current time 1681490535 746877193,driver.py,driver,56,"['/imu', '/rosout']"
1681490535.7731283,68468,1681490535,772911071,,2,/imu_driver,Current time 1681490535 771147012,driver.py,driver,56,"['/imu', '/rosout']"
1681490535.7963374,68469,1681490535,796092271,,2,/imu_driver,Current time 1681490535 794931411,driver.py,driver,56,"['/imu', '/rosout']"
1681490535.822742,68470,1681490535,822113037,,2,/imu_driver,Current time 1681490535 820992231,driver.py,driver,56,"['/imu', '/rosout']"
1681490535.848284,68471,1681490535,846135616,,2,/imu_driver,Current time 1681490535 844945430,driver.py,driver,56,"['/imu', '/rosout']"
1681490535.8729525,68472,1681490535,872216463,,2,/imu_driver,Current time 1681490535 871024847,driver.py,driver,56,"['/imu', '/rosout']"
1681490535.8973422,68473,1681490535,897112369,,2,/imu_driver,Current time 1681490535 895859003,driver.py,driver,56,"['/imu', '/rosout']"
1681490535.9225242,68474,1681490535,921827316,,2,/imu_driver,Current time 1681490535 920802831,driver.py,driver,56,"['/imu', '/rosout']"
1681490535.9477901,68475,1681490535,946912288,,2,/imu_driver,Current time 1681490535 945868730,driver.py,driver,56,"['/imu', '/rosout']"
1681490535.9727511,68476,1681490535,971952438,,2,/imu_driver,Current time 1681490535 970909833,driver.py,driver,56,"['/imu', '/rosout']"
1681490535.998886,68477,1681490535,997348308,,2,/imu_driver,Current time 1681490535 995948314,driver.py,driver,56,"['/imu', '/rosout']"
1681490536.0220098,68478,1681490536,21790266,,2,/imu_driver,Current time 1681490536 20777463,driver.py,driver,56,"['/imu', '/rosout']"
1681490536.0473044,68479,1681490536,47005891,,2,/imu_driver,Current time 1681490536 45896053,driver.py,driver,56,"['/imu', '/rosout']"
1681490536.07219,68480,1681490536,71712732,,2,/imu_driver,Current time 1681490536 70636749,driver.py,driver,56,"['/imu', '/rosout']"
1681490536.098501,68481,1681490536,97404003,,2,/imu_driver,Current time 1681490536 95990896,driver.py,driver,56,"['/imu', '/rosout']"
1681490536.122342,68482,1681490536,121710777,,2,/imu_driver,Current time 1681490536 120740652,driver.py,driver,56,"['/imu', '/rosout']"
1681490536.1490347,68483,1681490536,146923542,,2,/imu_driver,Current time 1681490536 145750999,driver.py,driver,56,"['/imu', '/rosout']"
1681490536.172142,68484,1681490536,171846151,,2,/imu_driver,Current time 1681490536 170664787,driver.py,driver,56,"['/imu', '/rosout']"
1681490536.1970253,68485,1681490536,196795225,,2,/imu_driver,Current time 1681490536 195594072,driver.py,driver,56,"['/imu', '/rosout']"
1681490536.2277322,68486,1681490536,227066516,,2,/imu_driver,Current time 1681490536 225631952,driver.py,driver,56,"['/imu', '/rosout']"
1681490536.2489326,68487,1681490536,247667551,,2,/imu_driver,Current time 1681490536 245637178,driver.py,driver,56,"['/imu', '/rosout']"
1681490536.2732599,68488,1681490536,271882295,,2,/imu_driver,Current time 1681490536 270605325,driver.py,driver,56,"['/imu', '/rosout']"
1681490536.2972476,68489,1681490536,296777486,,2,/imu_driver,Current time 1681490536 295536756,driver.py,driver,56,"['/imu', '/rosout']"
1681490536.3233626,68490,1681490536,321898698,,2,/imu_driver,Current time 1681490536 320649623,driver.py,driver,56,"['/imu', '/rosout']"
1681490536.3500547,68491,1681490536,348353862,,2,/imu_driver,Current time 1681490536 346504688,driver.py,driver,56,"['/imu', '/rosout']"
1681490536.3720012,68492,1681490536,371778249,,2,/imu_driver,Current time 1681490536 370712518,driver.py,driver,56,"['/imu', '/rosout']"
1681490536.3970535,68493,1681490536,396811962,,2,/imu_driver,Current time 1681490536 395638465,driver.py,driver,56,"['/imu', '/rosout']"
1681490536.4214213,68494,1681490536,421309709,,2,/imu_driver,Current time 1681490536 420470714,driver.py,driver,56,"['/imu', '/rosout']"
1681490536.446744,68495,1681490536,446566581,,2,/imu_driver,Current time 1681490536 445603609,driver.py,driver,56,"['/imu', '/rosout']"
1681490536.4718468,68496,1681490536,471698522,,2,/imu_driver,Current time 1681490536 470676422,driver.py,driver,56,"['/imu', '/rosout']"
1681490536.4972844,68497,1681490536,496985673,,2,/imu_driver,Current time 1681490536 495584726,driver.py,driver,56,"['/imu', '/rosout']"
1681490536.522582,68498,1681490536,522342920,,2,/imu_driver,Current time 1681490536 520672082,driver.py,driver,56,"['/imu', '/rosout']"
1681490536.5474224,68499,1681490536,546497106,,2,/imu_driver,Current time 1681490536 545532941,driver.py,driver,56,"['/imu', '/rosout']"
1681490536.5727522,68500,1681490536,571764230,,2,/imu_driver,Current time 1681490536 570548057,driver.py,driver,56,"['/imu', '/rosout']"
1681490536.5981164,68501,1681490536,597118139,,2,/imu_driver,Current time 1681490536 595518112,driver.py,driver,56,"['/imu', '/rosout']"
1681490536.6221912,68502,1681490536,621448755,,2,/imu_driver,Current time 1681490536 620549678,driver.py,driver,56,"['/imu', '/rosout']"
1681490536.6490076,68503,1681490536,646522998,,2,/imu_driver,Current time 1681490536 645348072,driver.py,driver,56,"['/imu', '/rosout']"
1681490536.671859,68504,1681490536,671276092,,2,/imu_driver,Current time 1681490536 670348882,driver.py,driver,56,"['/imu', '/rosout']"
1681490536.697028,68505,1681490536,696463108,,2,/imu_driver,Current time 1681490536 695423603,driver.py,driver,56,"['/imu', '/rosout']"
1681490536.7222683,68506,1681490536,721642255,,2,/imu_driver,Current time 1681490536 720418214,driver.py,driver,56,"['/imu', '/rosout']"
1681490536.7474186,68507,1681490536,746460437,,2,/imu_driver,Current time 1681490536 745263338,driver.py,driver,56,"['/imu', '/rosout']"
1681490536.7719655,68508,1681490536,771351337,,2,/imu_driver,Current time 1681490536 770281553,driver.py,driver,56,"['/imu', '/rosout']"
1681490536.7970328,68509,1681490536,796394586,,2,/imu_driver,Current time 1681490536 795315980,driver.py,driver,56,"['/imu', '/rosout']"
1681490536.8217998,68510,1681490536,821208477,,2,/imu_driver,Current time 1681490536 820238113,driver.py,driver,56,"['/imu', '/rosout']"
1681490536.8474083,68511,1681490536,846590757,,2,/imu_driver,Current time 1681490536 845241546,driver.py,driver,56,"['/imu', '/rosout']"
1681490536.8721611,68512,1681490536,871434926,,2,/imu_driver,Current time 1681490536 870391368,driver.py,driver,56,"['/imu', '/rosout']"
1681490536.8971615,68513,1681490536,896236658,,2,/imu_driver,Current time 1681490536 895238161,driver.py,driver,56,"['/imu', '/rosout']"
1681490536.921802,68514,1681490536,921167850,,2,/imu_driver,Current time 1681490536 920098304,driver.py,driver,56,"['/imu', '/rosout']"
1681490536.9467642,68515,1681490536,946187973,,2,/imu_driver,Current time 1681490536 945159435,driver.py,driver,56,"['/imu', '/rosout']"
1681490536.9718685,68516,1681490536,971306324,,2,/imu_driver,Current time 1681490536 970078945,driver.py,driver,56,"['/imu', '/rosout']"
1681490536.997807,68517,1681490536,997097969,,2,/imu_driver,Current time 1681490536 995166778,driver.py,driver,56,"['/imu', '/rosout']"
1681490537.0227702,68518,1681490537,22107124,,2,/imu_driver,Current time 1681490537 20993947,driver.py,driver,56,"['/imu', '/rosout']"
1681490537.0474763,68519,1681490537,46714305,,2,/imu_driver,Current time 1681490537 45151233,driver.py,driver,56,"['/imu', '/rosout']"
1681490537.0737576,68520,1681490537,72688341,,2,/imu_driver,Current time 1681490537 71096181,driver.py,driver,56,"['/imu', '/rosout']"
1681490537.0984511,68521,1681490537,97768545,,2,/imu_driver,Current time 1681490537 96285104,driver.py,driver,56,"['/imu', '/rosout']"
1681490537.1232944,68522,1681490537,122515916,,2,/imu_driver,Current time 1681490537 120975732,driver.py,driver,56,"['/imu', '/rosout']"
1681490537.1485403,68523,1681490537,147745132,,2,/imu_driver,Current time 1681490537 145973920,driver.py,driver,56,"['/imu', '/rosout']"
1681490537.1732948,68524,1681490537,172430753,,2,/imu_driver,Current time 1681490537 170662164,driver.py,driver,56,"['/imu', '/rosout']"
1681490537.1983402,68525,1681490537,197437763,,2,/imu_driver,Current time 1681490537 195909738,driver.py,driver,56,"['/imu', '/rosout']"
1681490537.2229145,68526,1681490537,222068071,,2,/imu_driver,Current time 1681490537 220924854,driver.py,driver,56,"['/imu', '/rosout']"
1681490537.2488172,68527,1681490537,248586893,,2,/imu_driver,Current time 1681490537 246768712,driver.py,driver,56,"['/imu', '/rosout']"
1681490537.2733119,68528,1681490537,273064136,,2,/imu_driver,Current time 1681490537 271626949,driver.py,driver,56,"['/imu', '/rosout']"
1681490537.297467,68529,1681490537,297246456,,2,/imu_driver,Current time 1681490537 295868396,driver.py,driver,56,"['/imu', '/rosout']"
1681490537.3226643,68530,1681490537,322011470,,2,/imu_driver,Current time 1681490537 320825576,driver.py,driver,56,"['/imu', '/rosout']"
1681490537.3482308,68531,1681490537,347513675,,2,/imu_driver,Current time 1681490537 345846176,driver.py,driver,56,"['/imu', '/rosout']"
1681490537.3725657,68532,1681490537,372038602,,2,/imu_driver,Current time 1681490537 370806455,driver.py,driver,56,"['/imu', '/rosout']"
1681490537.397962,68533,1681490537,397161722,,2,/imu_driver,Current time 1681490537 395803928,driver.py,driver,56,"['/imu', '/rosout']"
1681490537.4223013,68534,1681490537,421883821,,2,/imu_driver,Current time 1681490537 420875310,driver.py,driver,56,"['/imu', '/rosout']"
1681490537.4473202,68535,1681490537,446846246,,2,/imu_driver,Current time 1681490537 445736408,driver.py,driver,56,"['/imu', '/rosout']"
1681490537.4725308,68536,1681490537,471842288,,2,/imu_driver,Current time 1681490537 470713376,driver.py,driver,56,"['/imu', '/rosout']"
1681490537.4998193,68537,1681490537,499037742,,2,/imu_driver,Current time 1681490537 496604919,driver.py,driver,56,"['/imu', '/rosout']"
1681490537.5221875,68538,1681490537,521745920,,2,/imu_driver,Current time 1681490537 520740509,driver.py,driver,56,"['/imu', '/rosout']"
1681490537.5472572,68539,1681490537,546782493,,2,/imu_driver,Current time 1681490537 545769691,driver.py,driver,56,"['/imu', '/rosout']"
1681490537.5726123,68540,1681490537,571995735,,2,/imu_driver,Current time 1681490537 570858240,driver.py,driver,56,"['/imu', '/rosout']"
1681490537.6009638,68541,1681490537,600665807,,2,/imu_driver,Current time 1681490537 595699787,driver.py,driver,56,"['/imu', '/rosout']"
1681490537.6221838,68542,1681490537,621858358,,2,/imu_driver,Current time 1681490537 620843172,driver.py,driver,56,"['/imu', '/rosout']"
1681490537.647284,68543,1681490537,646959781,,2,/imu_driver,Current time 1681490537 645705699,driver.py,driver,56,"['/imu', '/rosout']"
1681490537.6718016,68544,1681490537,671526670,,2,/imu_driver,Current time 1681490537 670577526,driver.py,driver,56,"['/imu', '/rosout']"
1681490537.6970177,68545,1681490537,696618795,,2,/imu_driver,Current time 1681490537 695644378,driver.py,driver,56,"['/imu', '/rosout']"
1681490537.7218935,68546,1681490537,721486806,,2,/imu_driver,Current time 1681490537 720534324,driver.py,driver,56,"['/imu', '/rosout']"
1681490537.7491739,68547,1681490537,748864650,,2,/imu_driver,Current time 1681490537 747253656,driver.py,driver,56,"['/imu', '/rosout']"
1681490537.7717733,68548,1681490537,771486759,,2,/imu_driver,Current time 1681490537 770502805,driver.py,driver,56,"['/imu', '/rosout']"
1681490537.7970176,68549,1681490537,796723127,,2,/imu_driver,Current time 1681490537 795620918,driver.py,driver,56,"['/imu', '/rosout']"
1681490537.821903,68550,1681490537,821602106,,2,/imu_driver,Current time 1681490537 820597648,driver.py,driver,56,"['/imu', '/rosout']"
1681490537.847595,68551,1681490537,846932888,,2,/imu_driver,Current time 1681490537 845523118,driver.py,driver,56,"['/imu', '/rosout']"
1681490537.872761,68552,1681490537,871768474,,2,/imu_driver,Current time 1681490537 870655298,driver.py,driver,56,"['/imu', '/rosout']"
1681490537.8971326,68553,1681490537,896704435,,2,/imu_driver,Current time 1681490537 895487546,driver.py,driver,56,"['/imu', '/rosout']"
1681490537.9219542,68554,1681490537,921418428,,2,/imu_driver,Current time 1681490537 920505285,driver.py,driver,56,"['/imu', '/rosout']"
1681490537.9471126,68555,1681490537,946473836,,2,/imu_driver,Current time 1681490537 945498466,driver.py,driver,56,"['/imu', '/rosout']"
1681490537.9716325,68556,1681490537,971384763,,2,/imu_driver,Current time 1681490537 970334529,driver.py,driver,56,"['/imu', '/rosout']"
1681490538.0021844,68557,1681490537,996942043,,2,/imu_driver,Current time 1681490537 995369434,driver.py,driver,56,"['/imu', '/rosout']"
1681490538.0217807,68558,1681490538,21294116,,2,/imu_driver,Current time 1681490538 20312547,driver.py,driver,56,"['/imu', '/rosout']"
1681490538.0467021,68559,1681490538,46463012,,2,/imu_driver,Current time 1681490538 45480489,driver.py,driver,56,"['/imu', '/rosout']"
1681490538.0720098,68560,1681490538,71431159,,2,/imu_driver,Current time 1681490538 70481777,driver.py,driver,56,"['/imu', '/rosout']"
1681490538.0973272,68561,1681490538,96541881,,2,/imu_driver,Current time 1681490538 95519542,driver.py,driver,56,"['/imu', '/rosout']"
1681490538.121972,68562,1681490538,121633291,,2,/imu_driver,Current time 1681490538 120446681,driver.py,driver,56,"['/imu', '/rosout']"
1681490538.1493967,68563,1681490538,147986173,,2,/imu_driver,Current time 1681490538 145463466,driver.py,driver,56,"['/imu', '/rosout']"
1681490538.1717465,68564,1681490538,171287775,,2,/imu_driver,Current time 1681490538 170243024,driver.py,driver,56,"['/imu', '/rosout']"
1681490538.1971483,68565,1681490538,196421861,,2,/imu_driver,Current time 1681490538 195300102,driver.py,driver,56,"['/imu', '/rosout']"
1681490538.2220247,68566,1681490538,221538782,,2,/imu_driver,Current time 1681490538 220386981,driver.py,driver,56,"['/imu', '/rosout']"
1681490538.2483003,68567,1681490538,247442483,,2,/imu_driver,Current time 1681490538 245554924,driver.py,driver,56,"['/imu', '/rosout']"
1681490538.2719493,68568,1681490538,271422624,,2,/imu_driver,Current time 1681490538 270346641,driver.py,driver,56,"['/imu', '/rosout']"
1681490538.2967086,68569,1681490538,296305656,,2,/imu_driver,Current time 1681490538 295202016,driver.py,driver,56,"['/imu', '/rosout']"
1681490538.3217843,68570,1681490538,321241855,,2,/imu_driver,Current time 1681490538 320240974,driver.py,driver,56,"['/imu', '/rosout']"
1681490538.3478618,68571,1681490538,347259759,,2,/imu_driver,Current time 1681490538 346237659,driver.py,driver,56,"['/imu', '/rosout']"
1681490538.3747966,68572,1681490538,374028205,,2,/imu_driver,Current time 1681490538 372714757,driver.py,driver,56,"['/imu', '/rosout']"
1681490538.40029,68573,1681490538,399840831,,2,/imu_driver,Current time 1681490538 397995233,driver.py,driver,56,"['/imu', '/rosout']"
1681490538.4070137,19,1681490538,406788228,,4,/record_1681490238361869733,Less than 5 x 1G of space free on disk with '2023-04-14-12-37-18.bag.active'.,/tmp/binarydeb/ros-noetic-rosbag-1.15.15/src/recorder.cpp,Recorder::checkDisk,771,['/rosout']
1681490538.423277,68574,1681490538,422447443,,2,/imu_driver,Current time 1681490538 421017408,driver.py,driver,56,"['/imu', '/rosout']"
1681490538.448305,68575,1681490538,447478294,,2,/imu_driver,Current time 1681490538 445495128,driver.py,driver,56,"['/imu', '/rosout']"
1681490538.4764607,68576,1681490538,475504159,,2,/imu_driver,Current time 1681490538 472993135,driver.py,driver,56,"['/imu', '/rosout']"
1681490538.4984472,68577,1681490538,497814178,,2,/imu_driver,Current time 1681490538 496382951,driver.py,driver,56,"['/imu', '/rosout']"
1681490538.5257275,68578,1681490538,525055408,,2,/imu_driver,Current time 1681490538 523517608,driver.py,driver,56,"['/imu', '/rosout']"
1681490538.5489357,68579,1681490538,547585248,,2,/imu_driver,Current time 1681490538 545964241,driver.py,driver,56,"['/imu', '/rosout']"
1681490538.573109,68580,1681490538,572434425,,2,/imu_driver,Current time 1681490538 570993661,driver.py,driver,56,"['/imu', '/rosout']"
1681490538.6011498,68581,1681490538,599529027,,2,/imu_driver,Current time 1681490538 597462177,driver.py,driver,56,"['/imu', '/rosout']"
1681490538.6229656,68582,1681490538,622338056,,2,/imu_driver,Current time 1681490538 620980262,driver.py,driver,56,"['/imu', '/rosout']"
1681490538.648405,68583,1681490538,647761344,,2,/imu_driver,Current time 1681490538 646069526,driver.py,driver,56,"['/imu', '/rosout']"
1681490538.6733856,68584,1681490538,672630071,,2,/imu_driver,Current time 1681490538 670907735,driver.py,driver,56,"['/imu', '/rosout']"
1681490538.6980674,68585,1681490538,697377443,,2,/imu_driver,Current time 1681490538 695845127,driver.py,driver,56,"['/imu', '/rosout']"
1681490538.7230475,68586,1681490538,722232341,,2,/imu_driver,Current time 1681490538 720844745,driver.py,driver,56,"['/imu', '/rosout']"
1681490538.7515337,68587,1681490538,750570535,,2,/imu_driver,Current time 1681490538 749048471,driver.py,driver,56,"['/imu', '/rosout']"
1681490538.7745225,68588,1681490538,773797750,,2,/imu_driver,Current time 1681490538 772321462,driver.py,driver,56,"['/imu', '/rosout']"
1681490538.7974696,68589,1681490538,797215700,,2,/imu_driver,Current time 1681490538 795816898,driver.py,driver,56,"['/imu', '/rosout']"
1681490538.8229828,68590,1681490538,822278261,,2,/imu_driver,Current time 1681490538 820919990,driver.py,driver,56,"['/imu', '/rosout']"
1681490538.8473792,68591,1681490538,846932411,,2,/imu_driver,Current time 1681490538 845951557,driver.py,driver,56,"['/imu', '/rosout']"
1681490538.8726325,68592,1681490538,872083187,,2,/imu_driver,Current time 1681490538 870982646,driver.py,driver,56,"['/imu', '/rosout']"
1681490538.8982806,68593,1681490538,897399663,,2,/imu_driver,Current time 1681490538 896061420,driver.py,driver,56,"['/imu', '/rosout']"
1681490538.9262862,68594,1681490538,925466537,,2,/imu_driver,Current time 1681490538 921334981,driver.py,driver,56,"['/imu', '/rosout']"
1681490538.9473855,68595,1681490538,946809053,,2,/imu_driver,Current time 1681490538 945817947,driver.py,driver,56,"['/imu', '/rosout']"
1681490538.972452,68596,1681490538,971918106,,2,/imu_driver,Current time 1681490538 970897674,driver.py,driver,56,"['/imu', '/rosout']"
1681490538.9979794,68597,1681490538,997247457,,2,/imu_driver,Current time 1681490538 995779991,driver.py,driver,56,"['/imu', '/rosout']"
1681490539.0222983,68598,1681490539,21772861,,2,/imu_driver,Current time 1681490539 20836353,driver.py,driver,56,"['/imu', '/rosout']"
1681490539.0469458,68599,1681490539,46646118,,2,/imu_driver,Current time 1681490539 45606136,driver.py,driver,56,"['/imu', '/rosout']"
1681490539.0722706,68600,1681490539,71858644,,2,/imu_driver,Current time 1681490539 70768594,driver.py,driver,56,"['/imu', '/rosout']"
1681490539.0970402,68601,1681490539,96844911,,2,/imu_driver,Current time 1681490539 95709800,driver.py,driver,56,"['/imu', '/rosout']"
1681490539.1222842,68602,1681490539,121824741,,2,/imu_driver,Current time 1681490539 120677232,driver.py,driver,56,"['/imu', '/rosout']"
1681490539.147935,68603,1681490539,146759271,,2,/imu_driver,Current time 1681490539 145587921,driver.py,driver,56,"['/imu', '/rosout']"
1681490539.172037,68604,1681490539,171732187,,2,/imu_driver,Current time 1681490539 170737743,driver.py,driver,56,"['/imu', '/rosout']"
1681490539.1970518,68605,1681490539,196805953,,2,/imu_driver,Current time 1681490539 195770978,driver.py,driver,56,"['/imu', '/rosout']"
1681490539.2219813,68606,1681490539,221707820,,2,/imu_driver,Current time 1681490539 220677614,driver.py,driver,56,"['/imu', '/rosout']"
1681490539.2501469,68607,1681490539,249508380,,2,/imu_driver,Current time 1681490539 246074676,driver.py,driver,56,"['/imu', '/rosout']"
1681490539.2719975,68608,1681490539,271673679,,2,/imu_driver,Current time 1681490539 270619392,driver.py,driver,56,"['/imu', '/rosout']"
1681490539.2971773,68609,1681490539,296569108,,2,/imu_driver,Current time 1681490539 295617103,driver.py,driver,56,"['/imu', '/rosout']"
1681490539.3220758,68610,1681490539,321536064,,2,/imu_driver,Current time 1681490539 320449352,driver.py,driver,56,"['/imu', '/rosout']"
1681490539.3511167,68611,1681490539,350538730,,2,/imu_driver,Current time 1681490539 345961570,driver.py,driver,56,"['/imu', '/rosout']"
1681490539.372043,68612,1681490539,371830463,,2,/imu_driver,Current time 1681490539 370576381,driver.py,driver,56,"['/imu', '/rosout']"
1681490539.398414,68613,1681490539,398011684,,2,/imu_driver,Current time 1681490539 396526336,driver.py,driver,56,"['/imu', '/rosout']"
1681490539.4215977,68614,1681490539,421392202,,2,/imu_driver,Current time 1681490539 420594453,driver.py,driver,56,"['/imu', '/rosout']"
1681490539.446551,68615,1681490539,446345329,,2,/imu_driver,Current time 1681490539 445385694,driver.py,driver,56,"['/imu', '/rosout']"
1681490539.4716673,68616,1681490539,471446514,,2,/imu_driver,Current time 1681490539 470495462,driver.py,driver,56,"['/imu', '/rosout']"
1681490539.4982324,68617,1681490539,497841596,,2,/imu_driver,Current time 1681490539 495684146,driver.py,driver,56,"['/imu', '/rosout']"
1681490539.521727,68618,1681490539,521479606,,2,/imu_driver,Current time 1681490539 520418405,driver.py,driver,56,"['/imu', '/rosout']"
1681490539.546719,68619,1681490539,546463966,,2,/imu_driver,Current time 1681490539 545369148,driver.py,driver,56,"['/imu', '/rosout']"
1681490539.57195,68620,1681490539,571566343,,2,/imu_driver,Current time 1681490539 570300340,driver.py,driver,56,"['/imu', '/rosout']"
1681490539.5980144,68621,1681490539,597716331,,2,/imu_driver,Current time 1681490539 596197605,driver.py,driver,56,"['/imu', '/rosout']"
1681490539.6221282,68622,1681490539,621852636,,2,/imu_driver,Current time 1681490539 620558500,driver.py,driver,56,"['/imu', '/rosout']"
1681490539.649192,68623,1681490539,646651744,,2,/imu_driver,Current time 1681490539 645353317,driver.py,driver,56,"['/imu', '/rosout']"
1681490539.6717594,68624,1681490539,671360969,,2,/imu_driver,Current time 1681490539 670344591,driver.py,driver,56,"['/imu', '/rosout']"
1681490539.6968262,68625,1681490539,696595430,,2,/imu_driver,Current time 1681490539 695316553,driver.py,driver,56,"['/imu', '/rosout']"
1681490539.7236238,68626,1681490539,722347021,,2,/imu_driver,Current time 1681490539 720104217,driver.py,driver,56,"['/imu', '/rosout']"
1681490539.7470624,68627,1681490539,746484994,,2,/imu_driver,Current time 1681490539 745227336,driver.py,driver,56,"['/imu', '/rosout']"
1681490539.7719119,68628,1681490539,771324396,,2,/imu_driver,Current time 1681490539 770247697,driver.py,driver,56,"['/imu', '/rosout']"
1681490539.7967048,68629,1681490539,796320438,,2,/imu_driver,Current time 1681490539 795320987,driver.py,driver,56,"['/imu', '/rosout']"
1681490539.822894,68630,1681490539,822394371,,2,/imu_driver,Current time 1681490539 821190595,driver.py,driver,56,"['/imu', '/rosout']"
1681490539.846748,68631,1681490539,846300840,,2,/imu_driver,Current time 1681490539 845234394,driver.py,driver,56,"['/imu', '/rosout']"
1681490539.8723462,68632,1681490539,872151613,,2,/imu_driver,Current time 1681490539 871093750,driver.py,driver,56,"['/imu', '/rosout']"
1681490539.8976135,68633,1681490539,897421121,,2,/imu_driver,Current time 1681490539 896064758,driver.py,driver,56,"['/imu', '/rosout']"
1681490539.922322,68634,1681490539,922130346,,2,/imu_driver,Current time 1681490539 921073436,driver.py,driver,56,"['/imu', '/rosout']"
1681490539.9472823,68635,1681490539,947069406,,2,/imu_driver,Current time 1681490539 946045160,driver.py,driver,56,"['/imu', '/rosout']"
1681490539.972638,68636,1681490539,972317695,,2,/imu_driver,Current time 1681490539 971210718,driver.py,driver,56,"['/imu', '/rosout']"
1681490539.9977517,68637,1681490539,997507572,,2,/imu_driver,Current time 1681490539 996082067,driver.py,driver,56,"['/imu', '/rosout']"
1681490540.02247,68638,1681490540,22237539,,2,/imu_driver,Current time 1681490540 21021366,driver.py,driver,56,"['/imu', '/rosout']"
1681490540.047314,68639,1681490540,47122955,,2,/imu_driver,Current time 1681490540 46001434,driver.py,driver,56,"['/imu', '/rosout']"
1681490540.0725987,68640,1681490540,72131156,,2,/imu_driver,Current time 1681490540 71085453,driver.py,driver,56,"['/imu', '/rosout']"
1681490540.098105,68641,1681490540,97093105,,2,/imu_driver,Current time 1681490540 95991134,driver.py,driver,56,"['/imu', '/rosout']"
1681490540.129862,68642,1681490540,126430511,,2,/imu_driver,Current time 1681490540 121488571,driver.py,driver,56,"['/imu', '/rosout']"
1681490540.1606925,68643,1681490540,154270648,,2,/imu_driver,Current time 1681490540 147736310,driver.py,driver,56,"['/imu', '/rosout']"
1681490540.184404,68644,1681490540,181512594,,2,/imu_driver,Current time 1681490540 177752256,driver.py,driver,56,"['/imu', '/rosout']"
1681490540.203191,68645,1681490540,201477527,,2,/imu_driver,Current time 1681490540 196444988,driver.py,driver,56,"['/imu', '/rosout']"
1681490540.2225044,68646,1681490540,221889734,,2,/imu_driver,Current time 1681490540 220862150,driver.py,driver,56,"['/imu', '/rosout']"
1681490540.2481563,68647,1681490540,247440814,,2,/imu_driver,Current time 1681490540 246145963,driver.py,driver,56,"['/imu', '/rosout']"
1681490540.2728276,68648,1681490540,272055149,,2,/imu_driver,Current time 1681490540 270897150,driver.py,driver,56,"['/imu', '/rosout']"
1681490540.298066,68649,1681490540,297017812,,2,/imu_driver,Current time 1681490540 295933246,driver.py,driver,56,"['/imu', '/rosout']"
1681490540.322727,68650,1681490540,322016000,,2,/imu_driver,Current time 1681490540 320827960,driver.py,driver,56,"['/imu', '/rosout']"
1681490540.3474662,68651,1681490540,346930742,,2,/imu_driver,Current time 1681490540 345898151,driver.py,driver,56,"['/imu', '/rosout']"
1681490540.3722343,68652,1681490540,371932506,,2,/imu_driver,Current time 1681490540 370859622,driver.py,driver,56,"['/imu', '/rosout']"
1681490540.3989165,68653,1681490540,398101568,,2,/imu_driver,Current time 1681490540 395713090,driver.py,driver,56,"['/imu', '/rosout']"
1681490540.4219496,68654,1681490540,421569347,,2,/imu_driver,Current time 1681490540 420784711,driver.py,driver,56,"['/imu', '/rosout']"
1681490540.4471986,68655,1681490540,446689605,,2,/imu_driver,Current time 1681490540 445718050,driver.py,driver,56,"['/imu', '/rosout']"
1681490540.4721844,68656,1681490540,471698999,,2,/imu_driver,Current time 1681490540 470748901,driver.py,driver,56,"['/imu', '/rosout']"
1681490540.498022,68657,1681490540,497249841,,2,/imu_driver,Current time 1681490540 495771408,driver.py,driver,56,"['/imu', '/rosout']"
1681490540.5224743,68658,1681490540,521836519,,2,/imu_driver,Current time 1681490540 520742177,driver.py,driver,56,"['/imu', '/rosout']"
1681490540.5471773,68659,1681490540,546712398,,2,/imu_driver,Current time 1681490540 545695543,driver.py,driver,56,"['/imu', '/rosout']"
1681490540.5724387,68660,1681490540,571840286,,2,/imu_driver,Current time 1681490540 570701837,driver.py,driver,56,"['/imu', '/rosout']"
1681490540.598527,68661,1681490540,597906589,,2,/imu_driver,Current time 1681490540 596284627,driver.py,driver,56,"['/imu', '/rosout']"
1681490540.623243,68662,1681490540,622909545,,2,/imu_driver,Current time 1681490540 621584177,driver.py,driver,56,"['/imu', '/rosout']"
1681490540.64721,68663,1681490540,646841526,,2,/imu_driver,Current time 1681490540 645560741,driver.py,driver,56,"['/imu', '/rosout']"
1681490540.6722534,68664,1681490540,671549081,,2,/imu_driver,Current time 1681490540 670619964,driver.py,driver,56,"['/imu', '/rosout']"
1681490540.697392,68665,1681490540,696717262,,2,/imu_driver,Current time 1681490540 695548534,driver.py,driver,56,"['/imu', '/rosout']"
1681490540.722394,68666,1681490540,722097158,,2,/imu_driver,Current time 1681490540 720756292,driver.py,driver,56,"['/imu', '/rosout']"
1681490540.748188,68667,1681490540,747302770,,2,/imu_driver,Current time 1681490540 745813608,driver.py,driver,56,"['/imu', '/rosout']"
1681490540.77203,68668,1681490540,771766424,,2,/imu_driver,Current time 1681490540 770512104,driver.py,driver,56,"['/imu', '/rosout']"
1681490540.7970443,68669,1681490540,796637535,,2,/imu_driver,Current time 1681490540 795448541,driver.py,driver,56,"['/imu', '/rosout']"
1681490540.8229384,68670,1681490540,821939468,,2,/imu_driver,Current time 1681490540 820806741,driver.py,driver,56,"['/imu', '/rosout']"
1681490540.8482828,68671,1681490540,847018957,,2,/imu_driver,Current time 1681490540 845682144,driver.py,driver,56,"['/imu', '/rosout']"
1681490540.872009,68672,1681490540,871823310,,2,/imu_driver,Current time 1681490540 870618820,driver.py,driver,56,"['/imu', '/rosout']"
1681490540.8977523,68673,1681490540,896901130,,2,/imu_driver,Current time 1681490540 895340204,driver.py,driver,56,"['/imu', '/rosout']"
1681490540.9214869,68674,1681490540,921279430,,2,/imu_driver,Current time 1681490540 920309066,driver.py,driver,56,"['/imu', '/rosout']"
1681490540.946498,68675,1681490540,946290969,,2,/imu_driver,Current time 1681490540 945379734,driver.py,driver,56,"['/imu', '/rosout']"
1681490540.9714448,68676,1681490540,971189975,,2,/imu_driver,Current time 1681490540 970273733,driver.py,driver,56,"['/imu', '/rosout']"
1681490540.996982,68677,1681490540,996607780,,2,/imu_driver,Current time 1681490540 995247364,driver.py,driver,56,"['/imu', '/rosout']"
1681490541.0217116,68678,1681490541,21494865,,2,/imu_driver,Current time 1681490541 20302772,driver.py,driver,56,"['/imu', '/rosout']"
1681490541.046392,68679,1681490541,46176910,,2,/imu_driver,Current time 1681490541 45248508,driver.py,driver,56,"['/imu', '/rosout']"
1681490541.0714648,68680,1681490541,71254968,,2,/imu_driver,Current time 1681490541 70183992,driver.py,driver,56,"['/imu', '/rosout']"
1681490541.0966988,68681,1681490541,96389055,,2,/imu_driver,Current time 1681490541 95223903,driver.py,driver,56,"['/imu', '/rosout']"
1681490541.1218607,68682,1681490541,121658325,,2,/imu_driver,Current time 1681490541 120620250,driver.py,driver,56,"['/imu', '/rosout']"
1681490541.1473591,68683,1681490541,147081613,,2,/imu_driver,Current time 1681490541 145721673,driver.py,driver,56,"['/imu', '/rosout']"
1681490541.1713946,68684,1681490541,171184778,,2,/imu_driver,Current time 1681490541 170198202,driver.py,driver,56,"['/imu', '/rosout']"
1681490541.1966665,68685,1681490541,196180582,,2,/imu_driver,Current time 1681490541 195174217,driver.py,driver,56,"['/imu', '/rosout']"
1681490541.2228687,68686,1681490541,222278594,,2,/imu_driver,Current time 1681490541 221254348,driver.py,driver,56,"['/imu', '/rosout']"
1681490541.2470822,68687,1681490541,246470451,,2,/imu_driver,Current time 1681490541 245124340,driver.py,driver,56,"['/imu', '/rosout']"
1681490541.272829,68688,1681490541,272274732,,2,/imu_driver,Current time 1681490541 271107673,driver.py,driver,56,"['/imu', '/rosout']"
1681490541.2965517,68689,1681490541,296144247,,2,/imu_driver,Current time 1681490541 295159578,driver.py,driver,56,"['/imu', '/rosout']"
1681490541.3223865,68690,1681490541,322082042,,2,/imu_driver,Current time 1681490541 321014881,driver.py,driver,56,"['/imu', '/rosout']"
1681490541.349924,68691,1681490541,349220752,,2,/imu_driver,Current time 1681490541 347963571,driver.py,driver,56,"['/imu', '/rosout']"
